-144.747
-139.583
-138.018
-137.029
-136.223
-135.505
-134.697
-134.182
-133.723
-133.083
-132.508
-132.072
-131.593
-131.147
-130.786
-130.381
-130.002
-129.584
-129.114
-128.737
-128.336
-127.892
-127.525
-127.149
-126.814
-126.423
-126.078
-125.715
-125.287
-124.944
-124.565
-124.183
-123.829
-123.45
-123.041
-122.641
-122.197
-121.788
-121.403
-120.97
-120.5
-120.027
-119.578
-119.095
-118.566
-118.095
-117.618
-117.16
-116.715
-116.245
-115.732
-115.231
-114.748
-114.313
-113.719
-113.144
-112.696
-112.259
-111.873
-111.531
-111.155
-110.826
-110.472
-110.094
-109.679
-109.265
-108.839
-108.412
-107.935
-107.42
-106.899
-106.429
-105.93
-105.392
-104.785
-104.15
-103.58
-102.936
-102.291
-101.712
-100.968
-100.102
-99.1778
-98.1303
-97.2346
-96.1768
-95.003
-94.1057
-93.1127
-92.0608
-90.9171
-89.5229
-88.1591
-86.6934
-85.4717
-83.8088
-81.4317
-78.4803
-73.3329
-66.2415
-57.8832
