-124.733
-117.418
-116.069
-114.998
-114.104
-113.384
-112.732
-112.207
-111.684
-111.266
-110.882
-110.431
-110.112
-109.812
-109.456
-109.164
-108.927
-108.714
-108.479
-108.244
-108.019
-107.815
-107.645
-107.429
-107.218
-107.035
-106.845
-106.664
-106.5
-106.33
-106.175
-106.013
-105.856
-105.697
-105.537
-105.37
-105.237
-105.117
-104.964
-104.811
-104.654
-104.497
-104.346
-104.195
-104.058
-103.925
-103.767
-103.621
-103.482
-103.347
-103.214
-103.059
-102.929
-102.814
-102.682
-102.521
-102.383
-102.22
-102.087
-101.967
-101.823
-101.671
-101.558
-101.42
-101.259
-101.111
-100.964
-100.825
-100.677
-100.52
-100.362
-100.198
-100.065
-99.8957
-99.7251
-99.5572
-99.381
-99.2027
-99.0187
-98.8331
-98.645
-98.4242
-98.2374
-98.0589
-97.8327
-97.5737
-97.2819
-97.0433
-96.7799
-96.4633
-96.1529
-95.8112
-95.49
-95.1459
-94.7196
-94.365
-93.9276
-93.4645
-92.8927
-92.2151
-88.658
