-128.867
-120.565
-118.315
-116.981
-115.689
-114.733
-113.888
-113.269
-112.655
-112.035
-111.601
-111.125
-110.579
-110.117
-109.598
-109.224
-108.865
-108.53
-108.191
-107.853
-107.459
-107.122
-106.783
-106.43
-106.068
-105.73
-105.448
-105.141
-104.796
-104.455
-104.139
-103.79
-103.508
-103.189
-102.898
-102.584
-102.274
-101.998
-101.68
-101.376
-101.072
-100.742
-100.396
-100.084
-99.7451
-99.4822
-99.1677
-98.8396
-98.4997
-98.1653
-97.8092
-97.4762
-97.1096
-96.7022
-96.288
-95.9355
-95.6127
-95.2089
-94.7362
-94.3241
-93.8551
-93.501
-93.1035
-92.6126
-92.1458
-91.6724
-91.2109
-90.7571
-90.2373
-89.7142
-89.2319
-88.6394
-88.0353
-87.4744
-86.924
-86.4066
-85.8566
-85.2049
-84.6235
-84.0803
-83.3939
-82.8453
-82.1889
-81.5455
-80.8205
-80.1094
-79.4617
-78.8172
-77.974
-77.1527
-76.1665
-75.1308
-74.2289
-72.9452
-71.559
-69.7603
-67.9985
-64.8201
-61.7326
-57.0416
-41.6811
