-120.937
-115.313
-113.845
-112.715
-111.849
-111.234
-110.666
-110.122
-109.781
-109.351
-108.949
-108.667
-108.361
-108.128
-107.827
-107.608
-107.371
-107.148
-106.973
-106.737
-106.545
-106.362
-106.163
-105.979
-105.791
-105.627
-105.467
-105.313
-105.145
-105.011
-104.862
-104.677
-104.535
-104.37
-104.213
-104.09
-103.944
-103.799
-103.652
-103.512
-103.364
-103.244
-103.124
-102.976
-102.842
-102.72
-102.608
-102.465
-102.312
-102.164
-102.028
-101.902
-101.762
-101.614
-101.498
-101.37
-101.242
-101.118
-100.998
-100.852
-100.707
-100.584
-100.444
-100.294
-100.17
-100.037
-99.8869
-99.7518
-99.5932
-99.4288
-99.2805
-99.1401
-98.9959
-98.8431
-98.6979
-98.5151
-98.3716
-98.2153
-98.0636
-97.9259
-97.7527
-97.5836
-97.3849
-97.1764
-97.0029
-96.7963
-96.6058
-96.337
-96.0861
-95.8515
-95.5951
-95.3059
-94.9929
-94.6779
-94.3288
-93.969
-93.5749
-93.0989
-92.5552
-91.7564
-83.7372
