-123.154
-116.191
-114.701
-113.632
-112.766
-112.086
-111.508
-111.015
-110.544
-110.149
-109.766
-109.372
-109.049
-108.784
-108.506
-108.28
-108.046
-107.831
-107.642
-107.403
-107.18
-107.004
-106.803
-106.628
-106.442
-106.261
-106.079
-105.917
-105.755
-105.602
-105.456
-105.292
-105.171
-105.031
-104.879
-104.702
-104.552
-104.38
-104.26
-104.151
-104.001
-103.864
-103.726
-103.587
-103.461
-103.315
-103.2
-103.059
-102.935
-102.811
-102.681
-102.551
-102.419
-102.291
-102.156
-102.031
-101.898
-101.762
-101.629
-101.524
-101.379
-101.257
-101.151
-101.012
-100.865
-100.733
-100.615
-100.459
-100.308
-100.181
-100.047
-99.8939
-99.7249
-99.5687
-99.4328
-99.2655
-99.1081
-98.9273
-98.736
-98.5535
-98.3735
-98.216
-98.0465
-97.8309
-97.6213
-97.3269
-97.1057
-96.8596
-96.5998
-96.2379
-95.9602
-95.6592
-95.3228
-94.9601
-94.5663
-94.2058
-93.7601
-93.2975
-92.7484
-91.9841
-88.6164
