-128.819
-120.506
-118.305
-116.96
-115.675
-114.716
-113.867
-113.255
-112.647
-112.015
-111.591
-111.116
-110.573
-110.106
-109.577
-109.221
-108.861
-108.523
-108.158
-107.849
-107.439
-107.105
-106.778
-106.416
-106.058
-105.723
-105.446
-105.14
-104.785
-104.448
-104.133
-103.786
-103.498
-103.187
-102.895
-102.581
-102.274
-101.996
-101.676
-101.368
-101.068
-100.728
-100.39
-100.078
-99.7402
-99.4816
-99.1658
-98.8344
-98.4966
-98.1601
-97.8087
-97.4737
-97.1081
-96.7
-96.2821
-95.9354
-95.6114
-95.2042
-94.7352
-94.3115
-93.8549
-93.5007
-93.0875
-92.612
-92.1449
-91.6723
-91.2058
-90.7545
-90.2325
-89.6899
-89.2275
-88.6383
-88.0329
-87.4653
-86.916
-86.4043
-85.8534
-85.2016
-84.6167
-84.0638
-83.3848
-82.8335
-82.1815
-81.523
-80.8113
-80.1093
-79.4607
-78.8162
-77.9663
-77.1362
-76.1659
-75.1161
-74.2278
-72.9278
-71.5583
-69.76
-67.998
-64.8194
-61.7177
-57.0416
-41.6811
