-112.633
-108.573
-107.445
-106.622
-106.028
-105.552
-105.058
-104.653
-104.264
-103.897
-103.535
-103.155
-102.887
-102.602
-102.31
-102.015
-101.75
-101.461
-101.238
-101.007
-100.714
-100.468
-100.253
-99.9953
-99.7937
-99.61
-99.3869
-99.1324
-98.9032
-98.6696
-98.4233
-98.1812
-97.9585
-97.7268
-97.5089
-97.3134
-97.0882
-96.8445
-96.6127
-96.3902
-96.1618
-95.9159
-95.6727
-95.4611
-95.2407
-95.0215
-94.7658
-94.4771
-94.2404
-93.9404
-93.6536
-93.3573
-93.0673
-92.7435
-92.4748
-92.1888
-91.8655
-91.528
-91.1854
-90.8105
-90.4399
-90.0368
-89.6066
-89.179
-88.7037
-88.227
-87.7907
-87.1545
-86.4808
-85.7901
-85.0798
-84.3461
-83.4395
-82.5291
-81.543
-80.5463
-79.5312
-78.5123
-77.5961
-76.8569
-76.319
-75.8359
-75.3577
-74.842
-74.3875
-73.9481
-73.4554
-72.9402
-72.3845
-71.9361
-71.1408
-70.3521
-69.4428
-68.5098
-67.3107
-65.6002
-63.7184
-61.3383
-58.368
-53.895
-41.6039
