-124.747
-117.615
-116.107
-115.024
-114.18
-113.418
-112.756
-112.236
-111.725
-111.291
-110.898
-110.455
-110.128
-109.822
-109.469
-109.18
-108.939
-108.74
-108.488
-108.254
-108.03
-107.826
-107.666
-107.45
-107.232
-107.048
-106.855
-106.674
-106.505
-106.337
-106.184
-106.025
-105.861
-105.707
-105.542
-105.373
-105.242
-105.12
-104.97
-104.816
-104.658
-104.513
-104.348
-104.2
-104.065
-103.926
-103.772
-103.624
-103.486
-103.35
-103.216
-103.061
-102.936
-102.819
-102.685
-102.526
-102.385
-102.235
-102.093
-101.972
-101.829
-101.671
-101.558
-101.423
-101.26
-101.118
-100.967
-100.828
-100.679
-100.526
-100.365
-100.198
-100.066
-99.8966
-99.7275
-99.5575
-99.3811
-99.2027
-99.019
-98.8343
-98.649
-98.4295
-98.2396
-98.0589
-97.8332
-97.5774
-97.2823
-97.0433
-96.7807
-96.4763
-96.153
-95.8114
-95.4901
-95.1461
-94.7199
-94.366
-93.9277
-93.4645
-92.8928
-92.2155
-88.658
