-124.751
-117.648
-116.152
-115.025
-114.18
-113.434
-112.771
-112.24
-111.736
-111.294
-110.908
-110.472
-110.137
-109.824
-109.473
-109.184
-108.944
-108.74
-108.489
-108.256
-108.046
-107.834
-107.671
-107.451
-107.237
-107.051
-106.856
-106.681
-106.51
-106.339
-106.186
-106.026
-105.864
-105.709
-105.546
-105.373
-105.242
-105.122
-104.972
-104.817
-104.659
-104.513
-104.349
-104.203
-104.066
-103.93
-103.774
-103.624
-103.488
-103.35
-103.218
-103.062
-102.937
-102.821
-102.686
-102.526
-102.386
-102.235
-102.094
-101.972
-101.829
-101.672
-101.561
-101.424
-101.263
-101.118
-100.967
-100.83
-100.681
-100.527
-100.365
-100.198
-100.067
-99.898
-99.7275
-99.5578
-99.3819
-99.2027
-99.0191
-98.837
-98.649
-98.4297
-98.2397
-98.0589
-97.8333
-97.5776
-97.2824
-97.0433
-96.7809
-96.4763
-96.1532
-95.8114
-95.4901
-95.1461
-94.7201
-94.3668
-93.9277
-93.4645
-92.8928
-92.2195
-88.658
