-124.564
-117.16
-115.608
-114.617
-113.799
-113.029
-112.433
-111.965
-111.413
-111.002
-110.608
-110.212
-109.901
-109.574
-109.243
-109.014
-108.779
-108.554
-108.337
-108.095
-107.898
-107.708
-107.498
-107.303
-107.12
-106.916
-106.746
-106.571
-106.395
-106.245
-106.072
-105.909
-105.755
-105.614
-105.453
-105.296
-105.158
-105.042
-104.891
-104.73
-104.586
-104.425
-104.281
-104.139
-103.993
-103.854
-103.709
-103.562
-103.426
-103.305
-103.168
-103.018
-102.885
-102.759
-102.629
-102.461
-102.332
-102.169
-102.048
-101.919
-101.771
-101.638
-101.503
-101.365
-101.223
-101.066
-100.918
-100.786
-100.635
-100.479
-100.321
-100.164
-100.025
-99.859
-99.6907
-99.532
-99.3525
-99.171
-98.9809
-98.8088
-98.6108
-98.4128
-98.2156
-98.0403
-97.8149
-97.5505
-97.2553
-97.0289
-96.7706
-96.4494
-96.1237
-95.8029
-95.4812
-95.1298
-94.7193
-94.3583
-93.9226
-93.4501
-92.892
-92.2151
-88.658
