-128.672
-120.407
-118.274
-116.887
-115.627
-114.659
-113.85
-113.22
-112.609
-111.969
-111.534
-111.062
-110.547
-110.072
-109.558
-109.196
-108.824
-108.488
-108.125
-107.816
-107.404
-107.048
-106.755
-106.389
-106.049
-105.705
-105.424
-105.102
-104.759
-104.422
-104.112
-103.77
-103.488
-103.168
-102.878
-102.571
-102.256
-101.98
-101.663
-101.352
-101.059
-100.716
-100.386
-100.071
-99.7266
-99.4693
-99.1532
-98.8104
-98.4903
-98.1431
-97.8024
-97.4638
-97.1031
-96.6929
-96.269
-95.9335
-95.604
-95.1906
-94.7267
-94.2995
-93.8502
-93.4738
-93.0648
-92.6027
-92.1325
-91.6394
-91.1741
-90.7268
-90.2214
-89.6847
-89.1996
-88.5459
-88.0112
-87.4398
-86.8943
-86.3901
-85.8307
-85.1732
-84.5888
-84.0161
-83.3496
-82.8172
-82.1607
-81.4965
-80.7822
-80.096
-79.426
-78.7491
-77.9522
-77.1256
-76.154
-75.1161
-74.2212
-72.9005
-71.5563
-69.7593
-67.9967
-64.8174
-61.6997
-57.0414
-41.681
