-128.883
-120.58
-118.327
-116.984
-115.694
-114.738
-113.893
-113.271
-112.658
-112.049
-111.61
-111.126
-110.581
-110.12
-109.604
-109.224
-108.867
-108.531
-108.191
-107.854
-107.46
-107.122
-106.784
-106.432
-106.069
-105.731
-105.449
-105.143
-104.798
-104.456
-104.145
-103.793
-103.508
-103.19
-102.899
-102.585
-102.274
-101.998
-101.68
-101.377
-101.073
-100.745
-100.398
-100.084
-99.7498
-99.4824
-99.1682
-98.8416
-98.5
-98.1654
-97.8094
-97.4778
-97.11
-96.7026
-96.2905
-95.936
-95.6148
-95.2104
-94.7366
-94.3241
-93.8551
-93.501
-93.1051
-92.6166
-92.1462
-91.6725
-91.211
-90.7601
-90.2382
-89.7143
-89.232
-88.6394
-88.0442
-87.4744
-86.9287
-86.4228
-85.8575
-85.2059
-84.6258
-84.0846
-83.3954
-82.8454
-82.1905
-81.5496
-80.8229
-80.1094
-79.4633
-78.8172
-77.9777
-77.1534
-76.1667
-75.1308
-74.2292
-72.9507
-71.5608
-69.7604
-67.9986
-64.8203
-61.7373
-57.0416
-41.6811
