-128.234
-120.174
-118.139
-116.618
-115.363
-114.528
-113.701
-113.08
-112.491
-111.851
-111.374
-110.91
-110.444
-109.946
-109.441
-109.085
-108.737
-108.412
-108.052
-107.712
-107.326
-106.973
-106.666
-106.335
-106.013
-105.657
-105.37
-105.044
-104.69
-104.365
-104.05
-103.701
-103.409
-103.125
-102.852
-102.529
-102.22
-101.948
-101.622
-101.312
-101.03
-100.665
-100.361
-100.039
-99.7079
-99.445
-99.123
-98.7762
-98.4487
-98.1068
-97.7799
-97.4286
-97.0654
-96.6789
-96.2519
-95.9026
-95.5436
-95.1233
-94.6791
-94.2528
-93.8275
-93.4506
-93.0182
-92.5777
-92.026
-91.5832
-91.0935
-90.6495
-90.1621
-89.6591
-89.1298
-88.4979
-87.9194
-87.395
-86.8271
-86.2789
-85.72
-85.0506
-84.5227
-83.9179
-83.249
-82.7294
-82.094
-81.4317
-80.7256
-80.0294
-79.3525
-78.6798
-77.8986
-77.0678
-76.1057
-75.0634
-74.1984
-72.8479
-71.5539
-69.7569
-67.9923
-64.8054
-61.6994
-57.0409
-41.6808
