-117.017
-112.377
-110.945
-110.125
-109.398
-108.858
-108.319
-107.759
-107.342
-106.897
-106.498
-106.174
-105.823
-105.531
-105.27
-104.961
-104.637
-104.323
-104.074
-103.787
-103.555
-103.25
-103.013
-102.69
-102.461
-102.159
-101.937
-101.695
-101.468
-101.231
-100.99
-100.749
-100.516
-100.223
-99.9766
-99.7598
-99.4837
-99.244
-98.9932
-98.72
-98.4512
-98.1805
-97.9683
-97.7077
-97.4319
-97.1892
-96.9665
-96.6519
-96.3417
-95.9772
-95.7284
-95.3936
-95.0797
-94.7518
-94.3699
-94.0329
-93.6302
-93.2912
-92.9648
-92.582
-92.22
-91.8052
-91.3592
-90.8786
-90.4101
-89.8352
-89.3403
-88.7591
-88.0714
-87.3852
-86.5852
-85.8624
-85.1858
-84.3579
-83.5424
-82.633
-81.783
-81.1202
-80.4455
-79.8586
-79.3651
-78.8808
-78.3608
-77.7925
-77.1802
-76.5872
-76.0504
-75.5381
-74.9161
-74.261
-73.6445
-72.9286
-71.8578
-70.7772
-69.2656
-67.8086
-65.7956
-63.4335
-60.0819
-55.7406
-41.6565
