-124.752
-117.661
-116.157
-115.025
-114.194
-113.434
-112.776
-112.247
-111.747
-111.298
-110.917
-110.472
-110.137
-109.826
-109.474
-109.186
-108.944
-108.746
-108.491
-108.266
-108.047
-107.837
-107.671
-107.451
-107.238
-107.054
-106.856
-106.682
-106.51
-106.341
-106.186
-106.03
-105.865
-105.709
-105.546
-105.373
-105.244
-105.122
-104.974
-104.817
-104.659
-104.513
-104.349
-104.205
-104.066
-103.933
-103.774
-103.636
-103.488
-103.35
-103.218
-103.062
-102.937
-102.822
-102.686
-102.53
-102.386
-102.237
-102.094
-101.973
-101.83
-101.673
-101.561
-101.425
-101.265
-101.121
-100.967
-100.83
-100.681
-100.527
-100.366
-100.198
-100.067
-99.899
-99.7275
-99.5579
-99.3822
-99.2027
-99.0192
-98.8371
-98.649
-98.431
-98.2399
-98.0589
-97.8334
-97.5776
-97.2825
-97.0433
-96.7816
-96.4763
-96.1535
-95.8114
-95.4901
-95.1461
-94.7201
-94.3671
-93.9277
-93.4645
-92.8928
-92.2195
-88.658
