-117.575
-112.42
-110.746
-109.714
-108.974
-108.324
-107.801
-107.369
-107.025
-106.695
-106.413
-106.122
-105.825
-105.532
-105.295
-105.091
-104.875
-104.63
-104.453
-104.262
-104.089
-103.92
-103.729
-103.55
-103.407
-103.267
-103.103
-102.94
-102.778
-102.641
-102.482
-102.316
-102.168
-102.014
-101.877
-101.737
-101.616
-101.477
-101.33
-101.184
-101.018
-100.875
-100.756
-100.632
-100.517
-100.373
-100.255
-100.126
-99.9891
-99.8509
-99.709
-99.5693
-99.4114
-99.2818
-99.1524
-99.0104
-98.8883
-98.7629
-98.6161
-98.4838
-98.3542
-98.1766
-97.9911
-97.8336
-97.6823
-97.5383
-97.3439
-97.1708
-97.0067
-96.8275
-96.6678
-96.4959
-96.2971
-96.0931
-95.9042
-95.6888
-95.455
-95.2644
-95.0533
-94.8183
-94.5791
-94.3603
-94.1221
-93.8647
-93.5758
-93.3327
-93.0328
-92.7212
-92.4117
-92.0971
-91.7823
-91.3688
-90.9773
-90.5091
-89.9779
-89.4012
-88.8463
-88.2775
-87.6064
-86.7359
-73.7885
