-7.34489
-2.66639
-1.54305
-0.830047
-0.21553
0.295285
0.666789
1.0261
1.377
1.68348
1.97728
2.23987
2.51915
2.7994
3.01367
3.28253
3.53196
3.74913
3.95932
4.19014
4.49007
4.74231
4.94985
5.15423
5.35308
5.56325
5.78683
5.94714
6.13443
6.33615
6.5302
6.73797
6.9176
7.12653
7.32144
7.53154
7.72269
7.93399
8.12001
8.31114
8.50852
8.67823
8.90064
9.08232
9.2966
9.50796
9.74589
9.95276
10.2035
10.4128
10.5825
10.7859
10.9879
11.2369
11.4426
11.6835
11.9015
12.09
12.31
12.5567
12.8023
13.0505
13.3242
13.5712
13.8548
14.1581
14.4438
14.7568
15.0255
15.3339
15.6213
15.9506
16.2646
16.6158
16.9918
17.3242
17.7577
18.2744
18.8197
19.4005
20.048
20.687
21.2909
21.858
22.5544
23.284
23.929
24.5938
25.2262
25.9095
26.573
27.2786
28.2516
29.167
30.1271
30.9959
31.8984
32.7144
33.6202
34.4756
35.8531
