-6.49269
-1.48229
-0.0821965
0.823986
1.61629
2.28607
2.8702
3.3823
3.76877
4.10963
4.49142
4.86503
5.25692
5.5981
5.93574
6.23837
6.5198
6.8177
7.10724
7.38024
7.65388
7.9022
8.1755
8.49154
8.74834
9.03212
9.34456
9.6164
9.90077
10.1685
10.4581
10.6978
10.9084
11.1443
11.4289
11.6775
11.9115
12.1427
12.4269
12.7133
12.9469
13.215
13.4847
13.7538
13.9999
14.308
14.5461
14.8463
15.1191
15.3721
15.6281
15.892
16.2051
16.5064
16.7908
17.0515
17.3764
17.6992
18.0402
18.3662
18.6209
18.99
19.3237
19.6767
20.076
20.4906
20.8462
21.1895
21.5665
21.947
22.3118
22.6575
22.9848
23.39
23.8195
24.2867
24.7552
25.1568
25.6629
26.1701
26.7371
27.2956
27.8642
28.3873
28.9656
29.5501
30.2374
30.916
31.686
32.4607
33.4736
34.2499
35.1573
36.5032
37.7226
38.8697
40.0796
41.3144
42.6131
44.2828
48.6026
