-28.1494
-18.1179
-16.0007
-14.6273
-13.721
-12.7997
-11.8859
-11.1661
-10.6054
-10.0412
-9.49797
-9.0431
-8.54173
-8.04613
-7.58372
-7.14564
-6.67684
-6.14341
-5.72509
-5.32054
-4.92547
-4.4657
-4.07158
-3.64157
-3.33712
-2.93838
-2.60576
-2.21531
-1.80999
-1.41719
-0.939948
-0.597726
-0.23726
0.11979
0.532227
0.907369
1.30531
1.68163
2.07818
2.49995
2.78107
3.08525
3.43056
3.80665
4.13068
4.47913
4.76535
5.05237
5.35333
5.67361
5.98048
6.29415
6.57763
6.89594
7.15531
7.48096
7.72046
8.00522
8.23651
8.47618
8.6997
8.91031
9.10861
9.3465
9.56887
9.78523
9.95851
10.1545
10.3461
10.5197
10.7002
10.8641
11.0372
11.2075
11.3904
11.5531
11.7523
11.9351
12.0847
12.2341
12.4436
12.5828
12.7724
12.9198
13.078
13.2317
13.4066
13.5895
13.7452
13.8943
14.0534
14.1912
14.3559
14.5108
14.6823
14.8813
15.0956
15.2949
15.5098
15.7514
16.1208
