-28.1504
-18.5509
-16.521
-15.1197
-14.2595
-13.3224
-12.5156
-11.7959
-11.1635
-10.6125
-10.0429
-9.56351
-9.12008
-8.66018
-8.1664
-7.70611
-7.26756
-6.79835
-6.33223
-5.94556
-5.54614
-5.1252
-4.68088
-4.21847
-3.84517
-3.47216
-3.10139
-2.76627
-2.43487
-2.04778
-1.60752
-1.14949
-0.769193
-0.420808
-0.0490166
0.319976
0.743955
1.09957
1.48516
1.91875
2.29514
2.59091
2.95541
3.31987
3.68965
4.03666
4.3529
4.63224
4.89685
5.21224
5.51807
5.76929
6.08154
6.35803
6.63281
6.92682
7.16629
7.41798
7.61767
7.86188
8.07807
8.28577
8.49591
8.69905
8.8984
9.07418
9.25501
9.4919
9.71392
9.88687
10.0615
10.2446
10.4051
10.5949
10.7702
10.929
11.1011
11.2798
11.4625
11.6578
11.8266
12.0008
12.1662
12.3467
12.516
12.6935
12.8943
13.0604
13.2236
13.4177
13.6215
13.8067
13.9812
14.1291
14.3516
14.5588
14.7812
15.007
15.2704
15.5682
16.0453
