-28.1492
-18.0892
-15.928
-14.5857
-13.6167
-12.708
-11.833
-11.08
-10.5549
-9.96757
-9.44634
-8.95953
-8.43169
-7.97799
-7.49168
-7.03511
-6.56961
-6.01232
-5.6151
-5.21428
-4.83103
-4.34565
-3.96868
-3.58237
-3.20636
-2.86181
-2.52904
-2.10606
-1.68032
-1.26944
-0.845028
-0.504015
-0.152832
0.202127
0.635757
1.031
1.42005
1.7948
2.19631
2.55613
2.84548
3.17487
3.53461
3.93301
4.24788
4.56265
4.81866
5.12905
5.43198
5.75702
6.06958
6.38313
6.67609
7.00714
7.28226
7.54777
7.80346
8.0628
8.3139
8.53891
8.77965
8.97221
9.18347
9.4099
9.62005
9.85022
10.0383
10.2439
10.4106
10.595
10.7763
10.9619
11.1223
11.3068
11.4886
11.6712
11.8572
12.0229
12.1825
12.3787
12.5433
12.7029
12.8857
13.0436
13.1888
13.3715
13.5353
13.6967
13.8636
14.0289
14.1467
14.3154
14.4906
14.6354
14.818
14.9976
15.2017
15.3892
15.5938
15.8028
16.1307
