-32.5467
-22.1309
-19.8759
-18.1482
-16.8696
-15.9516
-15.1177
-14.4895
-13.8001
-13.1877
-12.4841
-11.9026
-11.3976
-10.9256
-10.4089
-9.91562
-9.4474
-9.01207
-8.59232
-8.13502
-7.69127
-7.27014
-6.85603
-6.42073
-5.9905
-5.54163
-5.16205
-4.70122
-4.35328
-3.9498
-3.59926
-3.20026
-2.86594
-2.56081
-2.16468
-1.80215
-1.39545
-1.02122
-0.747742
-0.41983
-0.123935
0.240174
0.575189
0.869709
1.23448
1.58099
1.84997
2.18328
2.47176
2.76285
3.07577
3.3897
3.64215
3.93886
4.19988
4.46576
4.7483
5.02176
5.2922
5.56013
5.85264
6.12175
6.37388
6.61803
6.89119
7.1208
7.34533
7.55239
7.82216
8.02261
8.24303
8.50046
8.6826
8.87538
9.05325
9.27041
9.47073
9.68537
9.88942
10.0792
10.2883
10.4574
10.6825
10.8882
11.0965
11.2724
11.4863
11.7355
11.9591
12.1893
12.4159
12.6286
12.8245
13.0709
13.3333
13.6061
13.8963
14.1802
14.5497
15.032
15.9383
