-28.1492
-18.0891
-15.9211
-14.5855
-13.6154
-12.7078
-11.832
-11.0636
-10.551
-9.9504
-9.43297
-8.94992
-8.4162
-7.97327
-7.48849
-7.01795
-6.56105
-6.01036
-5.6137
-5.20684
-4.82355
-4.3398
-3.95987
-3.5728
-3.19405
-2.85649
-2.51724
-2.09879
-1.66921
-1.23746
-0.835388
-0.481871
-0.117761
0.22007
0.642901
1.03717
1.43088
1.8109
2.19721
2.55919
2.85072
3.19248
3.56504
3.9456
4.2536
4.58027
4.83168
5.14207
5.45468
5.76179
6.08239
6.38589
6.68305
7.01749
7.29298
7.56347
7.82474
8.08407
8.32873
8.55936
8.79335
8.98788
9.20038
9.41904
9.62544
9.85536
10.0432
10.2526
10.4233
10.6039
10.7824
10.9726
11.1358
11.315
11.4923
11.6775
11.868
12.0345
12.2007
12.3898
12.5576
12.7144
12.8978
13.0612
13.2104
13.3875
13.556
13.7265
13.8775
14.042
14.1699
14.3407
14.5072
14.6544
14.8401
15.0173
15.2159
15.4099
15.6138
15.826
16.1318
