-6.50835
-1.52227
-0.118982
0.762407
1.57845
2.23196
2.80209
3.30924
3.69025
4.02541
4.40266
4.781
5.15652
5.48171
5.83283
6.11933
6.41255
6.70975
6.97627
7.26723
7.52718
7.79277
8.05596
8.33517
8.60172
8.88137
9.17401
9.45669
9.7204
9.96842
10.2736
10.4961
10.7349
10.9579
11.2071
11.4612
11.6815
11.9202
12.1424
12.4227
12.6838
12.8966
13.1992
13.451
13.6905
13.9297
14.207
14.4637
14.7602
14.9924
15.2611
15.5059
15.7539
16.026
16.2975
16.5683
16.822
17.0719
17.3872
17.6973
17.9995
18.2959
18.5449
18.9065
19.2147
19.5744
19.9428
20.3081
20.6729
21.0109
21.3576
21.7566
22.0931
22.442
22.8134
23.2616
23.6533
24.0319
24.4686
24.8603
25.2768
25.8291
26.3439
26.8627
27.4676
27.996
28.5371
29.1739
29.8028
30.3705
31.0628
31.9199
32.9707
34.0737
35.4462
37.0742
38.5662
39.9068
41.3579
42.7995
46.5091
