-28.1529
-19.8987
-17.6579
-16.2124
-15.0497
-14.2781
-13.4551
-12.6693
-12.0226
-11.4416
-10.922
-10.3734
-9.91365
-9.47267
-9.03428
-8.57685
-8.15055
-7.67899
-7.20288
-6.74968
-6.277
-5.86483
-5.47354
-5.03785
-4.5554
-4.20425
-3.87932
-3.48879
-3.16522
-2.77137
-2.4328
-2.0156
-1.50806
-1.1054
-0.755908
-0.403561
-0.0105198
0.338712
0.789898
1.17383
1.57872
1.95808
2.27426
2.61331
2.91194
3.19528
3.51513
3.82447
4.06336
4.33085
4.56611
4.82438
5.09074
5.36884
5.61318
5.85088
6.11454
6.35233
6.62593
6.90131
7.17056
7.40742
7.63493
7.85387
8.08356
8.31261
8.53601
8.74895
8.96312
9.1489
9.37043
9.57944
9.776
9.95057
10.1259
10.3125
10.4895
10.6525
10.8365
11.0413
11.236
11.4233
11.5756
11.7756
11.9757
12.17
12.3953
12.5528
12.7614
12.9597
13.1423
13.3478
13.5753
13.8041
13.9919
14.199
14.4492
14.691
15.0003
15.3721
15.9944
