-6.49318
-1.48333
-0.0834068
0.82206
1.61521
2.28506
2.86867
3.38217
3.76742
4.10875
4.48779
4.85807
5.24941
5.59721
5.93256
6.23616
6.51268
6.8137
7.10337
7.37759
7.65069
7.89851
8.17272
8.4795
8.7379
9.02533
9.33421
9.61425
9.89927
10.1661
10.4508
10.6967
10.9055
11.1381
11.4277
11.677
11.9056
12.1349
12.4216
12.7057
12.9416
13.2051
13.4824
13.749
13.9919
14.2975
14.5393
14.8366
15.1125
15.3412
15.6217
15.8803
16.19
16.4999
16.7755
17.0394
17.362
17.6767
18.0114
18.336
18.593
18.9527
19.2996
19.6577
20.0304
20.4567
20.8195
21.1599
21.5209
21.9234
22.2604
22.6138
22.9655
23.3458
23.7496
24.2412
24.7124
25.1113
25.637
26.1377
26.6518
27.2369
27.8011
28.3378
28.9036
29.4713
30.1713
30.7348
31.529
32.3382
33.3807
34.1578
35.0454
36.3157
37.4627
38.659
39.8439
41.1231
42.3517
44.0195
48.518
