-28.1492
-18.0891
-15.9213
-14.5855
-13.6154
-12.7078
-11.8321
-11.0647
-10.551
-9.9504
-9.43307
-8.94992
-8.41657
-7.97334
-7.48849
-7.01844
-6.56218
-6.01055
-5.61371
-5.20685
-4.82364
-4.3398
-3.96015
-3.5731
-3.19407
-2.85649
-2.51805
-2.09906
-1.66922
-1.23748
-0.835394
-0.481964
-0.11794
0.219059
0.642191
1.03713
1.4308
1.80989
2.19718
2.55916
2.85067
3.19248
3.56504
3.9456
4.25358
4.5801
4.83164
5.14121
5.45468
5.76166
6.08211
6.38582
6.68305
7.01748
7.29297
7.56344
7.82175
8.08383
8.32872
8.55878
8.79335
8.98705
9.19913
9.41793
9.62542
9.85532
10.0432
10.2511
10.4233
10.6038
10.7823
10.9725
11.1357
11.3147
11.4923
11.6773
11.8679
12.0345
12.2
12.3893
12.5574
12.7141
12.8978
13.0612
13.2104
13.3875
13.5553
13.7265
13.8748
14.042
14.1693
14.34
14.5069
14.6538
14.839
15.0159
15.2156
15.4091
15.6105
15.8258
16.1318
