-6.4927
-1.48231
-0.0822229
0.823944
1.61627
2.28606
2.87017
3.3823
3.76877
4.10963
4.49127
4.86499
5.25667
5.59808
5.93567
6.23833
6.51948
6.81767
7.10717
7.38019
7.65384
7.90209
8.17544
8.49147
8.7482
9.03198
9.34433
9.61639
9.90064
10.1684
10.4581
10.6976
10.9084
11.1442
11.4289
11.6775
11.9112
12.1426
12.4268
12.7132
12.9469
13.2148
13.4847
13.7537
13.9998
14.3079
14.5461
14.8462
15.1189
15.3721
15.6281
15.8919
16.2049
16.5063
16.7905
17.0515
17.3763
17.6992
18.0401
18.3662
18.6199
18.9889
19.3228
19.6761
20.0758
20.4895
20.8461
21.1873
21.5665
21.9468
22.3116
22.6567
22.9845
23.3899
23.8156
24.2863
24.7546
25.1568
25.6616
26.1692
26.7358
27.2946
27.8635
28.3853
28.9651
29.5477
30.2373
30.9119
31.6858
32.448
33.473
34.248
35.1572
36.503
37.722
38.8682
40.0792
41.314
42.6055
44.2818
48.6008
