-6.49268
-1.48228
-0.0821842
0.824006
1.6163
2.28608
2.87022
3.38231
3.76877
4.10963
4.49149
4.86504
5.25704
5.59811
5.93577
6.2384
6.51994
6.81771
7.10728
7.38026
7.6539
7.90233
8.17553
8.49156
8.74841
9.03219
9.34466
9.6164
9.90083
10.1685
10.4582
10.6978
10.9084
11.1443
11.429
11.6775
11.9116
12.1427
12.4269
12.7134
12.9469
13.2151
13.4847
13.7538
14
14.308
14.5461
14.8463
15.1192
15.3721
15.6281
15.892
16.2052
16.5065
16.791
17.0515
17.3765
17.6993
18.0402
18.3662
18.6216
18.9902
19.3241
19.6768
20.0761
20.4909
20.8462
21.1908
21.5665
21.947
22.3127
22.6579
22.9848
23.39
23.8198
24.2869
24.7569
25.157
25.6635
26.1705
26.7377
27.2961
27.8646
28.3873
28.9658
29.5512
30.2374
30.917
31.6861
32.4666
33.4739
34.2508
35.1586
36.5056
37.7238
38.8704
40.0798
41.3262
42.6133
44.2833
48.6035
