-9.20419
-4.97006
-4.16651
-3.64308
-3.16869
-2.72171
-2.33826
-1.98616
-1.70062
-1.42698
-1.16359
-0.869967
-0.573722
-0.323648
-0.0292809
0.202896
0.471011
0.721238
0.935665
1.14588
1.36449
1.61423
1.83162
2.07072
2.27085
2.47904
2.71861
2.90601
3.06435
3.24487
3.43742
3.62368
3.80248
3.99966
4.17542
4.36268
4.53414
4.73136
4.9101
5.08281
5.26763
5.46764
5.64937
5.85325
6.04313
6.26195
6.46967
6.66149
6.83635
7.03178
7.20786
7.40364
7.63084
7.82804
8.05136
8.25986
8.48426
8.70142
8.9428
9.20742
9.47186
9.73197
10.0173
10.2956
10.551
10.8382
11.1266
11.4471
11.7381
12.0902
12.3881
12.8397
13.2784
13.7468
14.1672
14.6793
15.4025
15.9271
16.4119
16.9154
17.5833
18.1916
18.8262
19.4668
20.085
20.7157
21.1934
21.721
22.3529
22.8732
23.3995
24.0812
24.8926
25.6526
26.34
27.0817
27.863
28.5866
29.2531
30.1273
31.0761
