-28.1493
-18.1141
-15.9451
-14.599
-13.6483
-12.7413
-11.8567
-11.087
-10.5679
-9.98006
-9.44916
-8.96984
-8.45711
-7.99926
-7.49932
-7.06491
-6.59747
-6.04906
-5.64614
-5.25151
-4.8642
-4.36743
-4.01246
-3.60078
-3.24432
-2.89913
-2.56197
-2.12614
-1.72262
-1.3299
-0.859399
-0.535078
-0.179436
0.172788
0.60362
1.01647
1.37906
1.75528
2.16728
2.53064
2.8357
3.15506
3.51721
3.90228
4.21937
4.53436
4.7956
5.10406
5.42835
5.73417
6.04267
6.36361
6.6505
6.98666
7.25352
7.52141
7.7975
8.05316
8.29514
8.51716
8.74615
8.95937
9.16227
9.37985
9.60385
9.82904
10.0107
10.2267
10.3939
10.5744
10.7635
10.9315
11.0919
11.2793
11.4616
11.642
11.8261
12.0092
12.1596
12.3398
12.5129
12.6761
12.8643
13.0179
13.1637
13.3299
13.4982
13.6687
13.8338
13.9984
14.1238
14.2925
14.4558
14.6137
14.7744
14.9686
15.1567
15.3684
15.5588
15.7815
16.1284
