-28.1492
-18.0891
-15.9211
-14.5855
-13.6154
-12.7078
-11.832
-11.0636
-10.551
-9.9504
-9.43298
-8.94992
-8.41623
-7.97328
-7.48849
-7.01806
-6.56116
-6.01038
-5.6137
-5.20684
-4.82356
-4.3398
-3.9599
-3.57283
-3.19405
-2.85649
-2.51724
-2.09882
-1.66921
-1.23746
-0.835389
-0.481881
-0.117779
0.219788
0.642901
1.03717
1.43087
1.8108
2.1972
2.55919
2.85072
3.19248
3.56504
3.9456
4.2536
4.58025
4.83168
5.14207
5.45468
5.76178
6.08236
6.38589
6.68305
7.01749
7.29298
7.56347
7.82473
8.08404
8.32873
8.55935
8.79335
8.98788
9.20038
9.41893
9.62544
9.85535
10.0432
10.2524
10.4233
10.6039
10.7823
10.9726
11.1358
11.315
11.4923
11.6775
11.868
12.0345
12.2005
12.3898
12.5576
12.7142
12.8978
13.0612
13.2104
13.3875
13.5558
13.7265
13.8775
14.042
14.1699
14.3406
14.5072
14.6544
14.8401
15.0171
15.2159
15.4099
15.6138
15.8259
16.1318
