-28.1496
-18.1981
-16.1286
-14.7753
-13.8521
-12.9186
-12.0458
-11.3332
-10.7687
-10.1998
-9.69938
-9.1761
-8.72812
-8.20546
-7.76318
-7.32517
-6.86319
-6.34284
-5.92109
-5.51185
-5.12165
-4.6781
-4.21411
-3.83405
-3.50764
-3.07963
-2.784
-2.40749
-2.0145
-1.61366
-1.11942
-0.78051
-0.381055
-0.0243795
0.332995
0.733154
1.11722
1.49627
1.90929
2.31153
2.60068
2.92302
3.2682
3.6389
4.00257
4.36497
4.64209
4.89549
5.17801
5.54712
5.82335
6.15149
6.43851
6.75665
7.06215
7.35226
7.58754
7.83776
8.08156
8.32079
8.5476
8.76921
8.969
9.17464
9.37474
9.58721
9.8067
9.97626
10.165
10.3386
10.5084
10.6834
10.8338
11.0136
11.1758
11.3525
11.5236
11.7138
11.8835
12.0293
12.1958
12.3745
12.5375
12.6901
12.8591
13.0371
13.1886
13.3733
13.5418
13.709
13.8863
14.0449
14.2181
14.365
14.5576
14.7536
14.9612
15.1971
15.4346
15.6939
16.097
