-28.1492
-18.0892
-15.9233
-14.5856
-13.6158
-12.7079
-11.8323
-11.075
-10.5544
-9.95048
-9.43613
-8.94995
-8.4199
-7.97399
-7.4885
-7.02943
-6.56268
-6.01114
-5.61378
-5.20797
-4.82916
-4.3401
-3.96282
-3.57454
-3.19848
-2.85656
-2.52564
-2.10147
-1.67154
-1.24719
-0.835442
-0.488722
-0.119542
0.204589
0.637673
1.03671
1.43013
1.80137
2.19692
2.55889
2.8481
3.19247
3.55427
3.94475
4.25259
4.57859
4.82986
5.13115
5.44045
5.76049
6.07962
6.3852
6.68302
7.01689
7.2907
7.56133
7.81825
8.08173
8.32548
8.53963
8.79156
8.9816
9.19353
9.41702
9.62513
9.85494
10.0412
10.2488
10.4162
10.6032
10.7822
10.9706
11.1322
11.3115
11.4911
11.6755
11.8654
12.0271
12.1948
12.3856
12.5528
12.7106
12.8968
13.0602
13.2034
13.3858
13.5515
13.7148
13.8726
14.0374
14.168
14.3334
14.4987
14.6477
14.8281
15.0111
15.2102
15.4006
15.6039
15.8116
16.1315
