-155.847
-141.78
-138.338
-136.504
-135.014
-133.816
-132.832
-131.926
-130.98
-130.065
-129.267
-128.626
-128.012
-127.294
-126.752
-126.118
-125.555
-124.959
-124.412
-123.852
-123.404
-122.809
-122.196
-121.781
-121.227
-120.748
-120.165
-119.576
-119.026
-118.491
-117.871
-117.404
-116.976
-116.499
-116.055
-115.397
-114.901
-114.312
-113.849
-113.321
-112.81
-112.285
-111.776
-111.315
-110.867
-110.425
-110.017
-109.524
-108.991
-108.481
-107.941
-107.392
-106.924
-106.491
-106.09
-105.732
-105.332
-104.928
-104.493
-103.936
-103.487
-103.081
-102.621
-102.162
-101.727
-101.256
-100.742
-100.3
-99.8494
-99.3878
-98.9665
-98.4679
-97.9403
-97.459
-96.853
-96.2971
-95.6798
-94.9791
-94.3058
-93.6346
-92.8474
-91.8673
-90.9719
-90.2175
-89.2745
-88.2774
-87.5668
-86.8062
-86.0761
-85.376
-84.496
-83.7823
-82.9244
-82.073
-81.1297
-80.2285
-79.3759
-78.3861
-77.174
-75.0742
-69.8788
