-131.313
-114.848
-113.022
-111.74
-110.85
-110.094
-109.504
-108.995
-108.515
-108.074
-107.638
-107.221
-106.85
-106.501
-106.111
-105.836
-105.515
-105.213
-104.965
-104.642
-104.388
-104.165
-103.885
-103.63
-103.37
-103.135
-102.903
-102.664
-102.443
-102.227
-101.997
-101.755
-101.552
-101.362
-101.157
-100.943
-100.751
-100.523
-100.299
-100.06
-99.8518
-99.6305
-99.4307
-99.2161
-99.0405
-98.8282
-98.604
-98.4021
-98.2101
-97.9748
-97.7579
-97.5516
-97.3381
-97.109
-96.8968
-96.6576
-96.439
-96.2528
-96.0553
-95.8338
-95.5899
-95.3495
-95.1479
-94.9087
-94.6967
-94.4856
-94.22
-93.9636
-93.7252
-93.5015
-93.2795
-93.0092
-92.6782
-92.409
-92.0874
-91.7956
-91.4672
-91.1434
-90.8212
-90.4942
-90.0904
-89.7131
-89.2927
-88.8751
-88.4701
-88.0111
-87.5828
-87.0634
-86.5179
-85.833
-85.1177
-84.4688
-83.8322
-83.0118
-82.1709
-81.1686
-79.9865
-78.755
-77.331
-75.492
-69.7858
