-132.944
-117.495
-114.618
-112.596
-110.974
-109.8
-108.706
-107.655
-106.721
-105.783
-105.008
-104.347
-103.739
-102.98
-102.392
-101.811
-101.23
-100.64
-100.122
-99.4693
-98.9484
-98.3524
-97.8983
-97.4482
-96.9723
-96.3935
-95.8522
-95.4128
-94.9383
-94.4781
-94.0047
-93.5799
-93.1011
-92.643
-92.1997
-91.7598
-91.3592
-90.9756
-90.549
-90.0231
-89.6181
-89.1498
-88.7048
-88.28
-87.8115
-87.3569
-86.8592
-86.4902
-86.0044
-85.5586
-85.1658
-84.7088
-84.2092
-83.7628
-83.2897
-82.8679
-82.4627
-82.0237
-81.5978
-81.2035
-80.6691
-80.1567
-79.6803
-79.179
-78.6553
-78.1245
-77.6091
-77.038
-76.5769
-76.0065
-75.4247
-74.8429
-74.2021
-73.5356
-72.9583
-72.3812
-71.7489
-71.2075
-70.6484
-70.0006
-69.3814
-68.7922
-68.1339
-67.4611
-66.8824
-66.2082
-65.4771
-64.7812
-64.0461
-63.256
-62.3939
-61.3792
-60.5012
-59.3024
-58.358
-57.1104
-55.5964
-54.0417
-52.529
-50.0024
-40.9519
