59.346
76.2886
93.813
62.1499
55.3172
58.8057
55.9968
5.40848
8.72676
67.0915
94.0218
78.6527
37.6049
34.8105
65.8816
36.575
59.0981
36.3362
105.723
18.0082
100.352
54.2103
54.0591
8.52053
82.3743
61.2571
41.6003
51.5054
69.2856
110.114
50.4145
71.0203
62.9703
83.551
68.4077
19.7458
65.485
48.7015
83.6429
36.9405
45.7739
40.7263
7.57381
10.345
36.4462
42.7003
105.231
96.3206
0.104136
49.8565
58.4149
35.3052
43.8558
54.343
47.1865
72.3548
108.291
47.2202
27.7816
66.1663
18.9
88.7925
59.8549
5.87024
8.80469
48.7139
73.7278
67.2732
56.935
37.3351
106.486
98.9114
47.4513
88.2355
103.648
110.235
66.4019
59.4318
54.5093
72.6523
70.261
52.2695
82.3636
57.8344
11.5426
70.1064
2.45342
53.5732
108.46
87.3864
33.7018
83.2736
52.0214
48.4129
4.3635
92.0736
50.5052
53.1208
42.1389
32.3144
98.4341
5.24436
100.808
34.434
34.1598
56.8859
106.283
44.1861
46.4998
37.0282
41.1383
43.0562
72.0281
56.1104
34.1854
82.6679
88.8309
63.2014
9.92802
47.5679
48.1724
63.751
47.4403
53.5069
46.4781
55.0131
26.83
20.8604
70.0047
7.03675
51.9769
51.9559
29.657
80.874
5.66693
60.8146
50.8683
38.2202
53.8646
43.0449
87.2633
14.4961
75.2343
23.3503
113.684
106.991
75.8453
81.4266
71.7025
15.6225
49.4003
99.0599
70.2721
53.1455
13.3097
92.6855
69.4394
87.8734
72.5471
111.005
75.6661
75.4957
82.7934
95.267
108.99
101.45
87.4954
59.6943
59.8403
39.9008
104.989
13.0365
114.755
44.7055
50.2499
106.005
52.0258
39.281
53.2974
55.7801
64.4327
47.1708
54.3276
47.1509
59.5698
60.5832
102.621
70.0683
38.2698
99.07
61.1035
38.6298
44.856
93.376
106.566
105.998
56.3058
69.757
101.204
96.4185
-39.8097
-52.6416
-19.5321
-83.2143
-44.8463
-49.2509
-63.0303
-80.2329
-28.1234
-30.8391
-72.4816
-27.1119
-41.2479
-59.8935
-60.0017
-58.338
-79.5972
-87.965
-98.7634
-60.0274
-49.4358
-81.9179
-17.2889
-92.6767
-57.5361
-56.9185
-96.2014
-85.2756
-93.9607
-108.044
-1.94481
-80.1264
-81.1734
-74.1682
-63.5201
-71.0174
-83.0647
-94.4153
-53.6883
-33.3064
-44.5961
-86.0628
-87.7238
-3.20433
-43.0274
-59.8116
-1.38907
-10.645
-28.9107
-99.0617
-48.3493
-56.0478
-74.4623
-73.421
-45.3449
-111.351
-57.9691
-34.2794
-57.2353
-87.7583
-57.0626
-59.9492
-25.5215
-54.4895
-8.80477
-30.4964
-111.101
-60.6788
-72.9669
-44.9342
-58.3568
-14.6214
-94.1043
-80.7435
-27.7056
-52.9762
-31.8271
-88.6843
-107.462
-58.4716
-28.0346
-25.0601
-60.7671
-54.5478
-103.088
-56.9442
-81.8319
-56.0956
-72.9635
-30.5232
-13.5153
-111.483
-84.7688
-63.718
-105.264
-71.7085
-15.7263
-55.1139
-54.5406
-62.5217
-40.3223
-103.935
-38.5974
-81.6907
-10.7891
-92.5572
-38.2349
-86.218
-39.5345
-82.0664
-84.1455
-89.5412
-50.3761
-61.5666
-85.4223
-111.974
-58.8047
-52.1329
-62.204
-84.5052
-77.8868
-60.4598
-112.944
-9.36507
-43.2696
-100.097
-42.1474
-71.9992
-36.823
-72.4517
-32.8774
-36.2461
-107.041
-84.9566
-48.3958
-111.882
-54.3387
-86.842
-61.5772
-57.7867
-105.448
-69.1007
-84.5498
-39.5871
-63.2947
-92.0676
-56.6308
-41.8193
-78.0337
-27.0937
-72.5344
-105.117
-68.4153
-17.0702
-109.908
-46.6579
-86.4413
-88.6574
-94.4808
-91.4828
-63.113
-33.0611
-68.7935
-48.7071
-100.822
-62.8902
-45.2259
-60.1625
-51.3463
-35.5203
-97.6796
-115.306
-4.66143
-50.7118
-77.5806
-103.51
-75.1758
-80.9881
-74.9325
-58.1074
-35.7806
-28.5214
-86.9157
-16.4214
-83.6826
-104.143
-36.4042
-65.4917
-102.801
-47.6805
-92.3674
-36.4893
-78.7143
-42.9594
-62.118
-13.5796
-8.47988
-72.4596
-62.296
-106.065
-11.4276
-20.8794
4.84384
-29.1146
42.4871
1.9914
11.5704
-16.5081
-42.7263
-39.7645
41.5637
12.2936
-17.0828
-56.2552
-39.6131
15.6218
-43.5577
35.8575
10.3654
-21.5164
-26.8547
14.8341
41.9104
54.1111
1.42048
3.17648
53.0367
2.21093
35.4514
-32.6426
44.2627
-0.131307
-8.26585
-46.9006
54.1598
-46.6282
-36.8119
-22.346
20.3692
21.5663
17.9162
6.31828
3.6255
41.0473
-55.4836
-43.4757
33.0435
-15.6367
-45.8129
-33.0681
-9.09655
55.4475
-44.4955
51.1087
-46.8168
38.5641
28.7082
27.1537
2.92327
-7.00533
-34.7985
-31.6227
-53.8817
-40.5366
-35.6962
33.7945
7.31113
9.45009
36.3478
-0.310016
8.74935
-46.82
-49.5025
-3.65788
-12.4915
12.1771
-55.4924
49.0012
-0.976816
-54.1572
35.5488
-0.820799
-24.9816
-56.3843
-51.6985
-34.2349
-9.25031
13.2969
54.8835
21.8504
-34.2933
-42.5918
-26.9952
32.9894
-18.9613
-6.75477
-0.657625
46.4673
19.6269
-46.7406
-51.7502
20.8936
5.1368
-31.5367
-19.9286
7.43446
21.749
27.5098
21.2989
-20.0022
15.6738
57.4849
-30.6382
50.089
-1.45297
19.3633
36.5084
-51.5877
-32.7508
15.6029
15.4553
1.96049
45.2839
-15.1152
17.8057
-4.0305
-29.0578
46.3973
5.44433
55.3093
30.7384
35.633
-37.3176
2.97682
57.6088
7.4499
34.9829
25.5757
55.9053
43.8591
-38.3853
28.5304
-28.7464
25.2841
-55.9673
43.8039
-36.3539
-11.0631
-32.5983
22.9347
23.3
20.4195
16.9
23.6296
-7.74368
-2.89087
-41.4757
52.6222
-37.7992
2.03144
-7.57351
41.6023
-23.8598
47.2443
-1.31304
-7.63127
23.9377
27.0285
0.799641
-6.8277
13.6881
-41.9797
-26.2888
46.8918
-23.9474
6.43078
-7.18241
-45.4316
30.0913
-49.3916
-37.9268
6.9676
-18.3523
-52.0812
-42.0669
-29.8436
12.1306
-44.4785
45.3438
-56.8548
12.8995
-5.77135
31.4315
-53.8945
-55.7662
46.0431
25.0909
-23.5724
-11.6816
22.1394
215.357
190.321
243.126
282.018
250.991
252.621
248.976
232.726
253.657
256.788
215.416
247.49
270.575
199.262
250.378
283.625
206.634
193.594
284.565
220.349
258.657
272.111
234.543
242.95
252.917
226.113
224.691
237.969
245.383
269.756
178.158
276.024
200.756
207.272
279.43
212.906
238.103
260.11
269.638
219.001
219.766
243.396
280.067
207.711
223.289
234.838
203.151
285.723
254.717
203.957
189.969
222.291
260.807
177.137
261.903
193.265
263.441
211.047
234.731
192.889
188.256
222.1
244.79
276.071
269.874
270.463
207.209
241.766
241.766
175.922
238.15
286.144
254.936
259.877
202.067
246.665
225.225
263.348
204.977
188.755
246.466
256.351
223.95
210.323
209.118
229.367
215.3
269.868
288.094
228.014
288.109
252.512
179.093
209.417
236.656
191.554
199.129
216.658
173.926
192.843
213.654
259.172
232.562
197.028
287.94
270.515
227.342
239.078
270.829
216.618
217.824
265.737
269.459
258.136
262.227
245.292
212.168
231.779
222.901
279.322
210.149
201.201
212.051
215.918
271.581
195.467
215.439
226.216
235.896
247.416
243.114
234.283
221.776
226.898
237.649
269.704
268.041
209.938
270.665
232.155
217.67
266.587
226.932
224.82
268.401
247.452
241.631
174.624
241.856
187.092
275.37
222.119
222.458
287.992
222.174
259.474
285.895
185.14
208.793
269.672
204.541
231.527
269.423
244.407
274.647
276.851
195.22
244.199
237.844
280.138
214.605
206.447
263.634
188.48
257.424
188.62
190.319
239.341
254.439
241.328
244.548
213.903
211.843
268.759
285.134
213.035
239.262
275.895
199.128
210.032
221.433
181.052
179.94
238.469
234.078
256.217
229.482
208.563
208.011
266.895
163.67
101.755
67.143
92.3225
123.018
71.4578
99.7707
125.735
135.458
96.4562
136.336
64.0526
68.5107
141.939
115.643
156.451
142.447
131.286
106.141
142.035
138.08
119.228
130.136
121.827
103.863
124.474
132.137
118.448
123.16
133.354
111.194
107.775
84.1434
155.095
132.404
94.8667
60.3414
107.536
67.1328
92.9579
67.0979
87.7479
98.8094
143.38
132.576
68.5506
126.647
89.3594
70.5874
129.067
170.992
123.328
102.461
75.5291
117.96
122.774
96.8416
102.835
116.549
75.3354
63.0366
111.389
83.8703
166.431
153.411
102.662
76.1919
69.6828
121.203
113.286
126.133
65.7294
60.1503
151.324
83.3323
106.489
126.346
122.34
71.3708
142.846
141.665
73.0906
130.911
97.9912
82.9066
93.7711
121.7
101.659
160.56
136.562
135.231
131.339
125.523
142.607
145.019
110.239
83.4414
96.2673
64.5968
96.4201
79.998
85.7445
144.361
144.537
136.996
135.311
116.372
108.23
70.9509
86.1703
114.337
150.772
164.026
131.64
104.857
69.6371
116.946
143.315
125.193
78.0429
118.215
166.032
139.109
59.0587
98.1741
146.753
128.052
87.8783
80.2585
89.0503
107.572
150.942
99.4433
102.858
100.416
131.218
75.9749
171.621
148.982
112.632
130.831
77.1725
74.1249
87.3862
147.035
79.8399
101.415
89.2903
113.947
99.1816
106.672
162.673
94.5409
169.638
140.301
123.068
116.652
87.6311
139.005
96.2548
87.9866
100.77
97.6327
115.298
99.0516
129.645
94.99
140.71
114.3
135.018
134.873
119.733
134.505
76.5286
97.2767
60.2086
64.0051
81.7441
77.8955
83.4669
117.456
127.495
74.011
97.9249
129.676
99.3815
93.9368
105.775
108.851
105.556
122.226
66.5406
66.6756
135.342
84.3334
72.7197
125.166
143.934
133.025
123.274
154.444
142.19
162.9
224.639
136.821
211.821
222.929
136.143
115.666
178.682
209.645
127.88
171.654
197.845
166.947
116.129
224.547
190.834
137.442
217.142
164.768
173.189
129.831
126.614
132.523
177.256
228.818
159.862
196.487
227.926
181.447
177.785
130.926
179.249
142.131
219.023
218.865
182.507
197.062
136.032
185.73
161.023
229.315
176.352
171.946
221.803
141.221
206.869
162.492
142.479
174.184
188.501
120.149
167.432
139.443
123.398
197.728
185.782
200.994
196.601
180.546
187.645
195.751
126.788
160.867
153.796
201.888
171.978
196.805
216.526
144.899
212.764
206.881
140.75
166.362
169.936
118.905
126.111
129.817
161.324
174.673
193.297
152.462
137.595
212.476
227.632
178.594
161.424
217.183
182.766
211.899
209.143
190.197
171.945
210.252
196.606
143.731
176.005
216.308
138.707
117.44
167.463
163.662
130.827
131.414
138.847
205.121
155.372
134.915
128.291
157.561
220.182
121.609
213.918
211.95
190.61
226.151
124.324
227.211
133.198
185.77
223.274
206.66
184.239
170.178
130.758
148.318
188.847
229.09
220.63
227.201
159.493
186.721
200.42
140.333
179.336
189.539
144.565
190.626
120.311
213.616
230.015
145.765
202.254
162.559
214.596
170.655
168.925
224.334
152.166
148.022
151.666
159.392
206.67
192.823
145.456
218.523
202.11
131.601
166.13
210.231
136.921
162.442
230.284
121.192
169.656
148.543
219.499
218.527
154.503
148.422
181.377
134.357
196.58
164.698
140.805
228.57
191.267
164.502
200.892
176.878
221.182
143.135
211.754
182.289
129.286
132.678
173.261
126.811
184.502
188.595
180.995
185.968
149.615
188.294
140.666
224.901
165.956
209.799
182.559
18.4553
32.5449
22.8968
48.7293
89.7987
86.2744
22.7722
24.4357
83.6885
41.686
94.5715
45.7036
69.7083
50.8044
50.2077
66.2303
45.7818
25.0728
81.2512
55.381
7.25681
76.074
104.052
24.1937
86.8622
0.408398
107.052
15.94
22.8851
64.771
54.6473
111.209
6.2857
65.3043
90.7378
76.978
110.839
22.1359
17.8933
63.1127
73.1299
48.2535
107.083
114.519
99.4177
114.18
95.9293
97.4093
33.8176
87.6248
111.964
69.4573
100.143
103.486
52.5921
104.268
20.3386
6.39339
108.381
33.5217
77.6303
87.5735
101.116
75.025
92.7115
83.1184
54.219
88.1577
30.4924
103.528
71.4495
64.4347
83.4389
23.0413
33.0765
51.9207
47.616
72.267
34.1481
36.5489
13.4367
9.7836
104.93
51.1421
115.388
66.888
79.1248
46.1811
87.6446
34.3203
96.6955
51.0584
104.724
14.2329
103.722
100.729
42.3311
57.7204
101.219
76.926
96.4436
35.2489
63.0601
73.254
68.4125
72.7773
48.4232
69.5753
99.2893
51.019
85.3249
85.8398
81.8131
41.4822
112.185
33.9167
111.409
77.8623
64.6141
91.1259
112.678
82.4604
94.2724
75.0375
102.999
79.9858
41.9368
56.4594
65.1123
14.8289
52.3785
78.9588
35.7105
18.7028
57.6247
50.4696
73.8567
48.0482
61.9205
100.677
91.2545
25.4042
54.6835
96.7766
42.2613
59.7719
9.08207
56.4307
51.7537
47.5303
66.5554
87.2514
113.509
107.162
72.6573
55.7523
90.321
51.0817
40.2664
52.0191
56.2579
91.2368
20.3537
2.24204
92.405
60.0463
24.4167
21.964
37.7915
104.064
107.803
43.1231
63.742
64.7151
95.0258
28.846
92.024
38.3394
100.35
94.9435
68.7104
26.7312
49.2066
50.9873
58.2357
46.8929
67.0891
87.521
104.73
48.0374
67.3307
36.8911
88.5564
46.407
50.0248
7.99347
91.5029
44.1338
23.2556
83.7194
-17.5194
-66.5983
-100.376
-60.9712
-72.5056
-33.7118
-110.222
-70.5989
-20.2129
-98.2062
-39.3056
-64.1301
-38.0137
-46.6781
-35.4337
-93.6598
-53.2127
-111.022
-19.7203
-30.8072
-2.89527
-38.346
-62.5038
-17.399
-35.5443
-9.56898
-0.467749
-97.0507
-101.124
-89.2839
-93.3746
-45.4222
-20.2387
-109.462
-42.3145
-18.8636
-88.8635
-35.8868
-77.6208
-75.7792
-82.5215
-51.9751
-68.9508
-30.6823
-43.0142
-6.82137
-93.8554
-99.1085
-101.317
-62.3498
-59.9847
-36.9594
-89.5309
-58.9568
-22.6995
-104.04
-61.8035
-112.454
-37.0497
-46.5052
-66.3405
-91.5789
-51.6493
-102.325
-70.9514
-33.4285
-46.5921
-102.037
-5.94894
-108.656
-81.5652
-91.3898
-89.9626
-71.7589
-64.2526
-58.0456
-98.5874
-77.1832
-111.831
-68.1084
-27.1148
-109.016
-60.4165
-63.8712
-22.2596
-85.2335
-42.8382
-94.0623
-52.0242
-28.8357
-89.535
-62.4362
-58.0661
-28.0612
-59.8418
-36.0254
-92.6212
-17.9421
-87.0608
-87.6551
-55.6635
-82.8478
-71.2072
-67.6244
-38.6407
-101.101
-79.1081
-99.4335
-15.7269
-16.5722
-7.331
-51.6119
-19.4657
-38.1274
-80.6021
-102.345
-96.9926
-104.329
-90.6472
-92.9657
-71.9988
-51.0028
-48.5556
-21.0441
-67.4086
-86.8452
-71.2732
-20.4254
-84.2981
-111.91
-83.1053
-93.4838
-92.3285
-61.6989
-82.0882
-55.6468
-18.16
-12.3532
-53.6111
-72.7463
-45.7731
-3.75933
-3.71441
-38.0234
-103.321
-40.4938
-37.8977
-109.771
-37.5901
-106.053
-25.9876
-45.7885
-50.087
-108.042
-88.435
-64.8576
-15.9141
-102.839
-45.4719
-68.5964
-71.8411
-26.029
-32.8895
-62.1943
-85.4257
-86.9822
-83.7674
-64.3635
-11.6225
-88.6479
-5.65363
-97.8777
-67.6605
-45.1475
-57.729
-56.6224
-49.6076
-44.2917
-34.885
-13.0244
-83.3842
-39.4371
-64.9842
-69.6248
-72.9038
-86.1541
-31.5932
-9.70658
-54.4594
-90.8463
-73.5222
-84.0067
-28.6078
-113.051
-52.0058
-63.9184
-61.4011
-44.8743
-59.074
-64.1168
10.8776
-31.7131
38.9093
53.154
-10.5889
-10.4979
50.4207
-22.044
5.22464
-21.7926
55.9745
-24.8134
45.239
40.3701
-16.3908
14.1697
54.7129
-5.67363
-46.6268
-39.7503
52.8811
-30.864
-53.0062
-56.1743
-25.6846
5.64856
8.0552
23.1409
5.63022
26.8997
-18.2873
-0.236687
4.76552
-40.8582
-45.6319
-46.7363
-30.7196
50.7944
47.5192
-55.4514
-37.537
-15.4445
2.25576
-34.5376
-0.0206051
33.1638
-25.5409
-27.5989
24.0888
4.42462
-7.44784
-55.5079
-1.98353
40.099
-33.7225
-19.7021
27.8335
-7.32066
52.7133
-7.36083
56.6032
-7.6436
-54.8565
-46.6279
-20.3835
-50.1302
-26.5912
6.29275
36.83
-36.8678
-46.2094
-0.707799
-33.6925
0.269427
-16.035
44.073
-21.8683
-23.6686
-37.074
41.6609
35.1857
-13.2493
-57.5547
-41.3637
56.2998
-49.9746
53.3842
-35.1112
-19.5163
-19.5822
4.20251
-15.8176
28.1542
-1.86277
-37.5699
-51.1535
-34.1056
-16.5783
52.6977
-28.3532
-28.3077
6.76346
50.2894
20.8123
29.3764
44.7801
37.9063
-40.6536
0.685465
40.9983
21.4041
-49.0146
-4.36043
-52.747
15.6787
15.8597
-18.2004
-45.8266
15.976
-20.7838
-20.2187
27.5691
-38.8092
40.3804
30.4056
5.18486
7.87182
47.2434
-19.3378
-51.7229
39.2151
-35.6711
32.6082
11.0831
46.166
-52.966
53.3474
-30.5875
45.1798
27.124
-31.4686
4.18814
-56.7484
38.4739
24.3835
23.2463
-48.8351
35.243
29.6405
-57.4246
44.4803
16.1128
56.3667
-8.11202
-47.3455
-24.8087
1.12782
-10.2132
52.941
-40.3949
-22.757
22.9012
-44.1032
2.75316
-37.2441
-29.046
-43.6166
-42.4361
38.2385
-22.8405
51.4525
-15.3343
38.4061
5.19612
-24.6601
26.0688
-43.6553
-36.0559
-56.5053
-17.3359
-11.848
-11.263
-29.1903
25.5685
-28.463
28.8595
42.8228
-17.5979
39.1364
-10.7665
-26.2665
32.886
-43.5715
-10.9012
8.91106
4.18474
7.53022
31.1925
-35.0528
24.1352
-139.077
-144.43
-137.168
-148.965
-141.966
-79.3364
-87.3588
-100.892
-145.389
-123.384
-97.8519
-78.8209
-104.364
-135.999
-150.677
-161.839
-110.129
-131.318
-129.391
-104.036
-96.993
-124.27
-139.426
-153.849
-72.6422
-123.94
-125.272
-114.084
-114.485
-95.0837
-109.776
-96.9764
-114.983
-62.8538
-91.2375
-71.359
-60.4076
-100.582
-142.315
-132.05
-65.5923
-106.658
-118.164
-120.992
-96.9891
-80.1276
-132.904
-89.5571
-109.294
-98.5993
-107.522
-128.338
-88.1436
-84.2286
-143.47
-130.888
-83.1551
-78.9415
-74.0803
-141.45
-155.464
-107.813
-81.1172
-69.6667
-153.953
-141.598
-149.435
-114.44
-68.5909
-136.205
-88.1299
-78.8152
-94.3712
-94.121
-77.3295
-91.5992
-77.5376
-72.3614
-159.221
-124.398
-96.2406
-135.925
-85.616
-115.907
-121.77
-72.6698
-143.978
-94.71
-114.746
-78.7568
-161.89
-113.253
-144.136
-62.9786
-162.648
-119.613
-93.1722
-101.127
-129.739
-111.898
-150.645
-71.5104
-130.757
-110.387
-104.667
-87.4538
-86.7393
-75.5536
-61.6597
-160.588
-97.9149
-145.616
-61.4655
-105.845
-61.9265
-151.247
-132.685
-130.264
-163.066
-107.867
-76.1928
-117.85
-105.04
-149.709
-105.348
-146.448
-92.9844
-89.5601
-102.493
-108.534
-135.607
-112.127
-107.718
-161.668
-68.4536
-170.998
-85.571
-165.502
-105.368
-94.1622
-87.1364
-146.932
-87.3493
-90.849
-117.631
-73.6909
-124.237
-107.183
-129.039
-147.466
-60.3074
-110.321
-103.707
-95.8088
-61.058
-94.4976
-143.208
-121.098
-60.8471
-148.955
-171.956
-133
-141.967
-118.855
-89.1293
-75.3713
-83.5844
-112.883
-169.423
-65.8791
-137.719
-134.889
-98.596
-133.855
-110.049
-150.83
-125.27
-119.239
-129.102
-63.0004
-68.7517
-64.2905
-73.0661
-64.4599
-84.7905
-123.594
-77.0834
-115.595
-117.539
-84.7765
-138.163
-95.3064
-113.925
-86.556
-86.793
-75.6221
-94.4876
-119.445
-64.9824
-60.4187
-239.933
-211.943
-183.974
-206.56
-184.821
-252.644
-219.018
-193.884
-226.502
-232.852
-207.646
-220.34
-250.894
-189.957
-228.149
-213.794
-223.406
-218.521
-211.473
-276.24
-210.239
-216.019
-227.913
-220.042
-280.828
-218.462
-175.141
-216.031
-233.138
-183.093
-199.329
-198.832
-232.082
-242.431
-254.9
-278.602
-206.756
-256.146
-262.789
-199.388
-239.521
-248.497
-252.535
-230.777
-285.904
-198.478
-190.196
-255.33
-262.978
-204.965
-254.093
-257.43
-275.086
-178.712
-219.668
-267.995
-270.597
-216.856
-270.857
-213.918
-225.49
-224.547
-176.244
-226.371
-230.423
-287.783
-223.291
-253.112
-243.225
-217.624
-178.219
-258.598
-249.3
-239.088
-200.028
-199.101
-276.589
-216.39
-218.796
-228.406
-245.261
-235.988
-218.461
-180.548
-187.49
-239.554
-242.645
-277.15
-227.577
-220.425
-233.197
-221.4
-284.058
-277.011
-244.145
-235.625
-251.914
-239.232
-272.784
-266.87
-241.66
-242.065
-197.881
-217.538
-188.952
-241.277
-227.164
-259.598
-221.363
-191.83
-233.392
-287.526
-233.854
-245.727
-200.31
-256.079
-178.985
-219.181
-216.665
-186.609
-232.885
-234.713
-245.055
-274.121
-229.696
-225.54
-214.445
-244.62
-257.257
-257.428
-231.276
-221.438
-271.082
-276.414
-211.821
-266.898
-223.872
-230.079
-221.279
-246.883
-271.111
-237.454
-223.689
-227.685
-251.288
-238.983
-276.226
-260.346
-241.49
-243.245
-255.324
-193.1
-231.327
-194.234
-287.001
-260.451
-201.981
-207.014
-215.294
-242.058
-199.319
-268.775
-266.451
-243.861
-249.761
-254.455
-219.611
-194.35
-202.236
-240.936
-219.743
-195.723
-183.116
-256.581
-276.205
-220.647
-233.253
-268.858
-199.623
-248.464
-210.084
-185.94
-252.853
-223.211
-285.971
-215.557
-211.84
-220.418
-283.496
-262.113
-271.473
-182.349
-258.236
-270.885
-225.433
-173.481
-238.878
-242.139
-284.049
-216.356
-188.057
-210.801
-228.454
-203.355
-212.133
-156.407
-151.399
-198.237
-205.812
-187.993
-226.538
-213.335
-116.54
-213.112
-172.268
-183.587
-161.72
-136.267
-185.218
-130.156
-227.775
-193.659
-167.692
-170.276
-171.728
-149.588
-123.171
-184.846
-153.33
-126.102
-174.374
-182.67
-121.847
-159.714
-208.933
-213.629
-143.519
-202.476
-177.348
-158.297
-119.239
-153.901
-176.419
-150.343
-195.043
-137.521
-151.804
-135.764
-189.981
-124.058
-147.27
-149.534
-226.587
-204.68
-167.641
-185.492
-145.77
-169.363
-223.285
-194.027
-161.398
-171.09
-125.843
-223.944
-148.41
-131.697
-134.055
-183.642
-132.299
-133.876
-131.251
-154.078
-136.327
-148.127
-177.596
-135.803
-193.123
-126.964
-193.23
-151.318
-186.822
-218.271
-202.037
-196.494
-214.893
-172.206
-179.014
-229.94
-188.334
-127.951
-200.717
-158.061
-139.44
-214.763
-151.685
-140.567
-227.577
-176.765
-195.168
-136.746
-154.417
-119.834
-122.947
-217.355
-219.248
-186.102
-217.9
-203.212
-133.864
-200.131
-226.408
-173.86
-221.964
-217.06
-125.492
-140.049
-203.73
-182.298
-128.59
-215.312
-223.151
-194.44
-219.351
-165.178
-190.746
-168.502
-195.192
-219.291
-178.893
-227.751
-220.636
-137.923
-144.624
-181.302
-149.251
-150.959
-221.269
-176.423
-162.107
-172.074
-173.592
-216.635
-155.936
-191.808
-215.217
-161.31
-208.528
-224.45
-157.088
-116.821
-206.141
-182.626
-176.896
-159.755
-169.833
-221.12
-155.351
-171.218
-145.181
-173.466
-222.778
-203.966
-168.246
-199.78
-227.64
-124.036
-213.183
-132.115
-164.309
-128.396
-176.694
-152.309
-133.246
-132.573
-151.971
-172.53
-161.681
-125.237
-145.477
-196.344
-129.248
-180.784
-137.428
-151.096
-131.579
-119.173
-129.069
-148.478
-150.706
-206.669
-173.263
-131.814
-151.336
-198.344
-151.233
-157.303
-191.391
-143.817
-167.415
-131.245
-102.124
-83.9259
-78.5053
-164.406
-102.04
-127.958
-116.283
-115.835
-120.089
-77.0037
-109.784
-158.294
-94.2235
-139.007
-168.089
-92.4667
-105.658
-127.818
-135.542
-110.347
-82.6165
-68.4609
-102.547
-148.81
-59.3675
-89.9731
-104.262
-88.1162
-165.733
-107.525
-68.3705
-108.703
-112.652
-131.68
-60.4974
-137.844
-80.8036
-93.5359
-104.869
-137.512
-94.8909
-85.5414
-90.3112
-95.5386
-116.329
-78.3963
-89.5763
-108.817
-146.205
-128.449
-132.702
-124.769
-119.188
-132.191
-99.7031
-140.687
-163.957
-140.409
-74.7804
-83.7221
-135.482
-170.455
-135.443
-117.833
-81.6669
-127.537
-147.707
-91.719
-138.456
-120.945
-106.35
-89.3029
-135.93
-110.792
-64.731
-132.853
-103.199
-119.346
-145.069
-122.06
-69.8652
-104.705
-87.823
-59.1626
-57.8327
-75.9658
-132.661
-73.7162
-76.3354
-116.668
-130.486
-106.128
-78.0355
-89.9366
-86.0202
-61.9348
-73.5296
-92.8551
-120.673
-60.9212
-110.301
-112.764
-166.33
-92.3089
-119.141
-68.3596
-78.7073
-110.534
-108.281
-68.2634
-71.5479
-99.6412
-112.425
-112.661
-126.741
-100.69
-92.2637
-107.909
-99.6381
-102.043
-145.492
-89.1197
-72.2968
-101.964
-108.074
-154.8
-134.135
-107.217
-112.723
-128.537
-120.626
-82.3101
-114.356
-103.387
-113.349
-97.4387
-100.817
-132.612
-93.24
-126.416
-97.0675
-131.743
-97.9481
-137.867
-60.285
-118.934
-148.838
-102.312
-67.893
-62.5641
-94.6728
-123.379
-106.691
-64.3251
-134.098
-107.852
-62.0471
-139.802
-123.293
-118.594
-104.717
-137.628
-75.1655
-120.487
-103.297
-78.9259
-124.888
-96.6056
-80.1878
-136.647
-117.523
-88.684
-98.6226
-68.7629
-143.162
-140.967
-93.5337
-156.442
-107.87
-144.764
-81.8641
-84.9722
-114.624
-150.062
-104.584
-122.235
-78.4432
-130.826
-171.055
-100.307
-85.7792
-91.9437
-141.641
-107.338
-70.6727
-128.068
-107.28
-127.869
-105.009
-173.132
-260.02
-198.015
-246.275
-276.738
-254.278
-247.845
-242.23
-206.172
-250.373
-253.429
-198.867
-245.463
-229.055
-266.456
-251.778
-251.127
-213.827
-249.741
-212.744
-261.441
-182.942
-281.039
-210.962
-258.925
-242.2
-256.727
-213.483
-234.691
-252.758
-241.764
-219.311
-237.508
-253.143
-245.492
-200.202
-265.444
-203.374
-238.624
-227.494
-225.327
-279.335
-238.018
-260.645
-259.806
-232.299
-286.581
-282.631
-199.876
-280.832
-264.515
-264.222
-200.395
-230.887
-199.12
-276.739
-284.216
-238.673
-211.783
-202.507
-230.294
-224.106
-197.598
-233.061
-235.308
-221.508
-218.853
-228.396
-227.769
-185.54
-210.296
-244.02
-217.485
-251.449
-209.672
-257.94
-227.795
-288.248
-205.588
-250.134
-219.961
-208.276
-254.61
-211.135
-235.648
-200.91
-194.002
-251.644
-233.861
-186.291
-222.326
-262.43
-223.607
-233.146
-232.815
-273.507
-202.247
-209.842
-274.595
-280.523
-226.925
-195.923
-227.696
-211.478
-221.109
-173.923
-220.981
-273.362
-193.986
-267.913
-224.875
-236.396
-254.359
-236.461
-258.572
-255.389
-193.302
-235.877
-190.219
-253.121
-227.872
-282.097
-258.424
-208.195
-239.145
-218.342
-179.497
-277.582
-210.468
-264.323
-186.638
-262.07
-258.403
-223.055
-243.98
-217.289
-277.384
-212.519
-221.569
-279.283
-257.489
-261.778
-286.842
-228.022
-263.577
-239.453
-222.392
-243.06
-254.139
-268.541
-260.118
-277.985
-265.762
-271.172
-236.847
-206.995
-284.911
-242.633
-240.214
-192.324
-269.926
-268.125
-223.467
-245.404
-212.805
-253.83
-268.573
-255.865
-189.418
-248.268
-261.94
-222.838
-265.544
-199.456
-221.263
-216.485
-247.667
-187.526
-209.21
-229.136
-252.277
-254.626
-243.332
-238.145
-234.424
-243.017
-259.239
-249.14
-279.349
-256.849
-197.593
-255.877
-213.127
-245.786
-236.141
-233.159
-282.979
-250.647
-220.581
-261.028
-181.64
-207.304
-215.164
-166.245
-183.231
-145.806
-125.166
-179.959
-132.023
-147.551
-217.812
-217.905
-137.261
-187.236
-127.627
-180.061
-198.396
-206.517
-187.704
-143.118
-168.632
-139.567
-194.881
-160.062
-193.784
-186.218
-149.318
-225.978
-176.798
-175.06
-204.884
-176.461
-149.037
-223.873
-129.584
-201.304
-198.233
-230.051
-191.476
-208.305
-225.039
-162.344
-150.545
-179.583
-176.215
-162.031
-145.819
-181.411
-226.718
-228.991
-202.35
-122.471
-171.599
-192.435
-135.387
-129.302
-211.752
-221.54
-117.976
-115.708
-148.4
-185.231
-207.533
-152.2
-171.543
-225.593
-197.216
-230.059
-157.438
-217.232
-188.379
-131.397
-126.516
-134.532
-181.852
-190.099
-199.503
-166.917
-152.93
-173.991
-132.885
-146.275
-158.979
-223.634
-161.348
-179.168
-208.355
-214.131
-142.529
-166.93
-140.748
-198.539
-194.749
-206.79
-181.922
-206.746
-145.731
-229.188
-186.431
-189.247
-178.232
-175.433
-195.949
-203.382
-218.514
-119.582
-120.467
-201.19
-216.382
-220.633
-124.541
-212.119
-218.185
-124.05
-226.398
-155.218
-180.231
-222.718
-200.868
-209.097
-187.651
-161.392
-157.468
-224.959
-179.123
-155.603
-181.044
-200.484
-116.181
-227.861
-211.171
-185.397
-181.412
-161.856
-119.141
-117.869
-199.589
-189.696
-181.529
-138.54
-202.439
-183.272
-226.676
-176.093
-193.441
-161.296
-171.755
-164.186
-139.487
-208.162
-153.281
-222.647
-222.934
-146.585
-212.671
-127.489
-145.21
-168.908
-144.51
-204.556
-200.62
-132.248
-202.028
-205.195
-230.043
-175.825
-184.262
-165.637
-214.56
-186.402
-212.527
-192.194
-166.021
-184.914
-139.685
-162.259
-197.17
-145.199
-193.209
-197.469
-158.895
-145.623
-158.263
-140.208
-190.549
-137.95
-159.706
-164.079
-143.968
-167.43
-229.865
-224.528
-180.211
-169.435
-129.447
-195.915
-138.278
-158.638
-220.643
-192.612
-125.304
52.7325
88.3326
52.1074
65.2536
51.0453
64.9573
56.7498
90.4424
90.8161
46.1718
34.1426
24.2554
36.9204
37.5938
12.4521
40.6266
43.7124
24.082
112.803
40.8407
67.3056
45.5117
91.4396
57.1638
66.5063
65.3924
9.50322
109.151
47.226
95.4332
71.429
72.7163
70.8207
75.3734
59.795
45.9292
16.4237
59.5886
10.3254
12.0278
48.0071
38.2312
48.3248
66.6694
49.967
54.7872
13.8966
58.0429
89.7388
100.045
65.4614
97.4034
94.5107
97.3488
6.92596
79.1561
51.9016
83.4716
78.1325
96.6061
59.9491
46.4616
110.915
80.3287
16.8503
23.0268
70.3976
107.063
87.2142
23.2941
64.0158
9.9265
32.7992
41.8313
39.5956
24.3986
65.4332
57.0502
88.8657
95.4195
2.36451
106.284
85.9865
94.3803
39.4968
93.0904
45.4321
68.1704
46.3209
68.262
56.3949
101.675
110.404
11.8606
115.299
83.6032
95.7632
98.0372
41.9412
58.4221
49.0796
9.8147
31.7303
57.5371
43.6312
85.8485
68.949
111.301
49.9934
72.6676
58.3843
67.6867
57.236
57.5354
83.0025
74.2649
102.466
15.2942
88.747
80.6906
112.03
91.8975
113.928
74.7729
5.2854
57.5988
11.9468
50.0861
86.5865
65.8572
47.0918
4.51773
32.1678
87.2307
104.919
52.2738
59.0041
85.0499
80.8287
98.4688
101.237
62.7729
88.4611
32.4636
32.7668
58.8928
76.454
104.745
80.6641
4.41794
65.1743
3.37929
43.1784
40.4452
77.3972
45.992
48.9914
74.5186
12.5323
75.7625
74.8194
89.7974
39.7789
103.558
4.27263
64.1063
53.421
40.2081
72.5194
68.8961
59.3602
16.9373
62.722
73.7252
37.7197
12.6161
50.683
59.8951
109.574
10.4351
62.2995
97.5236
101.994
62.9797
34.4582
54.2736
35.0253
29.5404
40.9775
97.4801
108.972
113.996
48.19
112.969
85.8714
43.2956
110.621
101.736
40.1354
61.003
-97.4041
-57.3935
-70.89
-77.8894
-83.5121
-56.6015
-81.8117
-44.2298
-55.9597
-109.391
-41.944
-68.9784
-42.3425
-5.3067
-94.5728
-49.7055
-113.928
-48.5047
-26.6502
-19.0116
-77.9607
-106.962
-59.2912
-8.58769
-63.6424
-8.45148
-86.5393
-37.2441
-97.5117
-84.8525
-2.16165
-105.463
-63.457
-48.6755
-59.5904
-56.6642
-24.3184
-50.5602
-82.7385
-66.4339
-54.9755
-104.635
-16.0009
-57.4032
-56.3268
-57.029
-14.4681
-69.4044
-34.749
-51.6758
-69.9026
-37.9402
-69.2863
-61.7046
-29.8761
-82.8195
-9.26136
-85.993
-93.7254
-71.3885
-44.9281
-23.9041
-94.6501
-76.8747
-60.2206
-11.4855
-42.4624
-48.7025
-84.9066
-114.958
-74.6226
-19.1105
-80.2426
-48.9425
-52.3266
-18.4564
-17.5811
-82.4412
-20.1404
-67.4696
-53.5404
-98.3797
-8.78545
-112.734
-78.1172
-77.3256
-100.851
-61.3364
-37.8586
-40.8081
-107.188
-91.3754
-40.8889
-86.4729
-19.7833
-19.7156
-67.9451
-88.5967
-107.932
-61.5125
-70.2515
-62.9536
-90.2403
-5.56325
-70.5927
-93.5714
-54.6612
-106.863
-85.9453
-92.5961
-81.5509
-74.1728
-42.359
-102.559
-69.1652
-73.3723
-65.7598
-61.1998
-82.9237
-58.3755
-77.2923
-66.2794
-79.9451
-26.309
-47.7735
-9.31446
-67.7971
-52.8529
-74.6947
-100.338
-90.6468
-89.8229
-5.51115
-70.6914
-33.2642
-99.8097
-97.1284
-113.539
-83.1301
-75.8554
-49.5037
-81.3408
-63.9361
-36.1708
-10.5566
-41.9732
-49.1493
-23.7254
-65.6714
-16.253
-82.0632
-73.8651
-84.8622
-80.458
-81.3037
-91.4861
-69.7521
-44.6026
-114.451
-81.7566
-95.5856
-23.8386
-29.4567
-39.458
-16.8822
-45.7623
-99.9274
-63.5279
-71.6872
-108.767
-58.6413
-71.0223
-58.2396
-87.5585
-114.771
-30.5426
-56.5082
-59.2358
-81.5681
-96.2559
-51.9275
-90.9063
-48.1526
-16.6193
-47.09
-24.7771
-34.5065
-51.9963
-69.3727
-19.2025
-88.5315
-87.0013
-95.5489
-72.9367
-65.3515
-17.8897
-38.7367
-11.4356
-43.287
-85.3303
55.5946
19.3937
-36.2895
-10.6906
51.9637
25.8561
-49.266
1.02373
44.2231
-19.6913
20.9998
-55.9737
14.7097
-3.87517
44.3375
2.47646
42.5158
13.1905
42.1948
-22.3302
27.9308
45.9449
9.69978
30.2445
6.18617
36.4587
-44.1725
-21.4068
-28.9735
-28.8768
-5.76574
-55.7727
-27.6815
25.4254
12.8482
55.6053
-9.95678
33.8649
-42.0634
31.1209
2.466
-41.1368
-0.755077
19.788
-28.4344
35.5823
-24.1237
-12.3901
53.7892
-36.9611
-46.8483
26.0314
-25.8439
-9.9378
54.9819
-39.3421
27.085
48.1637
-2.5691
53.7909
36.0735
-49.5541
-8.59767
-7.90062
4.7943
40.1769
39.5221
-24.6573
-20.8672
21.7991
2.21725
35.8413
27.0105
-15.8738
1.07352
9.95822
-34.9271
-25.3152
-54.2902
31.6778
-12.839
9.01502
-52.6154
-54.4288
-24.0474
34.3655
1.60261
-6.47227
-16.372
-4.39069
55.9907
-16.1989
-4.96664
32.4335
-57.2246
-38.056
-27.9586
-34.3492
22.2926
56.2375
-31.5072
-51.5693
-5.22599
-3.31518
-33.1888
-31.8092
10.4084
-27.0488
11.3885
-29.0938
-13.3405
-39.876
38.4215
13.9186
30.4293
30.5433
-3.07153
41.659
-44.979
-3.53319
-10.8356
-26.9897
4.73374
4.21143
27.4258
-29.6996
-32.4372
-16.8606
-36.8785
-56.8656
24.0983
-56.6734
5.75828
51.0768
44.1938
42.743
-12.4914
-20.7855
24.7234
32.5421
38.5902
53.3612
-10.1625
-30.1589
57.7073
0.381104
20.9386
11.5516
0.558543
-38.0714
9.48968
-41.7812
-0.915673
31.9904
6.54748
-28.3176
-31.8063
-1.38383
55.822
-44.2796
32.323
-39.1638
7.66495
-46.6723
-31.9133
21.0796
-23.3741
46.1114
48.4145
12.2961
-1.72446
-8.17685
34.8637
-7.37211
8.66494
-47.0181
19.9652
1.96982
20.4887
50.4719
10.1774
28.5248
9.03753
24.6328
41.4234
30.0405
-5.37862
34.6557
35.9677
13.5304
22.4829
-57.5908
-41.4429
-12.8963
7.80018
-50.5766
-43.8176
13.9768
56.1138
13.4935
231.905
246.316
248.656
267.773
211.989
279.494
255.083
208.867
178.191
204.882
248.412
195.297
199.123
211.693
274.766
245.887
251.849
200.673
186.675
205.763
288.516
288.39
269.405
251.605
233.493
214.48
241.574
265.48
248.131
243.378
242.558
244.618
250.152
227.131
275.12
251.574
247.477
243.839
244.339
241.383
206.898
256.071
214.593
261.6
225.561
217.037
218.164
186.295
236.99
213.525
254.535
221.292
257.111
195.74
197.279
179.696
241.946
253.931
228.692
244.147
235.706
263.584
247.309
267.726
235.514
223.402
266.464
181.353
188.608
262.84
259.965
229.734
215.645
250.995
226.824
259.576
220.977
211.121
255.397
192.3
223.367
270.538
234.715
206.429
234.575
183.179
234.194
202.863
224.35
257.035
259.541
177.335
232.828
267.672
245.576
216.035
256.384
227.104
288.577
213.469
235.318
177.774
224.197
205.65
274.4
177.137
250.137
244.09
187.547
238.494
218.657
175.832
229.865
210.206
256.99
286.471
270.718
288.64
224.806
209.095
214.362
204.703
222.085
221.607
231.981
285.413
259.181
222.306
265.435
249.19
225.667
258.315
249.328
232.917
180.273
205.924
249.454
234.475
268.091
235.306
255.071
249.294
243.981
184.316
214.23
248.273
173.309
280.494
269.893
238.002
260.657
263.41
249.42
184.89
277.058
232.621
214.565
236.881
258.297
184.335
217.696
264.961
214.469
285.321
240.109
257.468
264.002
177.003
228.928
212.782
179.743
248.71
212.33
251.449
224.515
245.076
264.96
233.056
231.21
267.994
216.808
226.909
210.95
223.696
219.419
219.513
228.46
210.607
220.435
240.781
249.562
285.741
202.917
223.154
222.739
258.204
207.949
272.973
268.335
262.454
93.8301
134.755
71.5783
79.1674
101.141
94.7521
137.581
140.739
149.714
76.7402
123.933
145.692
142.287
135.032
74.8245
84.3684
136.374
123.562
101.629
154.092
146.42
59.0125
107.389
167.808
135.478
168.923
136.844
109.137
94.7922
98.0833
68.5905
135.817
102.471
126.928
99.7616
130.007
116.904
118.304
124.384
109.946
77.2835
61.2911
93.2535
67.9296
111.995
100.666
64.1639
98.4211
128.354
133.341
89.2596
94.1469
70.2615
80.3275
113.956
123.382
84.7536
121.707
99.8438
130.246
157.111
135.85
100.725
119.449
126.059
85.7503
110.567
119.29
131.718
95.2035
137.126
63.1889
119.473
143.347
84.4492
102.398
124.42
91.148
106.249
86.0521
153.155
91.9806
131.428
169.407
127.602
72.8862
126.248
148.231
165.278
156.221
93.2776
126.526
118.597
138.855
60.0823
134.645
108.587
58.8214
113.272
106.119
110.248
108.765
105.522
132.475
105.867
125.116
103.572
134.666
109.878
136.978
97.8134
172.342
104.822
129.2
127.428
139.874
141.794
135.279
100.471
80.1209
107.066
59.5475
108.745
116.336
139.98
103.243
75.0363
97.2424
154.241
67.0979
143.131
83.1838
114.414
63.4496
137.868
106.637
107.829
134.68
138.247
123.988
79.5237
118.876
67.9364
96.5891
90.9108
121.398
113.098
95.1353
99.8395
103.949
120.597
148.374
165.323
107.998
89.2318
74.7878
64.9871
73.7873
102.6
96.7906
76.572
87.2795
92.2314
150.583
86.5394
115.944
83.8663
130.995
149.466
136.318
73.7554
89.0419
116.194
80.3947
138.934
104.042
105.187
120.675
65.8958
130.754
91.2054
95.7713
108.848
164.119
113.406
154.527
148.013
115.713
131.799
88.3421
158.16
93.5242
91.1656
79.5836
129.241
118.251
119.908
116.97
87.8103
124.53
223.724
164.232
224.603
189.675
155.327
193.688
120.808
179.606
189.673
136.328
125.914
228.213
197.889
183.574
221.592
227.302
138.757
166.113
127.134
169.509
137.304
119.099
200.551
145.075
196.864
172.47
204.076
209.724
191.394
147.16
167.134
138.434
168.444
120.777
193.832
144.057
208.336
166.07
179.202
142.613
153.305
151.099
194.728
211.632
227.982
130.693
143.876
195.561
149.603
195.025
182.19
123.356
207.762
118.063
213.492
147.767
219.168
179.385
153.663
179.64
171.121
166.067
152.903
189.834
164.037
157.308
218.259
203.363
174.794
202.276
188.378
118.172
125.351
196.586
201.017
162.513
137.629
123.819
146.318
173.458
200.115
215.262
115.786
171.094
164.649
126.833
140.453
124.6
210.452
133.434
116.111
223.036
203.568
209.894
219.251
140.148
146.593
160.888
125.722
179.551
203.149
201.079
157.583
163.443
141.409
181.851
145.748
182.772
135.519
159.057
169.695
154.081
219.952
166.131
211.839
171.634
126.301
194.855
194.454
227.95
133.823
122.95
171.091
196.827
193.992
220.402
127.962
181.366
195.148
229.357
221.609
202.335
134.48
181.235
173.618
186.017
205.049
174.933
190.258
142.616
149.371
150.796
182.729
119.96
144.077
174.085
140.082
221.558
130.329
187.485
176.643
198.926
210.519
207.591
163.46
219.205
186.424
166.569
189.811
225.851
219.838
228.298
140.759
202.86
151.724
168.634
186.549
188.256
190.029
121.597
136.529
216.267
203.888
204.368
187.579
221.438
209.105
198.601
152.714
148.766
153.839
167.112
212.377
145.609
195.546
191.447
184.288
200.029
155.445
214.683
227.19
157.651
224.248
204.771
187.567
164.527
186.507
160.537
147.837
130.189
355.98
424.077
437.896
411.634
379.982
362.776
425.147
456.531
358.862
423.768
383.583
434.64
446.38
407.599
396.406
456.879
455.04
446.333
427.632
453.139
398.004
454.191
414.833
456.981
397.03
406.55
389.097
385.956
402.767
399.181
439.369
394.905
399.112
374.621
434.654
371.389
416.363
405.975
413.603
448.585
375.984
423.948
434.601
423.892
384.156
386.995
408.905
391.516
399.237
396.864
362.74
433.511
426.392
424.445
417.168
454.168
455.565
432.025
445.213
448.737
386.461
414.724
391.059
416.621
402.443
397.4
429.568
384.452
373.864
404.194
364.165
420.509
398.42
385.572
425.04
389.317
428.583
431.984
417.53
408.864
417.853
395.969
370.464
440.593
409.333
392.941
428.978
386.62
390.423
384.141
448.369
386.07
402.763
412.868
390.458
382.71
378.903
404.766
370.351
414.972
395.289
397.955
393.99
403.926
398.426
415.852
394.504
445.442
395.079
432.02
377.441
387.929
431.392
403.217
383.935
387.259
452.763
389.881
410.274
421.607
393.243
422.112
404.151
382.773
409.277
370.649
453.109
449.413
457.959
431.804
396.945
403.217
385.687
401.257
437.003
442.125
414.931
414.77
445.383
442.999
383.968
427.118
433.483
408.676
379.769
441.563
422.393
413.845
403.093
396.173
370.999
406.415
386.145
352.81
361.345
380.402
432.224
448.601
356.498
405.49
421.21
430.837
459.48
380.936
437.97
392.375
412.404
439.138
434.193
404.423
432.973
441.668
444.711
371.55
368.953
391.09
449.227
401.949
387.578
430.786
383.973
451.911
398.523
348.787
367.948
419.536
366.527
448.271
413.45
459.174
426.389
433.478
422.197
457.988
374.619
386.413
432.039
445.532
390.74
393.799
285.629
235.14
301.687
286.451
305.038
261.292
304.814
319.697
253.446
295.337
302.974
307.854
254.677
270.529
306.169
257.916
307.755
310.291
261.548
337.258
320.011
235.216
293.195
283.593
301.558
253.743
244.766
244.399
278.513
303.15
307.824
282.082
265.728
345.957
294.637
305.783
322.326
266.824
293.298
279.321
253.044
237.889
285.105
315.954
315.936
289.8
286.11
274.114
259.542
291.53
292.217
250.288
253.054
256.638
313.564
297.343
316.95
310.766
308.209
303.68
280.215
292.908
280.049
264.614
294.945
243.156
299.325
258.341
283.872
292.506
296.986
267.98
279.699
336.12
294.8
270.391
294.893
282.882
236.542
263.692
231.611
271.968
274.552
257.198
319.204
281.293
310.267
244.133
260.842
234.318
292.922
249.502
266.485
268.981
297.828
300.612
311.085
291.166
302.923
307.348
267.252
232.01
246.601
268.831
295.173
322.893
273.598
297.781
235.148
262.985
286.982
274.887
235.43
274.718
283.557
252.21
322.966
250.316
304.026
231.654
236.04
255.258
279.74
314.699
302.616
309.377
299.233
285.908
312.662
274.016
273.702
317.066
273.327
267.332
336.796
286.107
244.865
304.259
281.509
277.975
282.054
272.833
276.047
243.631
264.784
326.069
320.845
262.199
271.541
310.687
234.695
266.039
267.121
256.825
298.071
272.11
305.18
343.303
278.537
237.693
279.385
318.443
312.119
270.991
292.684
332.242
259.435
276.012
279.15
294.248
252.538
275.515
299.517
248.153
332.724
290.625
300.451
301.575
344.637
318.067
315.002
232.732
298.218
297.978
300.006
242.455
311.106
273.583
324.427
248.052
260.632
288.598
302.533
261.784
247.111
301.549
269.458
234.806
251.597
307.301
370.625
313.186
361.057
368.13
356.121
394.692
293.25
354.588
400.66
363.947
353.072
333.758
383.351
393.551
388.123
338.737
328.913
304.189
396.341
297.38
332.009
291.434
370.437
295.388
368.818
312.539
293.485
372.445
358.225
342.84
290.579
335.901
401.821
401.409
362.537
379.26
329.573
393.675
328.681
349.103
359.25
382.487
348.321
381.874
339.34
325.564
312.726
365.947
312.285
357.519
341.377
360.957
391.453
315.301
326.809
307.968
289.128
318.184
330.043
296.857
336.916
306.776
304.678
335.815
397.789
298.971
336.084
390.867
392.058
389.14
399.548
338.194
320.674
381.242
392.311
386.642
383.061
345.85
320.284
396.021
341.873
337.864
289.226
403.017
367.22
357.829
337.111
345.832
398.421
359.791
371.64
381.371
311.418
328.53
381.492
344.04
321.466
386.872
348.525
354.806
364.335
311.272
297.832
327.462
339.072
335.81
317.934
297.613
295.175
339.049
357.582
376.691
313.002
366.175
351.772
388.799
392.399
294.776
361.356
352.139
351.205
305.93
380.95
325.384
353.886
328.83
345.253
404.051
382.161
358.748
329.703
388.083
384.544
324.95
347.31
294.342
315.222
341.011
298.969
315.068
377.876
399.284
341.882
357.19
313.309
363.525
324.663
347.184
336.831
380.692
368.359
308.365
320.327
374.305
313.672
291.285
347.419
378.574
315.369
308.407
400.203
351.947
393.78
323.34
399.504
371.957
308.678
349.569
403.91
317.02
368.912
396.746
323.618
361.533
292.335
314.924
373.694
367.699
391.995
401.266
312.8
375.483
288.677
403.339
309.6
363.687
332.303
337.281
390.648
333.157
295.367
377.781
308.284
334.897
348.193
362.859
351.753
373.754
307.446
337.171
216.859
226.743
231.217
274.241
238.431
228.988
258.077
241.477
226.823
219.239
244.004
236.283
238.397
228.06
253.329
238.976
257.4
173.889
197.437
261.88
181.153
286.375
246.523
238.825
196.58
218.435
241.683
227.681
254.069
255.76
230.303
198.776
256.377
270.551
269.043
255.121
279.762
220.019
231.156
239.943
277.797
224.144
218.192
198.183
256.553
223.212
200.093
174.896
207.606
281.295
230.732
228.641
225.561
234.905
227.085
284.569
214.983
209.133
216.016
246.957
234.658
272.886
188.164
236.908
224.64
173.738
271.475
233.485
218.431
235.23
180.81
219.187
253.325
220.591
257.086
251.249
205.233
239.801
221.063
244.665
239.644
202.074
231.742
242.759
267.779
199.47
269.468
193.663
260.071
278.679
199.763
261.268
224.894
285.319
211.332
282.065
217.299
261.955
256.548
265.476
240.252
218.24
233.213
230.833
240.681
252.253
232.18
275.754
254.877
253.862
270.921
252.677
254.18
219.939
226.413
288.551
211.178
263.65
279.67
249.425
228.591
271.841
212.461
228.454
186.678
211.447
265.47
211.972
191.236
223.312
254.916
198.116
217.573
199.181
227.851
252.34
284.145
250.666
260.196
286.183
262.354
260.12
238.206
218.863
223.273
272.383
224.533
277.88
240.045
184.891
212.235
231.849
277.892
279.325
232.865
212.168
249.786
269.305
217.514
230.268
208.653
267.727
258.066
272.174
267.102
251.047
251.543
228.011
217.571
191.111
269.963
273.073
215.453
284.367
261.506
238.843
265.67
212.656
194.307
252.344
284.028
213.207
227.039
232.692
240.847
261.385
240.018
279.439
223.227
286.262
243.967
249.109
265.049
210.189
258.409
282.375
259.785
275.599
197.485
231.955
139.016
113.997
102.792
115.438
88.1538
125.616
91.1969
70.2766
133.115
132.061
130.572
117.152
106.034
82.375
116.251
108.559
109.527
152.592
137.771
141.648
125.772
95.6359
125.407
115.901
124.248
109.472
107.656
134.077
127.639
95.5721
148.909
130.996
119.537
158.11
109.427
113.106
124.283
87.5041
97.2124
140.566
122.41
130.743
124.757
82.9505
126.024
79.194
147.427
107.498
75.9414
70.4236
102.56
90.1695
100.411
92.9926
79.3254
124.511
112.327
81.4317
90.1356
110.812
136.224
105.667
106.454
109.706
126.556
124.579
67.5948
63.1654
95.1539
79.2699
139.462
69.0959
156.305
133.524
61.5118
158.893
114.004
93.8064
145.003
143.189
123.848
156.454
82.0278
70.4471
73.7061
126.016
112.693
97.5781
143.557
99.0224
125.569
76.7213
103.798
125.772
124.973
84.7369
139.041
61.6079
123.615
90.2113
87.3427
136.143
86.7486
70.6081
129.621
62.2086
123.673
92.9181
114.783
164.065
81.5458
134.162
125.422
125.926
138.43
89.7931
153.889
93.9806
73.7668
105.67
131.031
121.329
85.966
161.313
94.4284
80.9786
98.8826
84.9782
136.381
92.7341
134.585
133.689
165.118
112.956
122.313
83.6269
68.6153
85.4981
86.6946
100.517
121.082
61.8017
141.913
156.944
95.0316
125.447
108.658
60.4316
59.1604
95.9912
79.9473
140.241
142.049
90.2617
119.88
70.3621
85.576
126.558
139.792
125.702
112.923
104.828
61.5391
91.0438
115.459
140.813
135.03
110.645
112.531
69.8392
115.403
106.781
118.964
135.163
116.39
65.1359
72.4274
72.9412
102.33
96.6473
107.065
108.652
99.6579
130.127
144.499
96.7834
160.876
60.5334
84.3452
111.455
79.973
78.1739
137.499
63.5976
134.97
87.7293
103.079
172.238
72.9735
61.2734
151.7
138.473
135.432
124.911
128.225
157.652
198.916
216.478
170.067
214.169
200.444
209.385
191.252
200.422
126.826
171.884
134.341
181.734
143.013
153.045
130.179
179.051
144.554
172.078
125.534
184.104
229.744
194.846
209.677
214.868
118.855
206.541
208.732
174.66
149.333
190.65
134.994
129.763
201.713
119.139
201.311
219.298
140.442
150.023
135.719
142.869
175.234
224.921
152.869
122.437
220.059
224.234
193.815
136.804
120.854
177.697
164.055
153.683
163.741
194.978
205.25
226.072
151.166
138.712
217.292
137.998
175.908
230.198
135.474
168.433
226.889
212.363
157.969
178.302
116.258
204.613
145.052
162.969
178.634
143.047
119.204
126.173
195.891
152.611
170.501
179.399
119.329
157.87
228.722
143.513
210.365
219.893
154.642
135.681
148.04
132.3
224.174
140.552
161.601
147.752
213.519
161.061
157.706
179.831
149.828
212.38
143.425
156.379
207.832
194.457
129.314
177.021
156.881
147.841
193.65
217.281
175.596
212.652
157.377
175.06
213.524
139.056
195.847
126.546
121.208
217.926
227.683
159.008
173.862
173.213
142.726
128.898
116.715
137.227
138.321
219.048
175.73
117.796
119.951
209.596
177.039
226.889
166.696
125
177.229
185.847
161.752
160.473
192.565
201.454
170.492
165.475
206.769
139.4
160.561
125.602
196.967
229.228
230.335
144.547
168.524
136.678
204.68
124.134
229.552
161.144
194.895
175.36
220.032
201.434
200.299
177.983
222.387
144.615
191.205
139.708
155.768
149.7
117.778
165.347
144.058
146.518
200.739
185.309
195.001
183.696
154.206
117.683
155.854
158.549
185.967
184.808
210.005
166.587
175.634
123.804
128.773
220.907
140.627
132.015
57.1065
56.6357
55.6328
88.2591
62.7437
4.34603
13.8472
8.7592
57.9893
43.5679
88.4765
72.2012
83.3717
56.0325
37.8327
94.9347
27.5872
48.3476
24.1099
0.802558
105.72
75.1965
65.9221
40.1481
93.1713
94.1332
95.7348
110.859
44.1869
37.0025
66.7431
96.4757
88.6735
67.1279
66.8528
34.9367
82.7604
29.4605
59.7885
50.4622
47.7278
1.42163
30.0672
12.7281
40.2467
22.841
72.324
83.5552
44.7484
72.885
40.2507
46.7215
78.2077
59.9209
110.958
106.081
49.7138
56.1173
104.19
27.7613
86.8836
97.8753
57.7707
41.7061
102.819
65.1457
66.9105
90.7048
58.0786
15.6038
46.8499
86.7636
52.6054
94.659
37.5032
60.212
38.2932
39.8882
67.1848
92.6219
84.2801
87.6452
110.409
12.1872
61.6358
97.6047
89.6996
50.7985
48.7725
62.3434
23.7312
114.225
93.7231
68.8937
89.1051
113.835
70.4507
64.5358
76.188
14.7933
85.8784
55.2754
105.699
72.9288
23.5769
19.4033
108.072
62.6685
16.0872
112.687
61.3721
41.4866
73.6027
55.6378
29.4992
19.2212
97.7608
108.788
42.3991
66.227
38.6261
38.7106
12.7241
62.6377
87.1262
53.9381
83.9282
38.1778
65.543
59.1671
55.2962
62.5295
68.2169
27.3462
7.61418
29.8276
63.7266
42.5184
56.6623
45.5941
109.691
50.0698
74.4152
69.3589
102.046
86.0001
89.0831
64.6697
34.2103
89.3364
111.118
25.5259
92.9049
113.58
22.6833
69.8098
58.9611
7.70907
56.207
43.0741
64.7591
87.3592
83.8524
24.6411
21.09
7.91419
79.246
108.325
51.7125
56.6851
100.465
102.9
85.3072
9.30536
30.2599
82.8361
79.658
40.0446
19.2185
40.8902
58.6212
68.234
103.709
61.6268
39.6536
43.0411
35.8078
43.5374
73.6596
23.1555
78.3837
32.9468
70.2735
105.506
90.1955
69.9495
62.6872
70.9075
75.442
22.8072
-112.892
-30.1683
-13.1666
-85.1841
-79.3379
-55.9309
-34.6944
-22.5481
-83.8611
-61.9982
-114.908
-60.8894
-104.179
-60.7783
-71.4847
-75.1452
-29.6261
-50.7638
-59.7905
-83.0883
-72.1142
-44.4622
-46.4305
-2.0194
-3.25696
-27.0731
-59.1924
-25.3827
-34.7335
-81.5531
-37.2475
-92.5241
-88.751
-71.3578
-52.9172
-108.882
-87.3125
-74.5379
-95.3179
-100.497
-51.1053
-72.9243
-10.43
-108.369
-112.757
-92.8751
-113.637
-39.6746
-38.3022
-93.4731
-37.5823
-94.9368
-44.4547
-47.4962
-84.9725
-58.6109
-38.0944
-71.2147
-27.3454
-27.1391
-59.5558
-58.5859
-17.6376
-50.9139
-73.3971
-13.3018
-63.129
-44.7547
-32.4816
-45.7865
-66.1286
-41.9911
-109.432
-92.9936
-30.4543
-67.6244
-58.4931
-4.47338
-48.2714
-51.3361
-26.7062
-48.6772
-72.0575
-69.6107
-69.4051
-37.2057
-89.2143
-54.1464
-66.0303
-29.3363
-56.0535
-61.8356
-57.7353
-41.9979
-68.0719
-79.1361
-41.1341
-8.83602
-11.2313
-77.2791
-69.3096
-80.3593
-43.4387
-14.1451
-81.9744
-76.4801
-68.4961
-47.4738
-104.566
-78.5581
-59.0504
-39.0926
-32.2406
-93.1231
-18.9285
-62.2907
-68.5387
-67.1445
-32.4578
-63.747
-97.7052
-58.5719
-104.397
-101.56
-59.9619
-87.3061
-112.334
-111.614
-90.2019
-43.5665
-61.4476
-106.754
-66.9937
-45.1574
-53.4097
-67.3421
-87.3541
-7.98775
-104.25
-63.4019
-106.569
-75.8066
-56.0954
-83.1243
-109.361
-37.9596
-93.9353
-18.1349
-28.85
-32.9356
-39.3606
-67.4501
-88.0233
-82.2894
-38.2474
-67.4322
-100.509
-66.7945
-87.4718
-78.7733
-54.2981
-20.0561
-23.8234
-5.98319
-16.7041
-43.4417
-4.45846
-61.0756
-45.9006
-83.6615
-92.8831
-58.2149
-110.72
-39.7204
-50.0102
-58.4304
-67.9823
-10.4856
-112.949
-81.8835
-47.6469
-84.5572
-34.6942
-47.329
-39.7307
-64.9456
-72.0094
-54.5587
-50.8855
-60.1445
-69.2238
-88.257
-54.0863
-84.6414
-79.0759
-83.0037
-47.9062
-106.612
-38.0798
-114.54
-24.5644
-12.7113
-24.5714
-9.32837
8.53337
-40.8421
-33.2706
31.8115
-3.70279
-48.7386
-55.2013
-30.1526
-27.9768
-4.42433
19.6113
-32.4483
-20.7448
-20.1844
52.6895
-45.2112
55.2063
-27.3212
-29.5067
25.8485
14.9733
-9.23318
11.4714
-5.12535
55.0193
41.5637
0.906634
-22.654
-31.2945
-9.02596
30.5906
40.7554
-3.21714
-15.0396
11.6925
21.8587
27.3221
9.72007
47.7357
47.7771
10.8411
7.51306
30.9308
-20.6142
-23.0887
49.8772
-45.7759
49.0015
-44.1121
-52.376
-42.6949
-32.6774
37.1481
27.5793
6.54554
44.1493
22.7573
-32.3906
19.3258
35.5481
31.0691
21.5191
8.34506
40.6852
17.8503
18.3708
-51.7753
50.0076
29.8427
11.4987
33.5883
-33.2131
-10.6166
-12.0133
-9.33785
-46.7456
11.9313
30.1943
-33.6098
-39.1885
24.6337
54.996
-55.2339
-30.4906
24.2045
40.7591
53.1104
-37.8393
-8.08702
54.2658
19.2878
31.9689
-30.6522
36.8738
26.6255
24.1092
-19.0984
-27.1347
31.1262
-34.7299
-11.7743
-2.91354
-40.7815
-49.2515
-6.64107
30.4889
4.59124
9.90785
22.0158
1.98181
42.6042
-23.506
-47.2749
-49.9428
29.4355
3.39962
-15.1784
57.3479
9.97774
-50.9287
-21.2106
31.9571
17.6954
-11.6431
-36.9294
-12.2773
-32.3912
26.0156
-29.6311
-8.84374
41.8239
-21.4408
27.4422
-26.8088
46.1924
-16.5619
50.7222
45.2284
24.0267
-27.055
24.9829
27.4668
-17.0201
-46.4368
25.6098
15.4182
0.778832
-5.61468
52.5302
-26.3088
37.5193
-15.9809
45.5242
-55.6983
57.1873
-15.0968
55.323
-47.2718
16.0112
22.9168
-3.65014
5.27244
18.5437
-2.7046
-17.8076
-45.7298
-34.3243
-15.0355
-53.1725
23.0981
57.0276
50.4141
-24.4926
46.5008
-28.9483
-42.4612
-22.7743
-29.6823
-50.9424
26.9794
31.9143
44.4936
-9.52151
4.33217
10.781
27.4791
-35.777
-51.8817
-39.3682
51.3952
-24.3398
-40.7894
-26.9657
-52.6663
-25.2522
18.5701
-136.337
-114.165
-166.21
-104.645
-125.838
-100.35
-138.585
-108.019
-125.146
-125.118
-71.6426
-117.854
-142.995
-115.115
-59.6932
-85.3186
-123.904
-165.141
-139.473
-87.2789
-129.32
-158.555
-92.9331
-79.0578
-121.258
-107.742
-71.7725
-81.0871
-151.194
-88.3368
-125.8
-104.561
-102.475
-132.377
-61.4716
-113.253
-136.289
-134.97
-87.1146
-83.0539
-69.502
-156.358
-75.1361
-103.544
-83.3438
-90.0506
-100.362
-120.026
-142.743
-171.706
-104.779
-83.3423
-141.01
-90.7056
-107.061
-135.93
-105.141
-119.283
-78.5007
-132.518
-114.058
-149.116
-130.551
-58.4108
-67.944
-94.1018
-87.2119
-69.5356
-83.1217
-79.1338
-136.619
-114.022
-121.968
-140.107
-118.093
-155.323
-123.545
-106.423
-137.189
-160.702
-79.1638
-85.2696
-136.458
-160.966
-125.744
-147.295
-95.8013
-69.7217
-107.379
-62.2591
-61.6894
-168.693
-128.699
-129.484
-79.6771
-117.117
-121.916
-128.052
-128.381
-71.221
-133.069
-131.844
-123.273
-123.654
-134.081
-108.262
-84.6259
-96.831
-89.6094
-123.305
-138.238
-67.7102
-165.932
-88.6936
-70.6959
-136.126
-59.7345
-159.012
-61.6838
-97.7565
-93.3863
-109.715
-93.377
-96.2814
-113.553
-128.927
-63.8216
-60.2842
-155.562
-116.329
-61.4837
-95.7165
-82.1573
-114.352
-80.9956
-110.713
-70.3496
-122.302
-128.786
-105.317
-154.449
-86.2452
-112.206
-97.2622
-78.7927
-87.087
-125.952
-66.3817
-80.2472
-122.283
-124.07
-97.9317
-124.735
-169.519
-99.7882
-101.32
-167.211
-74.7413
-76.2283
-131.977
-115.064
-89.2057
-161.404
-118.948
-75.8487
-114.442
-109.494
-133.545
-101.783
-129.597
-133.499
-127.745
-58.8101
-112.257
-89.9609
-68.4432
-113.138
-167.976
-89.0374
-111.508
-106.23
-110.405
-137.252
-139.29
-124.738
-126.499
-75.4066
-144.342
-136.07
-77.8054
-96.4333
-134.152
-111.455
-132.626
-59.2637
-120.54
-74.9978
-108.353
-75.9643
-153.837
-223.126
-239.454
-246.386
-227.096
-257.944
-280.639
-235.412
-243.141
-266.32
-196.787
-182.272
-276.031
-216.469
-211.103
-205.039
-257.212
-225.619
-278.372
-258.45
-244.076
-218.117
-215.777
-216.857
-210.054
-180.767
-232.229
-215.74
-207.422
-220.346
-228.134
-208.8
-216.55
-239.74
-258.791
-285.559
-208.991
-252.655
-278.017
-277.963
-249.656
-250.744
-266.56
-287.442
-194.739
-198.529
-222.441
-220.022
-207.995
-228.288
-203.631
-260.45
-210.621
-218.466
-222.758
-263.341
-269.663
-228.034
-266.097
-210.398
-253.504
-248.733
-208.677
-216.165
-226.245
-221.233
-254.285
-230.066
-236.14
-260.516
-234.852
-237.098
-255.436
-258.264
-245.861
-243.552
-262.868
-223.431
-273.4
-235.795
-220.486
-279.714
-203.86
-198.807
-213.527
-285.781
-228.621
-246.665
-279.358
-284.941
-269.462
-271.773
-264.341
-196.614
-230.352
-271.599
-219.732
-188.824
-223.023
-268.873
-267.02
-224.917
-251.521
-252.281
-197.776
-209.46
-254.374
-247.209
-260.684
-230.824
-228.598
-259.349
-182.689
-242.957
-277.999
-208.482
-258.156
-224.77
-266.722
-229.37
-248.333
-285.538
-215.731
-256.554
-189.093
-233.708
-243.799
-263.658
-252.971
-243.488
-207.87
-209.914
-215.424
-199.481
-231.045
-236.364
-250.32
-192.769
-260.555
-231.955
-235.377
-227.857
-230.738
-276.749
-211.185
-224.022
-238.979
-222.894
-250.123
-197.354
-199.515
-231.529
-208.553
-216.417
-283.149
-272.658
-226.973
-207.056
-225.931
-257.448
-237.043
-251.323
-236.718
-211.986
-200.151
-230.701
-283.674
-266.871
-244.385
-217.841
-265.543
-209.67
-265.263
-246.319
-235.559
-214.205
-224.321
-222.169
-216.62
-287.115
-241.98
-229.143
-240.275
-214.303
-284.748
-255.82
-281.042
-235.232
-285.868
-220.367
-224.46
-206.049
-274.113
-286.207
-205.505
-206.962
-237.124
-216.433
-271.494
-242.883
-175.451
-190.046
-201.938
-208.5
-196.482
-126.744
-194.968
-186.777
-199.976
-228.897
-206.166
-127.631
-169.749
-138.85
-208.246
-143.825
-206.096
-202.102
-189.298
-192.545
-125.868
-169.217
-198.794
-159.974
-126.977
-158.326
-206.422
-172.052
-207.751
-215.037
-168.621
-162.057
-122.104
-141.632
-173.127
-124.913
-164.819
-214.13
-115.546
-224.555
-207.174
-174.287
-213.059
-144.757
-142.648
-211.753
-156.223
-164.045
-120.371
-203.179
-201.853
-140.083
-140.753
-189.778
-177.368
-212.071
-123.189
-178.628
-184.418
-176.498
-178.085
-122.458
-185.7
-226.599
-157.779
-224.012
-216.739
-170.49
-122.451
-188.11
-166.604
-152.401
-205.483
-184.552
-166.106
-209.216
-161.136
-159.724
-220.741
-118.175
-199.343
-161.351
-153.685
-205.267
-227.422
-163.491
-170.44
-141.446
-153.074
-136.787
-199.35
-159.249
-173.19
-171.972
-168.183
-226.662
-132.374
-117.611
-129.265
-142.04
-122.317
-141.713
-220.986
-220.872
-164.97
-159.39
-171.758
-227.207
-192.14
-157.89
-137.414
-151.937
-124.897
-170.097
-204.77
-176.294
-166.523
-156.363
-167.565
-215.643
-139.497
-200.656
-130.106
-186.671
-180.761
-163.2
-159.292
-203.451
-141.902
-182.187
-143.271
-122.652
-211.543
-206.662
-219.103
-170.015
-144.009
-201.39
-220.208
-176.072
-153.54
-160.388
-189.524
-165.353
-179.317
-216.196
-197.393
-145.71
-132.065
-137.346
-205.505
-126.603
-165.858
-123.4
-213.982
-144.017
-210.42
-227.972
-160.809
-167.211
-197.78
-188.892
-167.521
-212.47
-208.295
-201.916
-122.493
-156.348
-218.73
-178.604
-148.824
-194.615
-186.398
-155.066
-122.322
-195.938
-160.815
-178.805
-131.123
-157.894
-134.841
-127.954
-168.122
-185.175
-155.303
-133.517
-220.394
-166.803
-190.364
-152.989
-189.716
-162.903
-213.562
-140.762
-196.358
-226.753
-136.707
-227.618
-144.699
-199.561
-117.48
-325.922
-252.787
-266.174
-292.892
-269.334
-278.331
-272.397
-338.553
-323.576
-311.576
-238.02
-270.272
-341.556
-266.958
-286.909
-264.122
-254.23
-265.602
-312.412
-288.505
-343.129
-297.587
-312.208
-335.413
-242.757
-308.07
-248.506
-260.232
-289.022
-269.25
-282.266
-258.793
-292.671
-275.427
-292.897
-284.988
-249.362
-258.467
-273.927
-302.288
-281.691
-291.654
-264.522
-264.217
-309.642
-332.93
-286.38
-287.643
-298.709
-275.28
-276.824
-300.849
-286.176
-325.673
-331.621
-288.597
-316.028
-257.39
-296.071
-283.943
-265.245
-268.025
-288.967
-282.685
-301.448
-292.741
-283.06
-301.515
-300.701
-274.459
-311.411
-297.65
-338.475
-310.365
-236.021
-268.572
-307.325
-260.391
-253.025
-271.103
-306.96
-293.504
-276.779
-276.056
-320.954
-308.32
-278.172
-297.672
-346.095
-265.256
-241.996
-235.827
-289.959
-277.716
-278.274
-269.353
-340.532
-281.654
-281.579
-307.219
-276.665
-280.051
-326.09
-272.67
-286.899
-325.744
-231.782
-246.684
-243.715
-267.756
-284.336
-298.402
-243.862
-301.557
-265.027
-309.84
-236.719
-310.243
-296.835
-268.707
-331.593
-251.448
-262.965
-263.254
-271.615
-299.317
-316.697
-283.963
-238.432
-312.351
-298.059
-294.615
-256.054
-297.98
-298.085
-274.515
-324.766
-278.251
-246.324
-315.868
-244.712
-251.96
-287.392
-318.141
-304.552
-297.729
-301.807
-271.822
-327.932
-293.167
-297.83
-255.07
-258.295
-264.555
-238.284
-318.441
-284.405
-342.847
-344.273
-323.156
-263.323
-280.789
-286.971
-274.88
-241.547
-300.16
-309.834
-254.883
-241.376
-242.323
-303.227
-301.035
-278.02
-309.766
-282.022
-289.138
-302.774
-327.68
-266.117
-316.594
-264.673
-282.565
-345.78
-286.521
-276.904
-288.186
-287.851
-277.977
-260.333
-291.823
-277.769
-345.637
-240.879
-286.051
-319.276
-264.946
-298.727
-305.1
-294.063
-272.747
-440.24
-416.563
-401.565
-426.637
-377.149
-451.201
-367.43
-417.064
-397.838
-383.76
-453.222
-374.697
-428.625
-450.513
-432.57
-389.474
-402.419
-417.364
-404.9
-393.682
-434.067
-359.706
-417.782
-411.733
-430.174
-391.766
-406.495
-398.89
-376.787
-395.415
-399.696
-400.266
-428.163
-404.115
-395.01
-416.858
-433.733
-431.825
-437.581
-451.605
-442.003
-433.857
-422.673
-375.509
-412.122
-396.672
-399.004
-400.141
-402.254
-392.42
-352.795
-434.355
-388.432
-418.098
-397.817
-372.405
-367.645
-375.116
-392.618
-366.322
-410.215
-367.323
-413.621
-437.507
-358.703
-433.323
-410.99
-425.646
-451.684
-392.657
-410.552
-419.628
-379.185
-404.952
-385.807
-364.787
-414.568
-449.797
-406.986
-433.283
-415.78
-421.925
-410.096
-408.816
-402.026
-428.739
-454.192
-460.397
-398.463
-363.253
-430.608
-378.502
-433.333
-406.063
-356.329
-421.112
-427.654
-396.699
-390.96
-419.4
-383.619
-436.612
-458.075
-400.49
-353.152
-410.841
-393.733
-394.23
-384.766
-420.622
-456.621
-436.85
-392.159
-407.338
-454.78
-404.058
-397.43
-450.156
-382.822
-369.897
-392.424
-398.214
-452.241
-418.276
-427.225
-399.717
-379.817
-411.567
-441.793
-387.683
-452.364
-366.741
-435.603
-386.941
-429.86
-428.962
-414.986
-424.748
-404.107
-397.779
-396.313
-385.907
-427.37
-452.575
-430.724
-429.567
-430.41
-454.258
-433.556
-374.525
-408.589
-421.732
-389.478
-364.255
-421.049
-414.159
-391.416
-403.128
-358.779
-372.544
-419.867
-396.921
-428.035
-427.744
-415.403
-439.942
-457.997
-360.898
-459.073
-349.912
-456.208
-390.091
-434.237
-418.731
-438.629
-368.658
-414.98
-418.254
-423.897
-406.429
-384.496
-402.545
-435.336
-418.177
-410.992
-454.026
-390.935
-397.719
-408.821
-409.348
-453.219
-376.535
-434.43
-370.665
-401.521
-423.524
-372.561
-453.578
-457.415
-425.999
-295.26
-346.448
-372.844
-359.426
-404.083
-305.613
-328.908
-291.829
-380.814
-298.866
-384.021
-339.274
-396.564
-371.889
-380.322
-295.954
-385.168
-323.458
-382.472
-367.609
-296.039
-372.518
-382.337
-289.687
-366.259
-384.063
-295.706
-402.857
-382.859
-398.256
-344.46
-365.438
-304.434
-311.453
-298.001
-322.595
-317.714
-371.601
-391.738
-393.25
-382.267
-333.219
-362.111
-334.551
-363.028
-326.187
-364.532
-392.901
-317.218
-359.674
-365.959
-309.999
-321.934
-300.613
-381.653
-350.879
-388.584
-393.952
-324.095
-387.691
-364.786
-355.481
-343.875
-401.685
-290.03
-294.607
-307.102
-378.836
-309.3
-358.946
-336.091
-312.459
-321.005
-337.922
-348.053
-355.716
-394.805
-375.683
-348.66
-309.751
-371.397
-321.685
-403.378
-360.211
-332.16
-373.672
-294.202
-401.232
-388.678
-383.049
-331.489
-397.556
-375.348
-327.553
-327.277
-338.477
-355.458
-348.712
-354.255
-292.069
-350.134
-333.34
-402.414
-335.896
-387.576
-359.875
-379.279
-349.803
-308.502
-325.863
-374.082
-298.242
-378.551
-322.379
-340.662
-303.651
-332.933
-397.249
-324.183
-313.364
-291.816
-327.345
-304.256
-390.65
-304.624
-302.563
-329.476
-348.28
-330.838
-392.929
-333.354
-362.257
-337.065
-375.347
-340.883
-365.901
-398.5
-352.154
-360.655
-296.82
-333.119
-302.356
-329.278
-306.974
-316.718
-320.703
-291.434
-297.28
-289.874
-315.427
-351.169
-314.164
-304.362
-353.134
-326.312
-340.445
-341.24
-389.902
-324.173
-325.504
-327.715
-353.094
-346.624
-327.525
-323.202
-345.85
-366.362
-354.078
-381.449
-295.057
-372.754
-301.864
-305.236
-334.199
-296.439
-296.325
-351.43
-386.754
-323.806
-344.294
-376.397
-301.837
-363.925
-374.497
-326.493
-364.23
-390.4
-300.327
-290.778
-379.371
-307.328
-387.053
-319.515
-349.175
-370.373
-323.895
-396.095
-345.814
-364.852
-317.906
-302.341
-240.847
-247.187
-336.659
-307.769
-308.815
-256.91
-340.225
-294.501
-291.673
-239.351
-334.391
-283.471
-299.18
-260.825
-296.965
-314.386
-291.157
-299.079
-308.491
-297.106
-291.794
-326.01
-288.248
-257.717
-248.169
-236.875
-244.738
-305.835
-251.516
-313.131
-309.481
-314.805
-231.761
-310.544
-263.849
-288.927
-284.643
-303.154
-315.87
-292.824
-235.326
-260.116
-325.894
-295.578
-291.079
-234.79
-276.422
-293.25
-298.968
-241.252
-240.499
-304.429
-322.79
-275.66
-240.814
-294.663
-282.505
-339.661
-249.157
-310.764
-334.513
-259.01
-283.709
-292.07
-271.257
-297.757
-343.564
-284.853
-287.328
-303.525
-280.6
-312.469
-275.451
-260.926
-291.607
-268.047
-316.688
-262.4
-310.438
-259.292
-334.525
-330.4
-254.009
-260.209
-266.017
-264.651
-300.774
-327.436
-257.718
-279.929
-315.545
-296.354
-317.197
-297.965
-301.21
-277.654
-308.083
-281.806
-302.346
-346.159
-247.927
-288.309
-257.106
-275.319
-244.994
-233.309
-268.402
-305.374
-280.389
-271.449
-290.641
-298.616
-311.285
-275.592
-293.849
-251.221
-236.735
-232.226
-266.018
-286.61
-274.919
-287.217
-322.783
-297.407
-287.354
-269.713
-261.418
-263.585
-332.053
-269.521
-291.021
-300.402
-292.779
-292.775
-252.789
-306.913
-235.015
-240.375
-272.87
-292.337
-285.505
-289.95
-280.145
-280.382
-268.551
-335.58
-334.1
-288.368
-278.577
-249.217
-293.139
-297.064
-273.241
-309.878
-279.883
-283.516
-317.568
-261.994
-262.325
-299.091
-233.081
-279.141
-270.631
-304.398
-323.88
-267.186
-297.8
-262.609
-281.484
-275.569
-312.896
-289.46
-300.523
-249.366
-255.849
-340.102
-259.66
-273.195
-272.215
-286.06
-284.75
-267.437
-265.828
-275.527
-290.481
-291.565
-287.623
-309.669
-239.286
-252.536
-340.913
-293.947
-271.146
-301.539
-324.609
-311.131
-238.89
-276.384
-297.707
-406.547
-410.086
-449.333
-391.799
-367.229
-390.387
-403.389
-408.785
-391.586
-352.27
-424.872
-444.335
-447.704
-416.774
-407.361
-459.497
-456.932
-416.283
-399.048
-438.736
-396.975
-423.18
-395.381
-417.814
-373.945
-457.272
-357.788
-454.408
-412.555
-398.315
-446.431
-388.639
-460.822
-429.501
-460.834
-375.542
-416.354
-429.27
-406.793
-453.793
-394.558
-405.539
-434.992
-453.58
-425.467
-368.269
-358.98
-402.14
-385.794
-381.138
-359.04
-414.746
-387.492
-434.014
-436.337
-400.31
-385.832
-432.776
-414.673
-392.276
-450.906
-388.445
-359.717
-422.133
-390.467
-424.162
-418.612
-393.855
-393.048
-439.026
-390.221
-460.384
-439.548
-377.063
-427.767
-386.738
-413.922
-397.459
-400.189
-391.901
-405.958
-428.081
-401.007
-390.977
-407.675
-388.12
-405.482
-405.795
-380.938
-453.607
-361.98
-401.88
-403.943
-398.845
-451.565
-414.39
-389.046
-383.541
-397.334
-413.956
-381.711
-394.902
-396.5
-399.994
-404.575
-459.775
-429.397
-461.144
-452.949
-460.88
-374.008
-398.907
-382.908
-402.839
-449.459
-430.08
-361.711
-388.911
-376.414
-412.949
-441.094
-459.126
-453.664
-396.604
-348.286
-378.342
-376.26
-444.362
-403.516
-402.418
-366.828
-440.221
-419.948
-348.77
-413.429
-449.062
-419.65
-392.48
-378.667
-448.257
-430.559
-442.008
-396.492
-412.842
-412.666
-439.432
-441.979
-411.319
-456.978
-378.923
-410.417
-413.044
-435.271
-434.796
-391.917
-417.096
-452.16
-394.055
-444.651
-357.296
-453.095
-361.908
-393.193
-420.432
-384.481
-451.987
-460.946
-409.969
-383.028
-380.766
-426.623
-410.149
-352.182
-446.727
-401.725
-441.575
-457.81
-424.279
-448.634
-413.015
-388.085
-437.406
-428.316
-412.077
-386.578
-413.985
-400.567
-391.237
-408.362
-405.671
-408.433
-431.719
-428.511
-429.414
-388.673
-422.505
-391.958
-407.284
-457.933
-457.86
-338.922
-305.935
-354.563
-325.715
-308.554
-339.294
-365.302
-334.921
-301.72
-343.166
-344.203
-331.581
-361.098
-302.73
-370.118
-361.404
-369.498
-297.291
-374.304
-361.789
-336.094
-380.376
-327.212
-325.544
-353.855
-318.59
-357.857
-319.539
-323.843
-333.89
-346.112
-391.819
-387.733
-319.642
-404.111
-365.357
-330.534
-389.829
-395.419
-320.231
-373.124
-345.583
-324.396
-299.62
-384.706
-375.999
-330.938
-391.04
-289.662
-303.524
-320.284
-343.104
-296.99
-356.853
-370.343
-402.747
-334.15
-352.6
-304.311
-368.469
-302.6
-308.216
-362.05
-375.032
-297.364
-386.012
-340.038
-317.824
-316.926
-330.744
-362.902
-359.918
-403.064
-383.903
-353.613
-305.108
-292.963
-337.495
-293.075
-385.74
-358.775
-314.939
-349.082
-383.507
-332.988
-339.311
-363.492
-305.49
-295.034
-363.701
-381.204
-327.764
-379.537
-333.141
-387.342
-339.376
-288.865
-323.034
-339.075
-391.867
-393.04
-355.295
-310.662
-297.008
-353.459
-382.067
-352.006
-305.721
-377.804
-309.027
-341.952
-337.374
-367.102
-370.088
-344.24
-390.195
-360.491
-382.289
-364.178
-331.075
-386.428
-298.914
-328.479
-360.833
-325.921
-318.62
-400.883
-331.866
-350.907
-379.556
-303.958
-365.964
-359.902
-311.526
-386.268
-400.162
-392.448
-332.591
-328.216
-339.966
-367.62
-303.041
-355.168
-296.743
-339.547
-330.517
-384.757
-392.349
-320.986
-313.106
-312.496
-309.977
-298.498
-324.727
-333.035
-380.838
-355.83
-396.082
-290.078
-403.075
-398.017
-370.469
-396.154
-291.639
-293.746
-380.934
-343.933
-311.891
-351.524
-390.517
-382.56
-389.31
-304.947
-351.021
-394.235
-392.443
-397.557
-289.628
-398.963
-342.719
-374.689
-334.768
-374.996
-338.666
-394.691
-322.264
-380.328
-387.561
-354.704
-378.168
-341.976
-401.356
-362.77
-361.923
-351.498
-322.248
-305.031
-386.629
-333.529
-316.942
-256.77
-277.537
-309.999
-261.347
-262.732
-286.263
-279.281
-262.521
-290.449
-304.14
-289.559
-345.548
-325.827
-313.33
-280.306
-313.396
-233.733
-281.314
-270.361
-280.377
-257.587
-305.51
-271.813
-252.851
-260.422
-274.517
-294.175
-242.718
-234.815
-235.621
-280.675
-264.911
-340.06
-302.485
-232.91
-296.561
-237.591
-292.189
-238.822
-292.16
-270.019
-290.396
-339.302
-278.205
-286.788
-254.324
-328.934
-240.455
-287.411
-234.01
-274.916
-279.354
-272.575
-309.717
-237.143
-309.38
-314.112
-239.7
-280.107
-296.2
-252.446
-246.244
-271.023
-301.43
-332.248
-296.211
-265.273
-296.277
-323.312
-317.522
-261.247
-335.888
-318.527
-286.916
-270.795
-300.03
-293.171
-278.289
-303.392
-314.168
-252.43
-281.078
-272.603
-252.735
-274.064
-274.103
-274.216
-295.58
-293.969
-295.841
-293.955
-306.129
-262.086
-345.426
-251.225
-303.989
-319.383
-286.552
-289.671
-248.286
-231.994
-294.714
-240.195
-278.708
-247.114
-314.164
-285.112
-278.275
-309.041
-300.974
-284.804
-293.336
-251.832
-303.408
-307.586
-297.105
-293.836
-289.186
-301.648
-276.768
-257.379
-312.049
-276.434
-266.383
-281.224
-256.284
-296.8
-299.897
-233.59
-280.316
-323.865
-327.533
-276.035
-280.015
-237.081
-323.304
-265.9
-270.957
-336.06
-271.509
-299.354
-344.262
-281.229
-250.082
-265.243
-313.742
-278.634
-266.799
-295.788
-253.807
-298.762
-302.888
-286.714
-312.477
-280.729
-244.934
-337.668
-288.727
-262.624
-298.951
-285.201
-298.382
-283.583
-267.78
-259.156
-267.278
-247.23
-311.398
-244.471
-337.234
-273.748
-295.679
-337.063
-296.709
-245.876
-274.944
-300.728
-235.544
-294.296
-316.44
-262.721
-259.468
-338.626
-311.374
-332.202
-271.406
-286.747
-306.395
-333.143
-295.977
-280.532
-246.829
-287.128
-272.542
-290.058
-293.986
-317.866
-277.108
-241.309
-296.325
-380.803
-414.49
-386.558
-406.59
-416.099
-428.083
-442.712
-457.498
-363.228
-434.157
-417.422
-374.274
-371.126
-373.02
-393.275
-392.304
-387.935
-394.406
-401.2
-426.245
-374.295
-412.309
-380.826
-430.802
-436.715
-444.394
-423.298
-391.899
-431.746
-384.451
-379.484
-442.976
-441.894
-403.862
-412.108
-451.362
-406.246
-402.358
-431.117
-377.991
-435.131
-396.284
-416.77
-460.854
-417.264
-434.764
-405.489
-348.433
-447.658
-348.024
-455.998
-428.149
-376.567
-368.694
-394.648
-449.863
-404.389
-434.468
-391.675
-432.39
-397.797
-420.903
-446.443
-445.169
-377.213
-405.269
-436.122
-357.453
-444.736
-396.825
-438.832
-398.147
-439.736
-445.549
-396.806
-412.802
-371.703
-409.358
-412.703
-350.233
-429.003
-378.013
-412.618
-444.885
-355.517
-423.45
-444.925
-425.044
-406.767
-383.245
-415.755
-456.511
-375.229
-397.11
-423.336
-404.711
-391.749
-406.034
-392.689
-408.919
-355.149
-361.922
-400.068
-385.192
-413.809
-432.369
-396.564
-409.9
-412.934
-424.068
-420.462
-370.239
-453.729
-386.204
-443.302
-398.911
-419.373
-449.847
-388.374
-371.176
-439.742
-448.39
-427.434
-396.545
-399.25
-386.514
-433.99
-414.057
-420.536
-397.041
-456.52
-449.972
-448.059
-416.252
-438.205
-395.541
-382.221
-400.856
-405.906
-387.4
-450.056
-427.801
-392.407
-408.543
-380.27
-397.254
-431.169
-443.274
-444.702
-461.036
-459.977
-431.353
-403.774
-392.581
-405.493
-393.789
-436.592
-378.916
-415.917
-436.207
-380.759
-352.785
-409.498
-427.643
-365.069
-387.887
-438.003
-387.165
-417.355
-435.761
-414.084
-443.186
-421.805
-392.199
-386.744
-394.379
-406.158
-383.189
-397.224
-431.421
-380.988
-401.296
-407.836
-423.356
-405.666
-403.793
-402.076
-410.099
-374.097
-395.436
-422.654
-349.348
-410.192
-443.528
-458.928
-370.733
-411.329
-416.961
-452.764
-385.571
-325.996
-331.479
-304.102
-344.123
-392.162
-342.391
-392.76
-354.198
-298.816
-341.73
-381.664
-349
-290.801
-353.085
-319.585
-302.408
-334.727
-310.199
-383.03
-369.223
-370.087
-300.711
-351.577
-295.353
-320.608
-395.002
-296.212
-402.993
-292.592
-377.876
-380.324
-347.452
-372.698
-400.298
-391.083
-302.607
-319.849
-335
-290.282
-306.204
-402.672
-402.948
-348.835
-353.322
-379.368
-348.899
-386.233
-349.444
-386.065
-367.714
-365.096
-323.068
-347.884
-316.786
-349.778
-299.337
-358.189
-392.191
-289.812
-341.51
-397.597
-388.74
-309.291
-330.989
-383.915
-403.633
-400.914
-358.048
-305.139
-312.65
-323.025
-383.594
-335.102
-290.19
-366.442
-393.412
-320.516
-347.729
-394.19
-377.76
-378.006
-298.323
-381.675
-318.243
-309.572
-348.13
-317.746
-353.815
-295.525
-362.016
-305.049
-305.732
-311.545
-399.748
-312.545
-369.953
-328.07
-296.857
-354.173
-359.394
-304.941
-306.755
-388.195
-295.461
-328.091
-316.513
-302.111
-356.174
-331.348
-310.566
-333.769
-385.118
-318.563
-304.217
-317.127
-380.038
-318.71
-387.022
-348.315
-299.672
-294.447
-289.791
-343.108
-313.404
-353.67
-340.326
-322.221
-364.711
-322.641
-337.735
-331.023
-292.402
-319.259
-310.82
-297.646
-388.788
-362.906
-357.192
-391.138
-344.093
-352.952
-383.893
-305.474
-316.736
-338.485
-384.152
-333.396
-365.795
-318.295
-298.036
-330.551
-379.636
-319.224
-300.274
-322.393
-315.248
-329.99
-382.446
-388.198
-305.526
-299.638
-307.376
-345.918
-370.773
-329.291
-390.832
-292.405
-340.572
-385.68
-391.455
-396.167
-294.519
-395.16
-303.033
-394.668
-324.883
-381.284
-318.693
-300.311
-290.475
-290.402
-307.886
-294.355
-363.504
-371.244
-401.146
-338.206
-292.849
-306.1
-317.919
-403.695
-357.964
-304.414
-355.124
-301.704
-301.376
-317.397
-320.177
-329.943
-298.727
-148.19
-65.645
-62.9408
-129.477
-156.991
-136.686
-150.35
-127.123
-71.3003
-127.397
-70.6139
-112.021
-71.8
-98.9337
-92.1222
-164.304
-123.754
-88.8162
-131.603
-134.931
-138.692
-81.541
-77.5813
-118.333
-69.4412
-75.7595
-132.718
-105.367
-98.6528
-82.297
-120.225
-118.534
-90.1659
-85.6372
-103.424
-97.971
-94.7677
-131.67
-124.798
-105.376
-129.357
-72.4222
-111.229
-165.311
-60.0052
-161.088
-103.186
-129.599
-119.536
-140.584
-124.43
-113.593
-171.862
-104.158
-134.219
-86.6167
-87.1631
-154.861
-88.41
-144.438
-118.046
-120.895
-134.576
-117.748
-121.282
-88.1321
-119.069
-125.555
-93.1344
-103.136
-123.902
-144.63
-104.426
-97.4504
-122.409
-135.87
-93.8951
-131.491
-116.963
-77.283
-61.9961
-102.026
-143.717
-85.0373
-92.1044
-94.654
-173.078
-117.529
-84.8874
-140.607
-72.9639
-67.973
-116.954
-103.933
-87.7119
-129.728
-139.69
-81.289
-97.3227
-113.79
-91.7244
-70.4911
-138.318
-119.454
-67.9485
-103.135
-69.9601
-108.36
-102.179
-120.147
-152.811
-116.104
-80.5162
-91.0509
-133.495
-157.299
-126.91
-101.437
-106.297
-73.6424
-125.039
-104.227
-135.925
-120.153
-145.021
-97.8737
-58.7676
-108.881
-120.219
-113.926
-81.4178
-93.672
-95.6658
-139.508
-100.831
-80.0213
-122.729
-151.018
-90.0697
-123.176
-67.402
-134.466
-83.145
-80.935
-109.171
-62.2822
-64.0087
-123.54
-121.663
-126.905
-88.7184
-66.2715
-108.227
-85.1584
-134.065
-115.432
-84.7472
-92.2903
-115.444
-143.524
-119.427
-99.4769
-125.663
-145.037
-151.852
-59.581
-121.267
-90.5699
-95.3717
-67.4324
-74.3035
-156.971
-128.613
-117.581
-88.6511
-92.026
-113.643
-78.9866
-99.0276
-154.222
-110.984
-73.9872
-89.8793
-114.639
-135.078
-85.8961
-85.9256
-139.883
-86.3593
-85.0385
-154.912
-122.694
-100.503
-87.1887
-164.024
-62.2768
-128.327
-78.9868
-161.37
-138.324
-190.084
-272.028
-223.716
-241.977
-266.09
-242.754
-250.098
-281.494
-184.956
-209.424
-233.927
-182.582
-258.784
-213.724
-280.277
-288.187
-256.807
-288.004
-237.268
-273.591
-204.638
-238.231
-212.969
-245.137
-204.887
-247.673
-270.255
-188.755
-222.274
-237.394
-218.238
-239.907
-175.363
-244.538
-210.163
-264.614
-267.096
-220.221
-225.641
-244.228
-276.837
-246.441
-181.845
-189.441
-248.477
-232.067
-213.601
-262.754
-288.478
-256.136
-220.372
-282.468
-218.206
-217.063
-205.064
-240.687
-282.287
-249.061
-201.859
-245.083
-211.062
-210.916
-273.183
-235.577
-240.562
-283.792
-236.571
-223.571
-252.192
-225.638
-198.668
-225.687
-252.322
-242.691
-200.121
-235.305
-199.995
-248.007
-203.05
-212.024
-224.913
-177.602
-247.1
-252.435
-277.372
-206.686
-264.577
-237.851
-227.104
-183.914
-240.95
-260.725
-228.335
-248.346
-216.64
-211.25
-287.343
-232.291
-209.142
-208.267
-181.797
-225.571
-184.237
-282.918
-249.494
-206.616
-227.362
-254.08
-266.753
-220.058
-282.131
-178.576
-243.589
-204.094
-284.686
-230.464
-238.786
-284.23
-269.803
-273.13
-204.41
-178.156
-231.654
-184.571
-253.54
-231.251
-259.256
-223.653
-256.215
-236.214
-266.555
-214.2
-184.583
-228.398
-268.562
-225.202
-191.705
-175.809
-217.927
-215.308
-260.583
-182.175
-210.069
-211.617
-234.194
-241.389
-276.683
-277.869
-216.051
-262.728
-270.349
-210.064
-185.9
-225.033
-276.896
-236.891
-274.353
-263.678
-240.212
-242.136
-184.161
-239.311
-202.096
-251.367
-250.261
-265.695
-205.476
-236.553
-287.934
-256.193
-244.293
-193.069
-250.432
-274.426
-232.585
-260.451
-232.381
-177.938
-229.023
-228.569
-229.131
-229.666
-208.698
-238.594
-252.233
-280.18
-230.774
-208.725
-208.788
-188.225
-253.236
-181.99
-225.225
-236.483
-250.134
-216.113
-205.123
-252.936
-208.893
-196.436
-147.5
-167.909
-173.77
-217.62
-221.9
-198.928
-161.633
-224.654
-173.962
-118.237
-160.102
-199.105
-176.411
-131.359
-134.083
-116.154
-141.813
-223.004
-189.354
-201.955
-219.961
-200.328
-186.505
-172.86
-200.536
-193.326
-130.964
-213.883
-147.459
-215.493
-203.678
-223.229
-185.708
-206.708
-150.403
-119.36
-204.618
-194.615
-132.037
-230.141
-165.108
-158.196
-192.91
-199.283
-126.871
-218.149
-208.391
-119.53
-182.904
-212.652
-218.958
-132.698
-166.096
-143.397
-163.066
-188.614
-191.723
-183.905
-187.625
-133.387
-157.681
-225.238
-195.099
-133.029
-172.798
-148.293
-162.99
-147.725
-181.632
-185.598
-150.874
-226.741
-216.41
-161.288
-136.627
-185.215
-188.368
-217.064
-135.502
-141.867
-168.942
-181.515
-230.243
-185.277
-215.274
-129.575
-145.056
-177.035
-149.939
-220.491
-207.338
-185.023
-146.447
-177.382
-226.682
-188.337
-167.719
-210.785
-187.256
-166.219
-123.73
-153.345
-221.916
-184.325
-171.75
-151.724
-224
-156.625
-187.145
-136.501
-196.381
-165.007
-188.276
-219.723
-217.52
-205.773
-154.72
-147.446
-214.11
-117.464
-142.247
-138.922
-214.537
-164.32
-180.522
-214.815
-218.554
-162.91
-154.591
-116.878
-159.89
-124.957
-224.788
-217.581
-140.555
-186.728
-175.423
-229.714
-220.79
-143.697
-222.899
-206.027
-211.973
-212.236
-187.176
-132.031
-161.684
-223.831
-120.193
-176.455
-133.498
-174.102
-127.098
-136.737
-180.814
-155.862
-178.311
-128.178
-166.03
-205.731
-156.605
-169.775
-167.544
-176.692
-199.087
-119.454
-205.026
-143.803
-139.238
-168.594
-135.556
-194.118
-200.402
-140.259
-167.211
-157.053
-218.262
-133.927
-190.365
-163.977
-145.73
-139.128
-167.502
-157.038
-144.563
-228.771
-117.269
-125.171
-230.661
-184.385
-156.525
-190.169
-168.81
-134.541
-195.829
-124.868
-213.1
-123.863
-147.394
-156.464
51.6401
32.1713
65.8502
42.6053
27.9075
113.532
85.3432
62.5916
0.348799
33.9844
44.2622
68.5984
62.1049
33.5192
55.7523
42.7197
111.253
53.3492
87.1381
85.7453
31.3485
105.49
53.0154
70.6778
65.2622
36.1546
65.2276
67.6478
68.2894
40.7099
78.8308
36.9498
12.689
77.0562
37.6065
103.118
3.07609
114.444
94.6046
102.131
54.0226
46.7452
67.5443
60.4861
111.173
72.2719
104.041
60.2432
37.8536
57.4789
60.7213
82.8373
21.6964
45.1052
45.3565
37.1685
70.9726
74.9547
108.313
87.275
35.022
71.2322
102.437
3.18426
106.614
67.8652
52.1344
78.403
30.5182
58.0549
97.2783
25.1758
7.41352
33.5319
85.4482
39.3808
88.6479
78.0415
55.6707
57.8394
70.4585
36.4056
49.0611
59.5446
50.5086
59.1682
61.7111
38.7935
109.263
14.8502
15.7459
110.36
56.4863
33.42
42.5845
39.4458
65.0941
106.474
48.7424
114.116
72.4289
15.7628
15.2183
68.3479
91.8652
42.3762
36.653
67.5139
114.154
58.8845
100.583
114.964
48.8264
88.1271
42.5879
50.7704
61.1728
68.5819
53.6055
75.0696
69.6509
109.33
75.8259
20.942
4.5668
6.64654
39.2149
66.6027
95.6979
79.7832
14.6912
96.7092
8.28765
52.3431
90.6149
103.745
107.083
46.095
39.7416
104.894
32.3103
93.6427
77.1531
73.708
1.05309
23.8912
79.0198
70.8466
107.029
65.3792
6.22175
40.3796
75.5312
52.2862
93.5871
61.9751
104.034
63.8184
41.9343
82.76
47.8268
66.0714
104.183
113.549
59.4329
30.6575
39.6664
84.843
83.0755
93.2271
49.8648
55.5808
19.8065
5.70667
30.0637
91.2475
15.3848
59.0027
108.022
58.8551
63.745
54.9539
34.5272
1.34403
64.7044
81.0898
12.1153
33.1103
75.5725
31.6703
113.794
90.8317
68.6413
79.0039
39.6501
47.9267
81.4354
36.9578
91.1873
107.226
-86.2692
-54.7251
-61.9965
-31.4457
-101.58
-48.6006
-68.3998
-31.7252
-67.3838
-64.4213
-67.5397
-88.5484
-59.6013
-89.9308
-59.1933
-109.495
-25.5772
-108.008
-58.3638
-28.0264
-84.3869
-100.202
-25.4862
-26.961
-56.3789
-98.6234
-81.9461
-50.8161
-91.75
-84.8967
-100.241
-50.2904
-101.344
-4.18875
-19.7316
-49.7974
-42.9036
-30.6763
-44.738
-87.7831
-50.4493
-82.2488
-82.5042
-55.7169
-94.4765
-48.3349
-80.382
-103.436
-21.8586
-91.092
-64.1059
-34.0292
-79.5651
-93.6685
-54.6623
-48.7978
-49.009
-53.9295
-70.0791
-63.9526
-68.2479
-47.5623
-47.6634
-41.5539
-70.7634
-114.048
-72.9989
-53.0967
-42.7289
-80.7406
-21.3448
-81.0333
-77.7896
-35.8446
-57.2107
-67.5864
-97.5617
-5.66153
-62.5644
-52.7667
-55.7434
-80.5515
-51.0611
-58.9523
-64.2529
-69.6555
-112.693
-59.7777
-63.9037
-12.3495
-29.4416
-62.6781
-7.75451
-27.3842
-72.6604
-25.8143
-35.2319
-18.3206
-74.1793
-65.4398
-33.0926
-62.3122
-77.0769
-102.047
-55.5706
-12.6101
-75.4368
-94.1491
-108.073
-64.5409
-95.3169
-66.1951
-101.407
-66.084
-42.2663
-4.69256
-32.1514
-94.1285
-75.3343
-64.9123
-52.7234
-82.9556
-51.7806
-76.3428
-22.4097
-40.5373
-28.7404
-18.9733
-69.7406
-65.969
-4.9956
-72.6175
-73.5408
-37.9817
-46.9577
-58.0368
-48.1665
-96.0416
-90.056
-33.2978
-33.5987
-34.3782
-72.1745
-46.3772
-16.0677
-59.3483
-97.5863
-105.591
-59.5441
-27.3411
-39.4898
-66.5116
-75.7251
-46.6144
-21.5858
-16.134
-38.8677
-77.8862
-61.2748
-60.3458
-75.299
-107.259
-57.4294
-67.355
-71.8457
-84.8437
-95.659
-66.9441
-93.5456
-50.48
-93.1305
-72.7923
-89.7139
-105.315
-96.9667
-6.20641
-43.904
-19.0567
-41.9536
-77.3366
-38.848
-20.5336
-54.7132
-9.27477
-84.4104
-55.7589
-32.9604
-44.1605
-107.457
-65.9817
-104.94
-97.6897
-99.6653
-26.5497
-54.7688
-54.9226
-97.7001
-35.8119
-37.4273
-78.5357
-28.6225
7.42754
-24.2429
27.7884
15.9797
-6.27564
-36.1558
13.9249
-52.3585
-37.1317
26.0418
16.2062
29.4976
-27.9657
-54.2886
-15.0397
-3.5337
-18.2168
-2.66403
6.96912
-24.3757
-42.6449
46.873
16.3758
13.7731
55.2294
-1.59648
-48.2052
-25.9529
28.7539
40.4009
-32.8263
-14.0692
15.3416
-40.4089
-33.3641
-45.9476
22.1853
39.9103
-22.2764
3.42813
-53.8314
-26.4669
-25.884
-22.6405
-25.6325
6.49682
16.8423
39.6973
-28.9392
54.2832
10.9804
37.4522
2.55037
-46.4366
33.9095
-33.4901
-6.17299
32.0505
20.0854
23.9114
6.05117
28.2976
0.234328
15.6578
-20.7752
47.608
-40.9129
43.3583
29.2248
-20.3595
1.44512
-44.2033
-5.34492
-23.5209
23.7694
24.4624
-35.9288
37.6683
37.148
32.8585
-13.6992
4.25649
12.9834
50.4718
27.5925
52.6963
42.1301
-37.4492
9.52297
-8.95206
-6.33404
-17.1481
-34.0995
30.4012
-9.33747
-26.379
-0.561907
29.7675
29.2917
1.44265
-51.8676
39.5234
-8.07442
-12.7977
21.8172
33.8027
8.94634
-14.5486
-30.0964
52.1337
40.7258
24.1746
-45.2622
-6.73083
12.1447
-29.0669
35.9022
15.8619
53.7824
44.6143
-19.6921
18.4483
29.9205
-37.1572
-37.0871
-51.4642
8.52736
-28.6986
9.26199
-5.32018
36.0653
-34.5479
-42.1966
-25.9747
45.4537
11.0845
-31.5116
-55.9264
48.583
15.4926
43.2133
21.9228
-52.319
-23.8875
54.041
-56.1366
-32.8757
20.1515
11.7137
-27.4692
-31.8046
45.9347
-41.315
-13.2982
-5.47513
16.7905
1.11458
-14.9403
-46.999
38.7784
-29.751
34.6545
-37.468
-12.5346
24.6806
0.755952
55.5257
-20.7849
-15.2085
-1.5332
-19.8162
-37.7321
15.0167
35.1787
12.0249
7.69589
-5.88497
8.54833
-30.5226
-15.7023
-5.37167
-28.1948
-4.18249
52.225
24.6355
19.2551
19.1755
-17.6432
42.8599
3.26215
20.3037
-8.19316
15.1066
-31.4685
47.5611
-21.0507
45.2357
-46.9934
16.9524
187.262
215.47
241.913
220.37
261.445
240.61
203.85
234.718
219.773
230.514
279.367
249
260.974
218.266
246.898
250.707
223.211
283.252
268.626
274.27
219.454
256.513
175.401
228.984
267.636
267.462
209.327
256.628
220.434
210.026
247.534
235.6
241.054
182.131
224.328
238.787
201.341
257.118
225.476
209.64
184.764
287.445
198.217
195.819
278.104
207.619
240.651
238.366
225.79
280.254
219.034
177.411
284.032
277.494
212.535
232.383
179.261
187.936
227.81
179.46
256.118
261.571
249.214
190.998
221.946
284.078
252.942
266.236
204.625
269.952
222.534
281.079
276.059
272.488
262.49
180.63
249.548
247.02
177.91
261.131
220.821
207.462
272.262
287.05
191.49
216.171
283.745
208.345
230.709
205.203
178.96
274.527
247.434
183.247
260.347
281.583
284.078
238.396
277.144
234.926
222.216
233.156
223.025
239.187
259.491
250.903
256.941
197.602
257.991
230.473
243.392
245.534
173.561
236.14
230.816
203.705
192.175
215.883
234.1
192.544
244.017
285.462
239.611
241.514
211.699
200.931
235.235
270.296
208.584
250.658
235.436
249.082
268.733
217.521
233.213
184.672
285.801
198.191
232.047
247.845
240.542
234.77
196.526
238.195
274.483
240.292
288.673
245.151
253.882
250.34
252.769
195.395
211.22
237.933
208.054
236.731
230.992
237.022
223.378
231.675
215.981
226.9
180.052
247.753
244.564
235.001
180.726
209.521
222.416
212.396
286.895
221.651
239.537
212.916
279.453
239.016
269.645
279.703
235.316
192.379
223.894
224.504
217.29
207.252
282.567
210.088
192.364
278.159
232.299
219.607
250.397
268.538
247.717
259.477
287.577
274.57
187.184
288.585
268.234
257.973
137.035
150.897
161.921
71.8499
114.84
135.033
121.075
84.3349
66.9488
132.362
88.989
91.5519
87.7173
74.2042
113.996
93.8191
166.632
115.349
171.508
147.993
138.114
75.7655
128.119
90.7346
131.453
77.4124
110.118
105.192
86.0087
128.537
98.4538
140.06
111.803
74.6026
160.124
109.834
132.252
120.511
92.8631
84.0956
114.408
109.675
88.6643
144.789
64.8783
85.8093
123.705
135.187
110.845
124.262
63.0679
156.015
122.361
66.7479
79.6699
70.939
107.277
109.521
89.6004
80.2873
154.392
76.8303
128.381
171.849
96.626
107.348
139.764
119.066
146.954
119.481
63.9352
75.3613
81.449
109.487
109.709
103.82
160.313
127.413
101.167
90.7394
145.361
154.364
143.683
94.2851
88.7411
146.301
138.696
107.567
122.021
115.24
82.964
82.278
119.645
63.084
67.0354
93.1184
76.3639
166.361
111.086
93.7502
71.0729
139.696
93.235
70.7294
85.6054
122.759
101.748
98.3987
119.616
130.29
120.251
60.8489
70.5455
87.6839
115.654
101.713
111.223
110.27
113.692
150.647
125.752
92.613
115.322
60.2291
62.1606
139.619
87.5557
139.087
112.603
121.08
169.103
136.126
80.6273
127.002
87.0843
172.031
77.7608
114.198
97.0549
78.1837
109.826
121.943
152.003
70.3895
106.017
118.185
83.5304
60.7716
73.8119
121.757
126.431
111.412
151.511
168.678
63.7277
103.311
109.853
120.645
143.183
166.69
97.9703
168.989
98.0985
122.75
172.376
113.316
84.1678
172.152
132.827
101.284
118.745
114.197
90.3359
129.918
67.5392
157.714
93.9256
102.995
132.541
82.7185
118.598
128.547
148.339
112.828
137.146
105.537
136.181
141.75
130.78
143.537
94.3033
70.7776
92.6208
104.134
105.671
63.6551
152.042
125.931
129.435
67.628
142.073
185.514
146.554
172.352
171.64
176.288
218.14
116.914
207.506
220.505
226.85
186.729
128.64
165.41
176.936
126.472
137.107
202.926
212.57
116.196
151.022
150.59
195.254
164.696
195.112
155.541
175.211
178.353
143.656
149.622
187.655
216.827
168.441
126.963
197.629
153.098
215.12
220.996
140.318
184.792
208.094
215.972
180.927
154.311
140.342
187.317
220.121
198.002
148.092
212.223
171.756
125.248
191.791
172.381
123.812
189.879
132.214
165.848
186.688
135.316
217.29
144.419
137.787
129.867
228.928
151.668
152.406
130.65
187.829
115.669
134.723
199.562
133.617
135.397
183.758
161.979
200.414
199.347
219.811
200.279
206.601
153.702
146.663
148.642
186.773
157.738
196.282
122.305
183.191
158.207
177.925
128.642
123.8
207.925
228.267
125.392
115.732
149.611
129.493
158.498
188.981
145.003
141.894
204.039
118.026
130.986
222.248
188.865
189.705
209.581
170.526
215.824
158.413
122.67
220.262
121.02
184.085
154.618
222.206
138.585
202.086
147.541
124.198
140.002
144.681
182.082
173.405
161.859
174.983
131.114
127.213
217.095
230.804
140.573
177.887
140.386
217.46
212.085
185.623
213.14
180.092
198.46
186.93
141.329
164.741
153.459
165.334
184.705
218.681
190.086
116.69
189.133
129.728
169.172
225.632
198.726
134.839
182.223
168.707
186.425
215.785
162.684
181.564
179.478
193.767
132.618
172.043
207.134
188.518
176.525
204.369
142.4
203.303
165.781
120.022
138.363
190.886
191.515
149.416
174.532
148.051
200.781
207.783
204.963
174.148
168.606
227.129
189.248
189.189
154.716
201.197
208.125
142.472
182.166
213.235
205.186
165.974
227.926
209.523
119.27
414.199
384.629
407.76
417.807
373.166
408.384
396.774
415.763
404.688
384.26
360.133
460.307
407.95
420.492
422.814
400.357
357.469
375.634
413.557
411.677
439.829
422.014
400.588
391.446
349.668
416.149
402.253
436.429
452.948
441.963
405.631
354.828
437.894
390.418
434.434
421.506
459.908
401.102
366.665
394.816
407.758
438.277
404.725
391.647
441.707
414.163
409.122
430.019
364.255
388.191
402.02
388.219
398.271
399.669
415.624
434.293
347.304
357.957
421.342
401.952
452.011
362.848
366.149
461.812
422.018
380.414
373.261
457.618
422.827
404.308
402.475
392.349
385.624
367.403
414.349
426.098
389.23
425.696
431.894
436.925
424.335
447.572
436.513
461.688
410.632
393.7
392.604
424.009
437.33
408.485
386.156
358.963
364.129
443.731
436.451
395.498
399.584
412.757
448.33
449.36
406.928
382.276
412.092
432.263
416.712
461.011
444.874
433.007
439.467
437.532
385.872
421.835
435.341
366.448
431.746
372.672
441.655
410.657
414.985
418.207
405.046
443.961
397.047
347.951
453.421
384.014
372.32
414.448
403.74
447.137
357.352
362.652
351.658
434.454
387.425
398.403
374.044
412.452
444.466
412.376
399.98
404.348
416.226
443.631
399.241
429.711
378.809
451.136
411.539
453.412
430.55
412.747
444.708
405.117
381.796
450.759
395.859
366.754
412.273
446.685
370.41
385.519
436.737
427.06
393.365
390.746
434.375
417.456
426.126
417.299
402.891
447.236
399.31
375.691
388.563
383.466
436.684
389.086
436.972
362.149
403.056
401.007
416.025
423.6
419.258
432.366
454.099
425.435
420.979
382.12
373.114
404.545
422.716
346.68
360.145
446.481
347.881
375.239
359.493
357.111
308.668
251.887
258.595
293.244
253.619
263.063
254.384
242.867
283.244
290.64
301.823
276.916
271.855
273.655
310.403
301.77
245.909
277.396
280.189
294.862
313.819
253.502
260.548
305.981
328.54
258.823
231.485
303.974
281.657
289.447
333.982
282.266
250.57
245.255
289.975
270.187
255.025
252.083
273.534
283.717
315.755
278.491
273.629
269.876
270.551
289.121
280.618
246.605
306.683
274.426
279.463
249.889
279.419
292.191
307.457
261.937
259.012
313.597
279.134
291.681
300.089
310.768
317.867
265.892
281.033
243.68
248.753
276.934
276.222
262.029
343.143
259.235
297.687
268.19
333.825
278.797
272.219
262.368
287.705
286.815
282.644
248.431
286.018
304.877
262.303
262.169
286.962
256.499
333.929
265.808
258.006
273.534
277.563
280.459
290.318
342.873
250.534
288.405
273.672
302.96
293.311
261.001
293.302
232.21
314.132
280.256
268.809
234.836
301.127
244.4
245.396
314.881
255.353
243.045
291.329
298.773
312.663
247.382
286.767
266.386
250.391
286.334
279.086
278.777
279.298
269.777
289.474
323.543
324.829
309.131
288.309
322.888
285.156
254.377
294.497
276.854
243.066
241.442
263.126
336.513
232.367
288.949
241.39
283.004
296.749
263.709
237.667
294.465
237.036
300.279
239.352
292.423
283.134
274.222
242.414
327.452
338.609
276.623
273.698
338.682
285.114
281.525
293.175
333.798
291.899
286.929
251.056
270.374
290.986
294.2
326.446
317.731
277.792
298.929
297.641
230.959
291.1
266.68
302.663
316.657
308.94
293.752
300.865
278.322
312.133
302.695
278.239
281.107
276.091
303.58
263.776
255.596
302.296
290.96
236.186
306.59
232.63
315.833
244.803
237.661
344.016
348.598
387.801
363.117
364.833
358.808
342.113
372.229
344.263
365.187
344.019
302.764
323.256
394.714
402.793
361.245
367.317
330.662
328.099
316.009
374.408
297.195
303.883
398.25
379.305
312.22
396.777
299.351
312.465
319.157
384.803
387.103
341.392
392.436
299.686
325.694
339.966
327.748
357.291
380.988
376.006
394.151
320.923
316.276
308.945
334.829
383.381
382.912
334.381
404.037
391.561
305.539
307.47
374.235
378.277
342.11
307.673
364.91
402.847
345.806
368.478
371.472
397.603
376.723
369.162
311.693
360.584
354.203
352.755
289.786
351.32
294.884
288.863
383.973
311.332
341.696
366.784
323.123
384.734
367.859
305.109
393.583
295.134
307.669
377.642
403.929
321.407
383.817
292.635
308.074
311.871
351.822
375.137
383.927
397.567
306.759
385.256
383.92
332.109
311.296
341.536
391.235
289.312
383.726
393.322
288.914
343.974
305.336
301.196
339.715
384.929
307.125
391.36
373.474
327.94
375.89
375.741
347.903
301.124
308.938
369.293
337.523
339.635
304.631
367.409
297.468
352.636
295.625
364.952
388.834
317.91
402.525
300.127
322.735
375.53
295.034
340.52
308.561
346.145
382.047
353.278
336.14
293.867
303.923
343.101
376.123
378.866
403.3
388.845
343.338
393.272
361.254
349.095
384.434
351.182
312.962
347.985
386.222
361.632
397.303
314.285
400.258
379.91
295.939
391.774
356.373
358.985
304.148
394.105
347.414
366.509
402.354
371.81
327.687
344.753
395.166
333.109
312.282
289.702
332.624
348.934
348.862
347.443
320.737
359.053
338.241
319.829
294.414
377.591
378.848
350.65
368.718
305.183
335.305
338.77
336.782
364.182
362.858
332.304
328.866
396.511
407.245
354.825
351.327
422.954
370.33
387.022
417.779
408.875
358.448
441.973
371.328
375.848
349.693
359.339
442.455
439.513
357.09
438.916
385.004
438.062
394.145
458.033
439.726
383.541
416.399
393.84
389.914
387.29
417.235
413.49
406.328
348.037
406.629
453.844
402.365
438.03
394.601
405.56
376.112
386.367
449.705
384.008
385.229
410.84
360.38
378.157
444.836
446.628
391.917
432.196
409.546
434.693
460.776
401.637
430.461
382.857
419.36
389.631
460.714
420.474
461.137
390.185
405.837
423.324
390.54
437.789
443.312
372.534
402.663
433.247
404.145
419.583
381.721
455.947
390.327
423.3
417.708
414.252
443.023
390.818
429.652
396.867
424.133
349.901
406.548
378.408
409.06
416.294
442.244
452.209
433.579
368.598
379.08
403.151
374.245
405.518
444.967
426.292
443.358
396.373
408.657
440.799
448.477
388.861
406.095
445.111
440.22
389.902
424.038
391.515
406.001
399.681
355.867
446.094
399.864
423.876
389.398
405.318
372.77
420.435
386.316
456.721
382.811
394.278
394.984
399.604
443.744
449.029
418.597
389.552
380.911
451.9
388.756
358.137
378.442
381.989
378.828
370.921
418.568
431.024
373.633
392.178
395.045
456.259
424.335
402.376
385.468
436.109
431.661
458.386
403.942
414.979
427.227
429.99
367.702
373.345
399.343
394.136
446.25
410.72
447.71
379.996
372.493
395.881
406.704
407.108
388.519
396.454
417.174
454.749
388.245
404.226
374.407
411.561
416.143
356.009
398.745
381.294
440.177
416.877
388.049
383.787
451.859
419.786
400.874
457.821
406.204
354.46
350.807
398.047
411.723
430.317
402.414
460.758
436.862
446.949
401.572
403.232
358.695
282.717
304.603
266.649
303.9
288.215
306.08
248.859
304.185
314.43
295.678
264.608
252.424
298.456
325.604
301.902
301.071
270.892
252.826
271.061
326.717
323.138
295.778
265.058
246.244
248.776
243.89
313.404
325.013
308.963
321.198
304.971
291.044
249.41
313.485
261.651
334.848
292.547
245.534
240.063
250.375
287.566
306.389
277.082
296.797
338.932
299.933
275.262
287.109
328.415
305.264
298.492
295.966
290.088
317.545
288.294
286.59
244.767
231.001
267.976
263.917
263.105
279.993
256.172
290.239
266.126
298.211
317.366
281.502
344.918
283.041
289.835
327.984
234.771
283.154
322.502
340.143
256.893
271.658
307.569
258.404
256.676
330.137
308.233
297.505
287.319
256.471
256.785
297.557
335.65
306.617
239.21
281.123
274.994
323.838
248.893
324.816
275.609
233.927
250.62
340.877
257.315
297.569
290.256
303.556
271.694
312.144
242.186
310.666
343.278
312.131
299.998
237.35
236.978
264.829
280.561
270.81
278.354
279.821
259.309
255.451
254.477
249.318
259.344
245.755
280.536
293.576
260.808
297.206
274.273
259.445
285.106
262.436
271.351
283.974
298.264
233.265
311.39
319.313
266.804
269.725
277.806
280.954
255.986
236.078
279.183
335.285
291.645
342.538
275.737
313.643
279.716
310.022
312.299
310.795
342.184
264.868
269.201
299.064
342.999
271.94
262.868
292.208
310.041
281.222
271.21
320.861
247.345
265.473
250.975
255.078
239.859
310.379
290.59
284.352
265.438
311.721
338.828
253.912
248.467
272.135
262.581
345.096
342.29
327.968
273.807
299.085
250.649
309.18
292.796
248.531
320.015
261.839
292.661
266.624
244.85
280.293
311.229
249.181
311.75
301.646
364.396
324.146
310.563
325.315
401.494
308.797
346.571
370.063
372.403
316.963
363.379
305.159
311.09
403.674
365.941
388.782
336.407
295.093
385.213
398.271
397.812
349.681
401.08
360.837
330.519
301.142
386.34
330.039
300.688
333.672
315.612
294.717
294.066
299.402
395.341
355.573
310.181
338.471
351.596
333.951
330.357
377.927
307.082
306.224
395.618
364.722
313.913
339.738
368.708
319.839
318.457
309.751
403.283
310.802
325.628
303.904
307.83
307.439
315.427
327.581
402.63
373.841
353.973
399.567
382.282
344.967
314.833
296.39
306.252
333.685
359.763
342.387
398.214
303.768
344.049
354.677
328.754
361.115
306.812
392.205
365.351
361.55
334.277
321.67
299.062
347.315
373.665
292.804
353.983
329.987
350.761
337.56
299.528
397.4
336.871
311.879
395.032
296.884
325.412
295.6
388.704
339.254
378.529
295.353
307.175
396.287
308.432
389.089
354.871
361.08
338.65
309.891
343.019
339.793
354.215
348.223
373.058
349.264
380.982
390.173
333.641
296.243
344.264
370.057
313.758
369.002
293.578
297.66
385.522
327.503
386.864
385.47
310.405
335.928
359.824
354.406
312.371
366.007
394.531
321.367
362.366
375.507
322.494
316.885
357.736
292.652
372.12
353.22
307.491
347.42
314.978
295.83
373.112
320.709
402.209
350.696
315.48
376.303
334.354
293.375
400.913
373.821
327.975
389.35
367.347
304.963
314.899
359.089
319.024
365.213
401.098
328.708
313.597
392.341
342.353
378.383
293.695
314.687
393.187
323.768
354.255
317.846
291.034
328.964
292.444
377.771
348.398
394.886
395.39
302.699
337.567
383.515
336.957
336.152
325.839
322.142
343.681
386.737
368.097
326.769
