-15.7125
-1.14639
44.5004
38.6791
24.9849
73.8203
46.9963
51.3763
51.39
33.5959
1.66321
26.0683
-0.918863
44.8741
-0.109698
-12.1443
9.49238
56.719
70.4257
60.7627
15.5207
50.4282
56.1077
45.0077
73.1847
63.4211
-6.1586
20.2412
65.283
36.0245
70.0426
85.7143
0.788168
2.02949
2.52402
70.8828
-1.98062
-1.45854
34.545
-5.52462
36.6472
18.2246
36.7114
37.5676
59.4213
29.8224
-4.66285
22.8219
46.2403
81.0704
44.382
51.2114
91.4375
53.6034
20.104
67.7516
70.1034
-16.3573
56.1569
0.638099
49.472
52.068
75.6519
50.8486
37.8434
30.227
36.428
57.6234
60.9605
10.3055
49.4315
68.2364
83.8261
60.7209
-6.06146
2.10108
81.815
81.3032
25.001
30.0419
2.40157
60.3523
73.9345
9.68454
39.2569
16.1365
44.1345
91.9222
10.2715
48.3558
68.8658
56.6613
0.658435
-15.1139
35.3556
27.4594
16.5583
85.6777
6.01647
64.4864
1.26056
61.2525
29.9461
78.9235
66.4097
32.8409
40.1143
79.5327
10.1959
43.3724
32.6628
48.6425
85.592
25.239
71.6819
30.0216
71.5539
-13.493
47.3367
-22.0058
26.7245
25.9913
14.9973
-0.541571
25.7072
-18.2306
65.7768
53.7144
-7.55511
39.1933
41.3511
18.7678
39.6
16.3294
38.5163
46.3753
-14.997
16.1469
78.7219
-2.67712
31.7041
39.6135
41.7886
70.0718
36.4245
6.04853
54.9559
59.7648
40.765
38.3388
56.3093
57.2022
20.6525
90.7064
62.0765
65.9056
87.1241
-12.1414
86.1005
6.53626
-6.89182
62.9754
-10.0061
-8.70728
37.5692
25.308
32.936
89.3385
56.7823
89.233
-4.64209
71.5849
27.1419
54.5319
50.8652
69.2199
72.0208
-20.3867
5.62087
29.7391
90.1752
62.2651
52.6712
19.7222
-7.21814
16.2747
29.7964
74.405
2.64951
40.8528
28.3094
-21.5444
35.8674
32.432
17.3705
61.1633
59.4374
-18.9711
26.3116
1.94545
78.8839
73.92
74.0729
-11.1041
52.927
-18.6435
-26.9579
1.12937
49.9465
60.8443
12.3329
46.027
51.0159
-12.2926
71.285
75.8205
33.0694
18.0803
-0.718485
74.8355
7.29818
-5.69752
39.3907
71.1046
-8.51254
90.404
39.8921
54.4985
46.173
59.6169
39.021
55.8522
65.1143
-10.6722
-9.55023
54.9981
62.8598
78.7441
-15.4272
47.2336
74.0652
69.6537
42.7494
59.687
25.9182
33.0788
63.7075
48.0574
59.4842
61.3315
68.057
7.41208
27.6403
-13.4717
44.4013
57.8423
-14.887
39.8229
62.6642
-9.68974
-7.99096
34.0453
47.7459
63.7774
66.1389
81.8796
34.1418
97.9891
-18.0845
-18.6797
27.2133
36.4899
54.6992
38.3788
43.435
44.4801
76.3948
60.8365
34.348
-24.9899
54.4368
41.2192
23.8927
49.9527
15.0327
18.6008
26.9571
81.3418
29.3927
43.2447
34.6242
54.7217
14.0456
75.158
40.0117
43.7538
31.3466
29.6691
22.2148
-22.2079
31.8731
15.3359
74.7943
-5.31756
55.1296
46.4862
20.8874
19.8513
74.5888
-3.72702
23.7225
36.6163
53.0667
58.1777
51.0562
42.9336
-7.28609
37.4127
18.4243
65.2028
79.7534
40.9222
67.9557
62.4173
70.1756
35.633
41.236
26.9796
-15.1255
-18.1107
-17.7608
73.2912
52.129
48.5547
71.8228
10.3408
18.1391
24.2842
15.0353
-6.74351
36.3779
90.491
27.0146
-21.2318
-19.6538
42.6521
33.6555
32.0966
11.1944
59.6324
52.87
66.4832
-3.99762
43.0201
47.4449
36.6056
33.3362
6.30289
21.0684
33.7716
58.7772
26.7472
13.0631
79.6749
70.1567
-1.19132
-13.3908
74.8226
-2.34726
-2.52092
63.7201
30.0876
47.0644
8.56952
10.6839
73.1142
-1.37124
37.5987
29.3561
72.9748
22.6251
40.3162
50.0756
41.7273
11.3195
1.26863
6.87063
82.9261
13.5941
25.9553
42.3147
67.4931
-1.34475
48.1322
16.4146
71.7599
49.6987
86.5097
1.65106
30.5227
-101.763
-95.3156
-40.4797
-38.0385
-44.861
-45.3658
-91.7735
-92.324
-62.9364
-42.7482
-48.3599
-86.9916
-100.726
-83.1609
-23.0455
-76.9862
-66.2685
-82.6713
-38.0445
-76.5853
-27.0075
-60.5946
-108.031
-75.6311
-51.2351
-56.0033
-63.3216
-70.6461
-65.9477
-24.3255
-75.7366
-110.536
-73.22
-100.033
-37.7763
-80.9918
-51.5994
-34.1968
-47.3953
-42.2769
-84.0609
-53.3537
-46.845
-49.2972
-58.1153
-80.2229
-51.0424
-103.521
-75.3219
-60.3264
-127.757
-48.4417
-30.6381
-65.5208
-27.0979
-39.4269
-24.1671
-113.107
-111.567
-127.55
-53.5571
-25.602
-56.0275
-67.6677
-102.929
-87.3899
-126.288
-124.327
-71.7067
-91.4456
-96.3821
-85.1522
-50.5967
-50.8694
-59.2082
-60.5293
-100.593
-88.5526
-121.722
-35.1087
-27.3418
-52.3936
-78.4726
-36.1769
-50.3134
-31.3111
-114.411
-72.7677
-69.3018
-32.4478
-24.1398
-101.957
-43.4931
-38.3301
-62.7645
-57.2574
-79.8571
-80.028
-44.843
-79.4946
-35.7244
-83.2742
-129.501
-38.573
-80.1609
-112.994
-71.7477
-71.5807
-46.5842
-86.368
-79.4371
-73.9424
-33.1473
-32.3993
-75.5689
-92.2053
-109.253
-84.3877
-73.3974
-80.9409
-58.3156
-60.4544
-83.907
-114.7
-74.9691
-106.613
-35.336
-36.3137
-51.8589
-78.5988
-98.2556
-64.8932
-91.7129
-118.968
-90.43
-61.2358
-47.2974
-61.7499
-76.7807
-90.2049
-43.5745
-92.5171
-114.186
-81.4098
-37.2139
-83.1002
-29.9962
-72.272
-60.5422
-103.168
-41.1913
-58.8562
-60.2054
-82.9086
-47.6915
-47.0086
-51.2952
-76.2359
-99.8468
-106.455
-52.3353
-74.7949
-69.4842
-74.48
-86.8782
-46.2046
-84.616
-33.7518
-105.084
-54.2813
-80.3536
-95.9213
-41.3892
-61.8228
-71.5904
-110.194
-76.0514
-92.6899
-37.6924
-41.6813
-45.6486
-113.399
-82.165
-81.2866
-37.7911
-44.9097
-94.2116
-81.8601
-88.5216
-89.5463
-68.7611
-36.1948
-68.5068
-58.2731
-62.1743
-81.0548
-62.8506
-110.979
-100.977
-70.8381
171.752
145.194
158.995
148.843
115.124
109.965
188.022
118.768
99.8731
91.3593
89.0355
120.113
91.7633
137.004
183.209
145.931
83.3562
142.651
143.584
155.65
88.8405
133.326
103.186
139.3
134.962
97.0603
195.393
99.3179
125.646
134.26
157.43
139.422
123.852
84.7499
97.8796
118.274
76.8856
140.538
150.059
156.274
132.811
180.994
163.295
111.749
105.275
112.335
176.855
145.053
107.229
135.48
139.965
113.013
159.839
140.862
86.9817
153.345
110.604
148.445
90.9807
162.591
137.243
162.65
119.765
124.581
97.1092
148.104
155.995
120.521
98.9567
161.952
194.104
143.602
141.368
160.85
174.546
179.6
99.2459
133.116
181.62
140.386
155.878
166.225
170.042
79.9978
186.566
170.509
164.457
110.811
153.985
96.3236
114.159
163.309
148.996
175.911
143.092
169.493
126.52
78.6476
158.371
160.889
143.179
121.309
147.211
168.899
107.328
132.218
140.79
138.462
154.886
162.988
126.727
106.905
99.8794
171.43
129.714
84.5657
104.855
90.1885
191.812
97.328
168.173
169.325
146.72
151.944
163.887
173.835
122.525
107.5
163.921
90.3695
91.1233
193.29
86.2279
71.0995
169.455
170.605
104.782
177.833
93.4731
87.5021
180.868
157.79
101.826
71.4464
169.418
89.7981
166.344
155.8
94.4345
146.485
144.303
101.465
84.5291
160.281
89.6676
159.032
126.427
153.182
174.539
102.401
129.77
78.644
128.064
133.712
132.264
114.61
152.363
115.145
79.5118
143.497
141.846
114.646
178.618
155.648
124.352
136.133
140.309
126.527
110.656
81.9991
115.04
82.0392
141.291
176.555
122.539
149.047
153.353
123.691
137.151
121.579
148.322
170.061
149.141
101.614
116.151
167.546
67.9564
103.753
140.186
116.685
136.168
94.2196
171.632
179.007
112.424
174.001
118.725
184.71
151.789
172.914
156.624
156.986
136.852
130.441
181.887
170.719
120.069
102.069
99.4033
154.562
175.8
97.6333
125.607
116.396
135.837
122.968
93.932
111.005
108.176
153.333
132.108
168.09
86.015
137.632
82.15
179.577
101.722
105.5
105.078
86.4358
170.66
96.2647
131.637
126.907
100.49
132.553
85.1561
97.4334
113.339
98.3046
154.103
192.297
189.881
140.15
115.115
168.697
183.707
86.3165
132.374
133.125
168.088
137.59
158.792
167.729
128.907
96.3603
102.741
97.2187
183.067
141.899
96.6493
125.727
160.818
149.891
115.155
72.4445
77.4144
104.963
106.516
123.851
167.434
100.452
99.8269
125.506
172.152
156.975
186.547
148.724
168.97
125.237
128.082
125.401
159.851
157.013
169.635
193.605
168.302
177.442
98.2684
161.792
168.791
134.331
126.549
179.17
137.311
145.37
181.036
149.645
126.409
88.8675
96.3981
142.227
170.793
102.639
163.009
145.437
85.8873
141.256
158.176
167.074
131.355
169.851
81.2066
141.439
145.769
137.426
191.351
108.838
161.552
105.209
93.7289
155.417
179.66
147.242
188.272
95.5146
96.8071
145.364
156.187
193.937
154.458
131.985
153.191
147.701
134.885
125.484
146.512
113.993
98.6472
171.46
127.96
134.346
128.218
162.373
154.05
173.604
101.39
164.106
164.054
183.681
82.9063
113.98
110.703
185.107
103.522
183.735
109.702
146.704
139.079
164.761
141.251
186.769
161.263
121.056
141.56
146.891
97.2543
124.983
93.5661
95.4412
107.627
102.374
102.563
106.015
131.344
127.712
160.932
109.151
72.1533
130.132
122.63
101.018
144.336
157.294
122.022
147.011
107.644
124.258
76.921
74.2467
30.6196
68.9955
13.1676
39.965
18.3899
26.4428
65.0548
67.3783
65.7618
46.2981
17.0501
13.2491
44.6767
50.2576
16.9453
63.9819
22.8758
26.1818
68.7681
74.4081
-1.90073
56.8754
0.858698
57.4342
-4.31389
0.475134
1.18981
22.2578
31.8796
33.6444
44.8095
48.3377
-0.571815
-25.7798
26.3837
49.8071
26.4343
-7.04397
29.079
45.8258
43.6005
60.2105
20.9651
27.3223
31.7484
21.5698
33.6522
52.1944
33.5474
75.2932
-9.70012
-17.9739
30.1506
47.6799
70.0357
2.53055
50.0848
62.9015
17.9923
58.4256
20.3625
-5.25343
19.0335
2.72726
62.9265
49.1325
33.4602
-15.9608
52.9068
21.1149
24.9188
4.89033
51.9106
-12.8451
-6.63094
48.6347
52.4987
18.4092
68.9671
37.953
16.3538
31.3746
33.1321
48.7837
61.6079
54.2135
63.9045
23.2567
7.27375
41.6754
60.0284
56.3958
-9.33608
-31.9472
22.7524
69.7597
42.9711
24.5574
34.0824
44.0554
63.7706
42.2433
44.1787
-1.55561
57.9777
55.2682
18.1028
35.9928
34.1923
42.9679
-1.94937
6.0747
30.0191
35.2634
-10.3741
36.0536
54.1635
28.856
-0.266149
36.904
-13.08
8.82987
37.4283
14.7096
52.3684
57.0813
28.4613
-13.8296
31.3036
18.1963
26.7668
61.0459
-6.35864
1.51868
34.1093
26.8029
10.0584
63.9503
8.68666
12.7104
62.5598
50.6402
13.1133
59.7854
45.4632
64.2656
-11.424
26.5042
57.0793
-9.66898
73.0805
41.4119
-2.53558
72.2333
42.8077
57.3129
51.7969
7.41135
49.9614
60.4146
12.8424
50.1334
39.9934
29.3341
31.2344
51.8043
-6.28927
60.5711
41.6302
59.3635
10.5454
-7.2497
64.4269
28.4121
-11.1267
25.009
36.0577
22.4649
25.3892
73.4112
26.505
28.4589
29.8423
75.3343
59.4831
37.2518
52.9883
64.5434
41.2421
57.4202
33.9777
39.2908
30.4577
38.2832
24.5088
37.0581
43.8519
-7.67262
9.17787
0.151636
246.407
216.259
262.937
264.52
253.695
253.415
274.812
233.198
278.151
234.432
189.355
256.026
289.479
213.111
193.358
202.223
210.027
233.127
224.676
174.467
246.597
282.39
231.511
234.278
229.258
256.114
251.77
262.985
272.279
201.153
225.455
251.003
245.278
246.129
207.755
220.543
251.811
227.315
240.824
203.711
234.028
195.795
218.867
261.1
213.46
245.093
211.701
256.875
224.128
195.071
226.43
248.074
273.203
267.501
233.455
225.483
232.686
268.127
198.006
271.291
185.277
241.375
224.339
238.819
222.686
211.338
183.793
224.31
268.071
249.294
260.888
272.155
227.003
245.213
245.341
227.578
236.613
269.563
255.212
287.107
269.012
237.577
251.468
259.261
214.438
278.551
247.733
255.49
259.587
183.539
195.357
239.282
270.596
274.122
211.4
203.384
193.427
221.116
247.687
204.395
232.817
237.754
292.078
240.956
244.775
278.995
190.674
211.143
228.641
218.619
230.436
245.813
235.524
193.146
249.415
221.315
238.349
236.433
274.088
222.168
213.145
196.969
228.602
205.535
263.143
265.74
188.204
275.752
212.09
245.354
191.977
237.612
255.119
241.56
249.835
228.553
248.066
264.448
277.29
249.16
198.737
258.347
294.313
276.354
185.282
189.545
268.34
220.716
269.207
266.759
227.649
223.292
257.006
214.015
275.91
218.784
218.407
231.355
184.429
192.017
253.818
278.71
241.882
264.069
205.64
249.773
236.51
262.141
201.23
211.614
215.614
194.739
296.368
242.914
257.088
254.376
273.497
206.759
192.535
273.482
270.49
279.45
236.383
264.54
203.126
289.504
231.145
188.395
265.88
257.956
260.29
238.598
221.337
222.718
252.245
243.575
225.408
256.678
259.209
258.419
254.259
189.743
243.445
179.891
249.477
214.571
253.412
242.617
262.219
215.609
288.904
270.018
199.457
204.689
234.646
231.81
194.096
220.719
229.638
228.107
259.234
215.148
270.749
230.655
283.174
269.874
236.017
217.351
246.786
198.271
202.713
185.997
247.881
197.929
276.403
259.782
264.199
192.111
211.165
215.384
214.68
221.934
249.844
221.737
182.829
263.786
238.644
241.12
239.556
215.649
194.727
194.343
203.275
219.711
267.369
221.668
191.845
211.299
275.726
193.235
184.244
245.152
256.079
266.505
195.627
273.232
173.521
225.535
261.052
204.421
268.528
269.141
219.864
227.606
261.629
285.407
260.817
246.715
263.152
226.075
269.58
239.259
193.579
240.711
243.798
201.449
262.694
271.196
203.633
230.988
196.134
203.355
293.746
282.107
248.977
262.376
207.111
235.78
254.913
203.504
174.12
282.474
265.852
228.172
191.46
266.109
211.428
259.922
239.576
233.33
245.942
188.489
267.388
205.118
205.326
253.819
256.984
242.028
192.216
278.391
232.62
262.441
176.585
239.342
276.349
201.828
249.992
267.765
239.489
233.149
278.971
202.911
266.641
215.489
182.59
197.657
232.325
272.598
232.296
273.816
239.433
238.203
245.738
274.66
262.555
234.368
183.937
215.14
231.565
264.874
259.189
284.55
269.918
233.484
205.345
183.983
273.15
233.913
222.439
274.47
176.967
238.16
259.195
292.768
189.068
264.52
281.162
250.616
239.565
233.658
239.958
239.337
183.966
245.008
265.574
233.668
179.47
260.458
226.161
235.649
224.942
220.334
210.947
261.521
204.713
230.903
247.196
260.433
259.925
279.457
187.987
241.884
253.481
208.483
278.427
270.653
296.582
177.02
216.201
283.21
151.241
146.382
157.584
128.67
157.549
138.297
134.653
87.2899
118.987
146.747
125.013
126.208
94.1255
103.159
146.349
118.803
109.65
82.1463
120.831
101.5
137.871
103.719
139.704
130.241
87.182
161.48
134.259
135.147
111.03
102.205
130.501
81.8272
101.334
100.383
155.638
154.618
104.415
150.887
143.586
103.151
157.955
141.018
68.6309
131.369
107.536
163.644
83.799
84.1684
121.472
112.935
108.982
165.484
152.478
105.988
173.351
106.916
91.6764
117.408
150.223
118.806
111.403
158.667
154.91
105.155
119.587
139.873
85.7656
90.5044
124.469
169.9
115.169
111.454
159.235
91.15
137.049
104.287
157.52
120.158
142.246
157.017
130.549
104.811
114.136
125.471
137.956
157.738
124.403
171.066
141.965
82.9145
123.363
87.2705
148.283
129.654
154.988
117.602
136.47
162.288
98.0752
136.062
174.111
84.2549
104.353
106.142
113.007
93.0123
145.552
164.283
112.448
159.338
110.701
148.989
159.269
135.69
138.33
93.8554
145.151
166.727
157.221
123.083
90.669
146.852
169.836
156.458
132.46
73.5756
126.702
101.027
91.9552
138.48
155.086
117.94
144.456
75.7336
163.252
139.719
168.976
156.849
122.552
138.611
106.239
104.632
103.16
152.191
87.4952
117.443
101.279
155.545
148.107
137.58
100.614
122.371
123.267
138.141
117.706
83.7813
82.5584
153.362
114.34
138.47
145.104
118.591
117.14
160.104
169.515
119.299
161.815
128.933
135.498
111.436
138.058
111.011
128.685
154.48
122.405
83.5064
93.9563
165.49
113.449
136.068
106.09
149.741
143.573
95.5246
143.827
91.6708
171.631
124.653
153.515
107.344
119.396
135.263
117.625
75.4702
72.1818
83.0949
156.218
161.613
155.05
138.637
123.211
179.682
168.913
140.808
118.056
170.535
181.79
110.624
153.168
116.527
90.13
91.9833
124.545
128.781
147.383
159.489
94.528
139.303
154.29
110.39
138.743
106.811
85.4901
148.422
97.1581
157.436
84.1202
111.466
119.246
143.647
101.778
102.568
161.359
135.721
81.5846
108.023
102.027
106.669
176.245
145.112
128.627
168.291
160.508
109.548
109.723
135.229
109.924
182.042
100.642
140.557
91.985
108.675
173.372
163.397
181.998
175.416
94.5048
110.786
91.3094
160.647
153.929
136.335
120.868
164.889
144.759
183.822
172.581
70.9424
93.885
134.774
126.798
177.264
93.868
136.808
88.7354
122.617
165.363
97.9707
139.196
176.903
174.219
170.423
167.101
109.259
136.936
102.213
174.231
138.188
154.613
115.728
149.523
172.202
165.016
105.393
158.914
186.603
121.978
76.6907
78.9562
187.907
149.893
124.231
184.819
139.516
159.826
111.341
102.084
165.314
98.0474
146.654
184.033
144.27
103.939
89.8597
143.896
170.545
109.427
126.391
162.457
166.368
111.522
165.182
92.805
154.574
150.438
151.572
140.6
183.088
173.601
93.1335
127.614
185.812
159.24
149.001
154.497
136.015
116.623
161.25
104.932
102.228
147.333
168.714
143.983
154.111
182.415
172.569
100.316
172.067
136.833
152.34
159.183
133.58
169.002
124.741
163.422
97.9086
141.094
132.743
123.004
125.297
146.913
130.051
156.946
137.291
134.914
94.3003
178.208
188.232
150.584
155.783
97.7102
83.7136
147.994
170.948
156.97
154.03
96.9624
136.866
89.0859
161.819
102.38
116.32
124.38
170.039
163.119
186.322
99.3421
169.648
107.373
106.476
136.385
108.09
88.124
177.675
123.818
123.295
123.254
125.774
166.674
137.118
179.508
118.187
134.896
157.042
135.123
148.959
189.285
145.136
76.5197
109.042
132.175
165.57
139.939
159.227
72.8971
89.9651
193.799
129.621
86.0224
95.4236
123.542
120.371
131.743
167.968
99.1152
175.09
138.407
154.86
86.5952
137.371
176.436
141.977
176.676
154.024
89.6546
146.14
179.206
125.235
117.389
127.347
93.1101
173.011
80.6167
190.321
167.554
127.403
162.065
131.022
167.349
136.618
176.89
96.629
108.49
154.892
104.21
137.489
111.062
174.495
138.078
78.4185
103.277
186.98
162.814
162.423
101.796
161.199
132.614
143.454
133.23
95.6962
169.483
154.748
140.43
173.577
181.494
160.996
99.2768
138.301
164.886
184.791
108.316
135.896
118.909
144.54
142.574
194.858
83.2118
131.414
119.429
102.933
106.772
125.673
125.679
148.835
148.675
76.4286
136.388
97.0678
138.251
101.194
97.0392
176.021
129.338
102.423
164.409
126.147
92.4111
83.8539
157.538
133.598
149.027
122.786
154.301
120.232
178.277
95.7488
162.022
172.796
135.5
173.265
92.6868
113.814
159.137
123.391
165.191
119.23
186.185
143.379
144.696
121.349
130.962
149.801
97.4425
167.433
157.657
126.133
123.425
97.6462
107.601
106.35
174.508
174.193
71.5357
156.003
157.251
129.724
171.846
109.113
108.532
150.193
129.078
143.792
74.9557
149.083
100.697
136.009
172.901
168.742
132.163
114.256
151.337
118.557
142.154
148.013
139.747
121.704
160.161
153.136
155.021
184.667
146.769
142.079
148.722
161.014
140.887
128.647
104.72
90.5399
128.902
113.474
176.518
171.012
112.944
191.403
120.391
93.9368
116.939
109.579
143.741
89.2205
134.891
140.792
121.126
120.033
136.283
160.084
142.66
154.71
105.022
95.1278
-21.3102
-1.76839
52.8318
22.3908
71.0037
26.2991
46.6916
64.1016
70.6565
61.9448
23.0433
20.5389
57.0514
4.54637
-11.5992
47.1865
26.9002
57.7668
63.498
29.7646
11.8216
29.1415
64.4598
-20.2691
3.55962
25.0954
19.3649
-13.7457
34.1071
23.1614
-8.81338
54.3875
23.9366
5.7286
-0.0351018
61.257
51.8222
-9.82656
36.4972
10.4387
20.3762
35.9645
53.3112
42.5483
30.9206
33.1401
51.2637
16.2656
54.8226
16.9378
64.8782
-13.5771
27.3159
44.5357
60.3075
-0.714498
-11.4769
-13.3606
5.63343
50.5344
12.337
28.1311
49.8124
29.8836
59.5551
20.2988
63.0293
11.8227
40.4696
36.5064
65.2413
-16.3733
29.0666
4.01698
20.0329
21.0583
-19.0487
47.1247
-7.58727
-0.679241
22.6981
73.2724
56.0918
64.1346
69.7431
-18.4202
22.6687
22.5407
11.8203
1.67515
-4.91762
13.5315
32.936
19.6658
-11.0589
-4.82319
20.6167
-29.4993
-10.2183
47.1012
-8.06817
3.99372
35.7398
10.9906
6.28145
-6.34201
49.1681
24.7016
36.4536
46.4828
32.521
28.4517
4.42934
15.1145
72.1168
1.19887
12.2026
7.34004
4.5676
47.7664
35.2471
7.9831
61.9526
19.2488
-18.3315
25.7501
47.378
31.4911
2.52405
48.9965
55.8319
71.2993
66.3085
10.3687
-6.14753
23.2676
67.1627
35.6382
12.0623
-21.3102
14.8836
61.7202
1.63281
52.6032
53.4028
34.1025
21.0163
20.5587
11.8787
20.767
9.33764
37.57
37.4976
26.9542
-20.7193
0.750202
49.8437
-6.87248
72.0998
12.0159
13.8329
60.9848
-7.87036
66.2869
56.4722
22.2687
-2.47896
73.9938
44.7377
72.852
51.1476
35.0907
26.181
26.6547
54.0951
-26.8396
66.8159
20.8463
-0.0183172
-17.7355
62.3234
18.3008
2.96538
63.9565
27.3868
14.8916
61.7145
23.0263
16.7474
36.5205
51.3924
47.0055
24.7356
51.7364
69.7169
35.7147
60.3961
72.6173
-22.2488
38.7773
-94.615
-84.4472
-37.2781
-65.2099
-74.4687
-60.9952
-109.571
-129.472
-101.364
-61.4392
-99.4187
-51.2775
-103.521
-35.5475
-57.6295
-46.4414
-116.736
-62.5755
-94.148
-94.9932
-75.7601
-61.8279
-16.3497
-45.5433
-65.9064
-81.8148
-35.7016
-25.1326
-31.8464
-17.0083
-101.786
-32.3445
-129.216
-95.4218
-52.9663
-44.7191
-35.3029
-116.96
-65.8541
-101.216
-78.0098
-20.1591
-64.6483
-61.5811
-76.6976
-102.495
-39.9918
-76.359
-51.4881
-28.0458
-13.4228
-45.0999
-33.6181
-24.7975
-69.5359
-21.7459
-55.5639
-30.8045
-85.085
-92.9443
-38.0587
-60.0656
-17.5419
-38.3601
-55.4503
-11.239
-51.3157
-58.2251
-16.9374
-116.702
-109.173
-42.5173
-71.337
-35.5
-59.1456
-100.977
-38.1408
-107.419
-26.8957
-111.341
-89.849
-125.492
-21.3295
-84.4764
-34.8333
-66.6267
-28.9284
-73.6048
-22.6226
-96.0211
-117.161
-7.60121
-60.8293
-78.5311
-65.8039
-36.1906
-76.3571
-103.268
-85.3755
-77.5421
-30.8322
-19.4603
-38.114
-79.1169
-129.865
-27.3076
-36.8841
-54.176
-55.4296
-66.5558
-35.784
-55.6305
-19.4805
-47.4052
-101.051
-13.8331
-115.277
-119.594
-34.03
-122.053
-75.3814
-99.1492
-92.3434
-33.2114
-13.3065
-23.9545
-90.0859
-34.356
-17.4186
-87.5585
-120.157
-76.2739
-30.4847
-43.0246
-52.4443
-70.3672
-121.593
-110.321
-67.8536
-62.0116
-38.0277
-73.5535
-122.208
-115.749
-68.0284
-45.6895
-55.107
-79.9702
-28.0523
-63.6805
-39.3682
-101.23
-92.36
-46.7223
-64.008
-55.4922
-42.572
-43.346
-18.3916
-34.226
-16.9915
-42.0105
-75.5189
-116.562
-14.0954
-35.4341
-65.7935
-25.8176
-79.3771
-74.0556
-113.224
-67.1365
-75.7009
-78.1008
-38.3644
-36.615
-98.3225
-46.8701
-125.817
-20.5038
-32.6886
-53.0003
-108.45
-46.9351
-54.3547
-66.5928
-55.0472
-35.5392
-58.9677
-21.4957
-68.8058
-81.046
-31.7976
-13.7592
-91.0776
-58.5631
-102.265
-82.7808
-22.9212
-63.7993
-57.9091
-36.003
-48.7907
-76.4706
-47.5506
-97.7005
-37.7684
-50.3858
-58.036
-41.7844
-56.0528
-30.8278
-9.10495
-105.218
-67.213
-77.9271
-16.0696
-22.8684
-86.1698
-32.8654
-32.789
-56.9795
-28.3698
-84.549
-35.4135
-81.2189
-118.91
-80.1364
-27.1033
-114.344
-33.0296
-31.7248
-78.9243
-45.9061
-73.7327
-33.1925
-22.9032
-125.157
-40.0766
-83.727
-92.1244
-89.6623
-43.3568
-96.1465
-84.4051
-75.3992
-75.1591
-61.9369
-42.9762
-37.4164
-71.1156
-54.2079
-4.13293
-65.6434
-48.5387
-30.8262
-61.069
-64.4441
-69.1084
-35.3628
-82.8371
-56.8648
-70.6138
-31.3223
-65.8775
-60.1645
-78.5651
-48.7003
-49.5646
-88.6103
-58.3099
-65.3625
-25.8191
-84.9246
-99.6136
-46.737
-65.4956
-24.0696
-90.3614
-101.137
-40.2486
-99.1132
-12.2912
-80.991
-60.9732
-42.611
-112.522
-5.25016
-40.5069
-43.4563
-73.6837
-89.3345
-15.0084
-83.5977
-63.8272
-74.9733
-71.1195
-76.4685
-36.5186
-55.5582
-46.2905
-55.8025
-18.1964
-63.8796
-37.7894
-53.7382
-51.0543
-39.905
-44.7526
-65.2687
-67.2168
-100.835
-117.623
-19.4903
-66.5278
-30.9281
-118.036
-39.2957
-58.5837
-100.466
-58.9267
-40.2313
-23.7551
-62.953
-118.761
-33.651
-93.9806
-49.3831
-45.6045
-42.3257
-48.1285
-106.973
-127.806
-25.8514
-83.1191
-81.5545
-91.3313
-93.0207
-66.5896
-114.518
-95.477
-47.5335
-39.4983
-97.7548
-108.704
-60.1708
-88.1933
-60.7307
-95.1545
-71.9369
-82.5304
-37.2323
-77.5177
-65.0927
-63.616
-74.8659
-7.03273
-92.4378
-53.4433
-45.6445
-105.197
-119.5
-22.9959
-83.2954
-87.0427
-52.3466
-70.2685
-48.545
-99.4727
-31.5767
-30.7274
-91.1038
-54.5068
-115.785
-21.3658
-68.5706
-41.4803
-33.5776
-21.6161
-93.7704
-34.2971
-23.9738
-41.6189
-3.34059
-24.5877
-22.1391
-121.536
-95.9273
-98.8107
-69.6085
-96.2408
-80.6039
-50.7468
-6.63481
-58.1057
-61.973
-50.2833
-63.8628
-26.776
-54.6293
-211.705
-176.053
-225.804
-222.972
-121.812
-141.126
-135.91
-136.546
-171.174
-162.68
-154.429
-201.632
-203.21
-166.943
-186.947
-129.767
-143.084
-214.179
-156.002
-180.318
-141.842
-165.638
-135.421
-174.084
-178.521
-207.278
-152.368
-146.726
-201.215
-187.489
-161.032
-161.328
-160.044
-139.063
-216.916
-132.086
-134.816
-191.339
-199.04
-192.593
-188.097
-181.493
-194.946
-168.384
-201.389
-153.515
-224.596
-176.214
-141.258
-171.591
-146.482
-214.931
-191.567
-123.872
-155.72
-153.529
-159.841
-158.83
-180.064
-198.31
-161.875
-164.446
-170.876
-161.256
-136.399
-183.891
-160.781
-134.487
-160.542
-150.35
-184.236
-153.656
-146.562
-138.867
-191.852
-168.294
-195.574
-140.384
-174.862
-209.296
-170.893
-193.109
-183.233
-142.514
-175.551
-171.97
-197.736
-152.432
-159.083
-154.186
-180.457
-201.202
-166.423
-174.58
-193.249
-132.79
-167.132
-201.411
-185.247
-176.601
-223.482
-182.519
-211.915
-165
-144.984
-150.454
-195.717
-148.288
-132.51
-191.678
-191.297
-148.055
-129.545
-140.402
-178.035
-228.543
-203.877
-215.653
-153.129
-185.982
-146.518
-208.117
-138.287
-176.288
-207.442
-166.381
-161.859
-175.195
-163.807
-131.462
-140.551
-224.192
-169.52
-153.652
-201.074
-212.822
-145.345
-175.108
-203.986
-149.253
-164.388
-138.667
-147.721
-152.123
-203.432
-173.762
-217.961
-120.557
-182.073
-145.794
-160.462
-163.742
-208.479
-162.454
-131.75
-188.798
-169.084
-137.99
-136.039
-141.184
-154.789
-148.003
-205.307
-197.599
-151.107
-173.495
-228.364
-183.75
-166.894
-129.198
-198.752
-182.942
-189.65
-189.898
-135.905
-199.83
-150.186
-129.869
-197.781
-141.464
-183.446
-215.034
-144.332
-179.127
-131.794
-161.567
-221.309
-160.126
-185.07
-140.417
-131.046
-179.327
-156.836
-168.316
-216.573
-201.708
-169.599
-158.788
-141.601
-179.447
-139.303
-177.553
-119.536
-210.477
-135.692
-185.902
-140.092
-194.31
-202.649
-110.251
-208.147
-121.324
-213.64
-127.806
-165.83
-163.901
-171.617
-143.822
-164.587
-158.936
-116.703
-162.06
-144.782
-125.702
-140.861
-128.582
-162.139
-139.142
-217.355
-181.992
-215.93
-183.375
-215.029
-176.862
-136.192
-147.065
-163.266
-172.669
-147.733
-130.088
-128.259
-210.976
-189.359
-186.751
-222.071
-157.344
-147.101
-118.43
-214.658
-157.69
-155.146
-134.402
-170.842
-169.169
-134.553
-147.861
-197.816
-126.966
-201.197
-160.009
-120.194
-120.392
-155.595
-154.33
-128.794
-167.347
-119.834
-157.275
-197.603
-128.844
-127.09
-131.279
-181.991
-190.961
-158.392
-152.135
-198.737
-149.677
-139.863
-148.334
-164.334
-151.39
-120.788
-196.122
-149.601
-160.6
-203.464
-225.109
-204.441
-145.08
-226.164
-204.764
-196.197
-128.41
-175.718
-215.679
-169.789
-140.063
-115.726
-136.209
-169.854
-135.292
-157.651
-118.659
-221.677
-208.149
-143.434
-175.526
-156.707
-152.814
-228.564
-174.566
-105.862
-216.314
-130.815
-164.646
-190.198
-130.195
-151.255
-142.405
-182.574
-177.576
-191.71
-175.315
-152.335
-112.241
-132.279
-144.508
-160.394
-200.796
-225.599
-163.815
-138.716
-198.803
-179.093
-158.415
-118.766
-203.201
-165.435
-180.801
-175.258
-138.606
-154.851
-169.748
-216.568
-195.808
-112.854
-149.257
-209.669
-147.617
-212.691
-132.036
-133.595
-184.978
-165.991
-172.129
-165.345
-143.501
-158.006
-169.447
-143.487
-121.792
-218.989
-198.932
-144.15
-158.538
-128.488
-213.617
-129.714
-136.343
-185.26
-139.809
-130.946
-143.259
-188.547
-154.828
-154.96
-177.059
-149.933
-147.895
-153.444
-202.795
-135.967
-212.979
-182.927
-153.27
-155.567
-130.663
-157.465
-133.163
-191.13
-190.024
-200.853
-151.505
-202.37
-208.181
-131.631
-137.265
-142.398
-119.884
-173.044
-178.302
-193.707
-125.098
-157.523
-199.295
-179.196
-119.489
-191.84
-151.68
-152.899
-162.831
-128.71
-142.756
-159.178
-192.176
-187.27
-172.911
-131.407
-156.866
-138.926
-200.602
-102.654
-137.55
-123.541
-139.452
-125.873
-188.935
-140.883
-177.829
-141.372
-165.728
-218.103
-156.996
-172.069
-112.92
-162.38
-216.427
-202.345
-158.113
-110.998
-128.643
-146.871
-142.178
-125.892
-224.855
-134.111
-189.685
-126.493
-141.941
-144.304
-162.124
-148.009
-113.199
-149.934
-172.049
-132.467
-212.167
-122.129
-163.728
-214.519
-163.147
-126.329
-176.329
-180.213
-143.569
-166.151
-131.583
-213.014
-159.944
-208.635
-161.642
-176.715
-181.255
-157.728
-146.956
-159.278
-202.299
-150.243
-170.194
-223.628
-194.804
-166
-192.228
-114.575
-154.37
-146.389
-201.297
-128.07
-197.182
-168.57
-128.862
-123.628
-216.375
-157.426
-138.27
-115.461
-162.958
-182.418
-160.714
-125.703
-211.083
-146.666
-143.147
-133.86
-128.481
-229.984
-191.789
-169.105
-212.113
-206.198
-133.831
-135.696
-143.621
-152.717
-110.969
-143.292
-230.351
-177.837
-186.908
-217.928
-154.553
-196.648
-133.282
-205.593
-158.845
-133.736
-215.566
-182.362
-204.32
-136.69
-168.965
-143.564
-158.492
-184.581
-134.403
-138.915
-198.728
-115.835
-132.429
-190.643
-114.056
-194.083
-197.322
-138.473
-157.71
-106.138
-124.856
-182.884
-139.838
-184.779
-201.24
-180.189
-153.811
-147.574
-125.406
-164.133
-182.542
-154.623
-151.411
-131.829
-160.603
-123.906
-201.451
-140.318
-113.942
-175.132
-119.594
-174.526
-170.715
-127.514
-208.936
-142.729
-141.117
-192.401
-120.449
-108.881
-103.166
-186.253
-159.013
-196.446
-140.635
-132.567
-160.038
-107.166
-121.211
-163.902
-110.25
-122.127
-145.977
-142.276
-170.731
-192.668
-121.178
-122.62
-155.224
-218.195
-161.54
-178.135
-185.782
-253.177
-310.511
-274.462
-276.111
-252.093
-246.769
-298.864
-307.15
-235.199
-251.093
-238.267
-294.614
-261.318
-313.012
-305.628
-263.13
-271.525
-263.405
-257.419
-246.782
-268.829
-279.355
-266.821
-310.603
-246.088
-283.639
-288.769
-259.358
-264.148
-260.979
-255.541
-235.017
-305.646
-274.611
-287.507
-293.481
-325.27
-306.881
-298.999
-222.007
-315.039
-257.986
-300.066
-251.63
-272.229
-271.344
-318.902
-273.296
-299.697
-232.933
-285.181
-239.358
-259.903
-295.745
-242.139
-235.266
-268.727
-278.357
-302.92
-271.759
-300.744
-252.375
-245.192
-281.799
-307.564
-242.2
-297.015
-283.873
-278.722
-265.48
-285.862
-236.734
-277.336
-295.233
-297.801
-263.428
-280.012
-282.12
-250.958
-254.669
-300.056
-315.347
-254.232
-271.685
-288.889
-244.654
-267.001
-280.847
-256.396
-285.618
-286.068
-270.96
-287.318
-259.091
-236.089
-254.673
-279.741
-287.967
-274.533
-283.101
-287.429
-265.512
-250.754
-290.975
-246.448
-303.131
-294.668
-317.708
-265.372
-312.791
-281.916
-226.866
-239.586
-281.833
-293
-263.506
-263.286
-298.346
-231.21
-264.926
-235.894
-230.042
-309.651
-264.66
-227.888
-314.906
-276.967
-250.048
-233.78
-290.683
-279.665
-284.145
-253.39
-245.756
-257.494
-241.272
-288.434
-256.112
-293.329
-306.036
-236.654
-266.536
-245.199
-221.522
-298.292
-321.63
-254.228
-249.361
-321.387
-245.887
-290.807
-226.81
-325.586
-239.237
-242.727
-285.47
-290.44
-268.394
-283.194
-265.23
-222.587
-275.453
-325.199
-303.446
-280.579
-291.338
-307.499
-240.443
-301.278
-294.597
-293.234
-281.213
-287.893
-315.735
-325.942
-246.615
-296.06
-260.917
-250.339
-272.925
-238.321
-232.731
-234.878
-309.98
-289.647
-281.379
-236.227
-312.963
-303.918
-233.313
-304.308
-240.298
-297.348
-256.213
-319.582
-269.481
-267.958
-276.706
-276.781
-242.845
-11.0329
-9.90371
-83.7887
-31.1144
-42.7165
-39.7774
-116.073
-93.8669
-35.8599
-51.787
-17.5547
-71.7261
-60.583
-44.5599
-40.2915
-31.8881
-65.8657
-74.1115
-61.0287
-26.118
-88.5041
-57.2599
-72.6149
-54.4306
-53.5353
-66.3765
-91.4831
-42.6577
-42.8051
-35.0676
-56.0232
-46.8231
-59.6698
-112.774
-104.134
-94.8113
-30.575
-39.0676
-44.2975
-93.9631
-60.3606
-16.4938
-17.6367
-88.434
-98.9899
-116.262
-14.634
-32.3101
-31.8158
-121.532
-29.2982
-63.574
-115.698
-30.8859
-50.7756
-54.315
-72.456
-51.7531
-79.2681
-76.9583
-101.805
-63.7614
-10.0057
-43.8518
-4.09227
-69.5174
-51.8694
-55.9793
-26.5807
-44.0357
-40.2465
-49.1303
-119.061
-79.8981
-107.94
-42.8806
-101.229
-108.323
-112.27
-24.8955
-60.3312
-25.8252
-27.1598
-30.4765
-10.2916
-35.3365
-109.878
-67.5141
-111.231
-47.32
-102.483
-43.1124
-55.6964
-82.3215
-25.9369
-64.6039
-25.0737
-57.4423
-87.5162
-23.4735
-43.4117
-63.0808
-55.2713
-75.0458
-76.3712
-56.1034
-51.3018
-86.0356
-37.3743
-118.285
-77.1988
-44.4934
-18.0027
-93.4552
-87.5271
-79.3275
-48.819
-36.9625
-45.307
-93.1535
-105.437
-18.3983
-120.35
-38.0537
-65.8339
-35.2174
-116.857
-121.395
-64.5593
-14.3094
-36.323
-65.71
-110.683
-49.7845
-53.4494
-82.6414
-79.556
-53.5356
-71.6982
-6.68903
-55.6462
-86.7007
-105.866
-57.2831
-84.5602
-91.0858
-62.6139
-93.4003
-64.0966
-90.0528
-28.1248
-52.2498
-36.9667
-53.0205
-102.82
-70.678
-57.8851
-64.4786
-94.4207
-65.8377
-110.041
-108.425
-82.0211
-76.4954
-49.0647
-15.3974
-41.071
-49.4543
-128.514
-57.9553
-34.966
-34.2132
-86.5175
-43.897
-120.373
-28.6025
-57.7897
-20.2485
-30.8558
-39.7309
-53.7758
-63.5009
-39.6882
-99.8783
-114.875
-79.7625
-106.17
-112.599
-74.6007
-96.1724
-45.5917
-53.946
-78.4881
-56.1803
-29.9213
-25.8487
-82.4741
-54.4752
-103.254
-37.6879
-52.0532
-51.8144
-74.1566
-53.1931
-95.4456
-38.4975
-110.628
-66.7926
-40.206
-56.3722
-6.15538
-71.9694
-46.3151
-114.618
-52.1988
-105.628
-19.4564
-55.9096
-24.8945
-63.53
-44.7124
-47.7765
-62.2012
-35.8655
-68.1833
-45.755
-48.9711
-42.9346
-89.0249
-116.306
-33.6501
-17.4786
-60.7017
-93.8417
-31.4029
-84.8612
-117.43
-53.9124
-59.702
-61.2692
-94.3976
-35.1711
-49.9368
-61.3232
-104.112
-43.4146
-72.547
-55.0863
-24.7083
-106.342
-99.8812
-97.3442
-79.6243
-34.6049
-129.528
-50.1252
-28.7861
-110.851
-16.4438
-32.8332
-37.854
-12.6368
-36.1266
-34.1098
-72.3761
-76.1359
-26.2283
-88.2146
-79.2128
-21.604
-106.801
-60.9819
-86.7556
-66.0868
-23.0613
-104.993
-22.0213
-84.3613
-25.6516
-90.4232
-52.0906
-25.8234
-74.39
-56.2372
-31.1492
-55.5196
-46.148
-54.4329
-50.2097
-52.1787
-37.0975
-123.652
-19.9224
-54.742
-64.4111
-95.1374
-73.3837
-47.2846
-50.7176
-127.296
-23.938
-111.006
-68.1197
-88.3383
-126.241
-124.074
-57.2493
-20.6212
-93.7527
-30.2648
-16.8077
-35.2888
-66.994
-38.873
-109.81
-35.502
-116.121
-42.7797
-36.5667
-95.5393
-44.8935
-50.7914
-27.8598
-39.5416
-57.6278
-61.4414
-90.9935
-94.2446
-51.1092
-66.571
-42.879
-55.9562
-108.994
-64.7423
-106.189
-104.012
-43.3298
-37.3576
-81.5407
-57.6077
-90.2902
-42.133
-40.134
-86.3235
-104.825
-31.7403
-77.6672
-28.7085
-47.7717
-88.1189
-36.5596
-40.8523
-38.5888
-10.6585
-78.6235
-109.155
-96.3949
-86.7017
-41.6729
-64.5666
-62.1154
-76.1085
-37.129
-34.2183
-39.0043
-77.7991
-21.359
-18.2431
-42.316
-29.1622
-30.372
-38.4063
-26.3465
-64.8931
-118.526
-47.4275
-122.273
-73.9807
-77.062
-109.481
-81.5039
-107.111
-92.4124
-44.085
-24.648
-39.6074
-55.864
-110.021
-27.0385
-113.838
-47.6769
-17.2741
-101.591
-25.3039
-10.0545
-120.432
-76.1848
-101.295
-43.6855
-107.452
-200.547
-150.204
-142.473
-171.704
-155.122
-216.148
-161.894
-220.615
-197.561
-141.583
-192.022
-160.31
-193.853
-157.96
-191.788
-165.742
-146.289
-180.165
-199.756
-199.695
-129.762
-171.996
-125.615
-211.698
-189.855
-137.433
-175.118
-195.195
-150.671
-216.795
-198.782
-187.872
-214.501
-131.617
-152.034
-197.149
-142.309
-137.613
-205.135
-206.318
-219.141
-128.877
-157.441
-162.494
-177.839
-186.826
-180.168
-139.446
-164.565
-161.658
-141.339
-180.496
-197.045
-197.825
-208.537
-144.433
-181.677
-136.61
-204.916
-175.773
-160.823
-217.58
-177.824
-216.165
-164.701
-184.916
-167.36
-185.957
-159.275
-151.107
-154.731
-167.015
-157.349
-217.236
-191.01
-138.806
-141.664
-182.374
-194.138
-154.623
-183.027
-166.527
-192.338
-143.33
-181.643
-200.763
-124.375
-130.157
-166.464
-178.534
-167.824
-148.824
-192.47
-161.104
-162.29
-210.303
-144.313
-212.47
-166.92
-225.556
-156.963
-155.639
-175.793
-159.951
-179.074
-201.213
-178.217
-149.539
-124.979
-218.162
-135.241
-144.739
-161.653
-140.334
-132.665
-153.687
-140.75
-202.793
-162.068
-183.728
-177.834
-199.76
-159.725
-186.818
-148.03
-182.222
-146.133
-189.646
-166.302
-190.924
-151.692
-146.752
-128.385
-223.639
-181.833
-207.416
-148.898
-178.562
-190.12
-147.017
-137.593
-188.758
-207.2
-142.515
-163.774
-166.743
-173.221
-138.988
-183.222
-194.572
-187.2
-136.697
-172.63
-136.442
-148.982
-143.162
-192.366
-192.042
-223.277
-133.814
-201.125
-198.321
-166.561
-190.28
-174.935
-156.483
-144.529
-204.131
-149.938
-179.788
-175.018
-137.467
-147.961
-141.355
-144.958
-129.467
-155.235
-192.478
-207.12
-162.373
-186.614
-144.378
-161.814
-183.448
-154.743
-161.807
-152.049
-149.547
-202.383
-201.174
-186.764
-154.322
-164.334
-127.396
-169.975
-206.357
-136.171
-156.484
-136.058
-174.308
243.664
234.687
227.237
239.191
256.946
242.367
195.334
223.565
270.84
263.746
261.908
280.42
228.942
273.734
258.534
250.221
229.788
208.188
268.212
257.396
202.233
261.784
259.171
239.608
227.875
291.261
262.805
225.392
297.635
245.616
240.51
183.372
238.775
249.651
200.713
237.966
256.151
179.696
181.539
223.057
256.959
219.194
246.308
187.131
284.807
186.37
188.79
223.174
274.646
256.76
241.847
255.645
229.607
217.872
230.417
196.769
201.483
205.338
225.045
246.501
228.831
200.096
255.377
194.63
262.881
240.225
212.061
217.461
240.254
220.127
273.379
229.135
177.1
213.395
208.048
202.477
189.351
277.901
207.869
294.048
226.829
290.433
257.209
242.324
194.528
269.859
242.636
234.911
192.244
243.295
240.285
201.78
212.321
220.773
191.984
249.766
213.457
177.457
270.377
261.001
284.529
198.752
230.489
251.116
175.788
243.327
191.991
234.451
177.403
281.404
236.165
211.222
271.725
183.538
266.264
213.253
242.689
239.733
219.346
263.63
203.384
200.839
259.914
279.235
185.149
250.456
248.571
243.205
254.634
274.278
295.838
181.042
269.003
213.627
259.058
246.397
263.289
242.621
230.564
212.098
244.044
239.366
256.464
193.398
229.791
265.998
253.946
199.079
211.472
199.517
236.724
297.715
240.165
246.082
235.647
240.359
265.358
244.041
242.662
263.89
203.632
232.924
217.512
228.094
240.966
290.051
210.94
276.807
272.019
289.139
279.328
269.777
226.209
270.433
258.511
202.338
201.276
211.285
283.25
246.231
250.088
240.089
204.625
266.59
227.915
224.351
269.263
270.384
179.104
225.31
270.994
266.78
184.625
211.558
242.099
214.72
183.699
232.243
269.737
199.769
270.05
242.442
205.929
206.12
182.704
220.386
272.63
272.76
268.184
173.332
271.811
184.561
199.048
229.09
195.246
184.612
220.148
183.798
231.92
248.243
233.341
265.202
170.269
292.139
276.737
235.317
199.603
201.778
215.526
270.933
190.532
188.77
231.486
242.25
277.289
178.909
241.575
183.423
246.92
209.11
255.67
208.876
250.934
245.089
241.508
194.659
205.799
206.301
232.13
214.872
258.51
218.847
258.736
185.478
220.481
267.421
244.92
249.534
268.828
241.095
289.448
174.313
208.496
254.471
238.56
260.03
199.373
231.328
284.052
222.179
244.664
245.48
240.201
261.015
175.958
241.78
254.151
255.485
263.171
232.782
220.886
178.527
244.078
261.506
254.813
217.917
184.887
249.887
230.815
216.071
277.502
225.612
272.615
268.337
179.144
239.202
278.16
283.688
240.145
244.303
243.597
253.601
227.998
191.623
283.667
268.132
217.665
174.534
199.217
281.994
218.886
177.081
255.297
261.826
284.588
219.041
251.04
200.317
227.274
238.959
224.966
273.736
283.485
227.85
179.68
203.651
239.696
270.2
258.889
207.337
201.147
272.977
241.827
201.945
242.276
282.646
249.77
179.553
223.336
194.911
267.589
253.798
199.849
252.954
271.049
254.927
239.733
265.513
282.924
262.137
209.1
223.493
208.232
281.544
278.735
197.418
272.159
254.405
279.046
199.782
172.232
254.716
228.577
251.339
205.165
237.072
221.55
228.875
285.746
204.124
191.198
257.411
214.442
275.196
274.071
208.579
196.78
289.431
256.777
228.781
278.694
221.332
191.012
182.187
246.565
230.995
193.674
215.778
271.082
240.466
273.138
279.591
290.583
196.236
221.361
262.163
241.799
201.832
267.507
280.898
118.595
139.102
112.362
141.362
147.634
148.596
114.91
90.3802
125.517
156.805
116.342
107.331
106.952
166.756
94.3658
78.4671
161.873
153.717
160.922
149.466
145.968
140.58
103.546
101.088
153.594
151.819
101.013
134.605
113.13
156.29
149.307
72.7861
120.8
133.562
80.7816
112.282
87.9991
105.928
127.949
157.291
93.0986
151.385
132.348
159.158
110.506
145.768
121.234
146.259
87.6168
130.602
117.189
158.052
107.186
167.425
151.708
124.223
115.809
87.0141
94.2432
137.799
137.669
166.26
150.713
149.873
106.241
106.706
73.9307
94.3077
130.926
160.232
101.974
124.725
145.074
170.933
102.069
138.847
160.269
122.097
108.33
135.114
121.222
128.356
155.811
150.139
154.122
144.837
153.33
70.7311
156.625
100.698
116.367
174.546
87.7599
144.429
144.675
154.572
140.737
130.476
76.1891
97.2163
101.109
151.791
127.845
168.04
87.9819
164.711
128.312
128.928
169.489
78.811
119.359
136.623
173.077
160.009
150.858
92.971
166.767
107.497
91.7514
82.4241
127.681
101.68
162.59
124.236
121.816
120.21
164.201
113.364
164.454
102.841
166.132
171.041
135.114
82.0818
93.8443
103.105
181.675
162.779
144.153
96.2315
166.113
128.088
92.8977
153.369
116.399
153.98
79.3912
78.2855
94.2227
87.4124
125.82
175.829
100.149
115.518
151.582
160.258
95.1306
133.986
101.169
133.218
133.675
146.383
99.2045
143.504
104.755
151.981
156.057
87.1235
103.876
129.731
115.903
166.852
164.086
100.155
160.848
114.094
88.3233
160.807
110.477
151.173
124.488
178.785
105.717
111.74
152.805
153.435
148.97
97.7621
139.336
106.887
114.205
93.163
169.949
142.503
77.8812
143.1
106.38
97.6433
119.798
140.67
300.429
307.917
300.357
358.35
347.168
338.877
372.279
276.601
393.79
381.718
366.152
290.281
284.622
387.535
306.135
338.394
300.614
351.864
359.29
320.703
346.112
341.984
306.415
275.78
336.547
371.457
372.494
311.331
341.632
329.747
391.992
336.045
356.439
306.889
290.562
361.148
358.684
376.647
324.53
388.999
357.824
336.197
276.781
345.321
283.58
377.45
360.6
341.652
323.516
318.675
341.335
345.77
371.837
321.068
383.287
322.296
326.926
344.537
308.119
340.047
383.772
354.568
335.521
387.701
334.173
363.972
318.281
286.232
290.939
289.372
354.716
377.067
322.562
308.771
347.075
360.575
315.121
271.848
312.612
285.456
365.864
357.424
341.595
285.387
349.336
375.472
316.632
336.853
364.005
315.443
343.728
299.054
302.133
355.698
315.083
356.778
297.914
366.66
348.11
350.425
384.524
276.93
364.642
299.092
338.73
382.744
348.132
328.074
336.096
335.507
376.074
369.411
291.467
387.735
294.001
336.951
319.853
299.786
344.734
332.259
310.769
357.964
354.89
274.971
373.327
291.472
342.426
306.092
363.606
271.273
296.03
339.405
315.889
363.949
362.701
373.871
342.056
287.054
373.309
306.233
305.573
289.381
353.4
357.138
348.1
311.989
313.341
344.692
365.738
360.218
349.76
281.172
372.852
371.091
294.623
331.896
287.609
375.61
277.704
297.162
333.936
333.329
370.324
297.137
293.067
313.907
358.365
294.779
283.123
341.308
302.841
331.824
334.405
320.26
323.709
343.618
377.479
329.443
365.408
310.821
341.893
346.956
376.653
393.444
359.831
368.217
285.124
369.548
300.766
354.179
317.034
368.185
337.21
379.568
292.66
355.3
313.175
332.279
375.861
349.814
351.303
296.057
287.41
341.727
369.502
305.761
299.035
347.465
339.528
346.634
366.003
309.363
332.343
290.151
287.378
343.142
334.172
367.173
322.864
365.035
338.98
291.476
332.196
358.017
344.616
273.664
279.226
365.015
307.902
315.352
367.256
357.638
328.332
362.336
337.504
326.89
300.818
343.298
366.444
382.123
365.581
358.135
316.459
373.317
296.607
363.252
335.852
377.347
299.56
309.202
297.095
304.909
383.623
344.724
335.535
297.201
278.119
293.039
331.451
338.575
360.499
278.093
317.639
346.074
333.877
335.354
322.22
350.384
306.317
343.934
328.294
320.486
342.814
329.25
354.357
369.453
269.839
365.056
334.393
341.915
338.827
337.821
346.584
296.3
358.307
309.04
277.414
306.414
329.845
333.353
341.073
303.181
374.329
319.708
277.261
305.572
291.522
338.049
326.072
367.048
379.365
294.674
303.598
343.349
345.926
300.371
342.977
296.102
308.995
362.282
327.078
282.438
299.755
286.266
308.86
299.168
331.902
279.826
370.242
370.452
380.414
369.58
356.414
339.923
364.695
312.399
315.295
325.24
319.463
292.391
351.445
372.406
345.796
277.268
311.646
313.63
367.163
299.696
311.464
352.928
331.597
317.356
282.944
347.424
380.239
305.471
346.605
334.581
343.499
370.643
373.126
331.794
357.305
332.632
369.413
340.03
345.3
298.766
284.616
293.255
361.014
279
325.684
337.333
290.96
322.546
344.691
375.736
325.045
327.364
288.39
366.77
287.585
368.053
365.14
354.034
354.568
339.795
310.081
327.594
348.879
383.01
296.479
365.359
357.407
323.426
368.704
336.036
352.18
380.967
355.666
325.026
358.156
318.02
325.316
342.367
389.052
350.526
354.121
325.342
272.281
274.44
224.387
232.046
212.452
187.887
272.583
232.1
260.154
215.242
208.653
255.318
214.588
233.616
216.145
246.314
232.815
257.473
246.487
242.449
249.586
185.179
278.445
173.685
235.216
258.207
208.569
214.213
222.514
244.818
214.406
240.834
228.469
167.643
214.818
263.866
259.429
260.758
184.207
206.625
234.962
223.413
219.132
265.524
226.272
246.255
202.113
202.765
181.533
214.12
268.824
217.3
235.94
235.352
238.311
187.413
248.417
203.702
173.969
187.095
244.152
202.552
210.047
274.793
238.476
188.838
206.739
255.59
276.362
191.298
244.639
234.558
203.789
223.383
239.461
244.132
276.684
250.786
224.061
248.659
238.318
228.263
272.229
187.031
258.886
223.049
268.239
202.165
233.694
201.858
272.386
265.149
208.184
225.865
214.973
198.973
232.808
196.057
212.57
249.868
244.281
231.103
219.236
235.273
265.777
200.943
196.246
246.838
273.955
189.617
205.522
242.872
235.626
248.236
249.728
226.475
256.711
224.023
222.794
224.861
190.241
234.808
260.593
249.119
220.422
249.608
254.331
206.436
172.342
166.839
206.69
200.214
243.433
255.67
249.634
227.415
216.964
229.459
206.933
215.589
204.774
211.077
175.363
239.079
188.385
176.088
253.248
210.596
188.789
199.856
178.184
225.489
234.857
208.641
253.325
246.794
271.625
210.17
241.378
236.268
259.658
234.594
219.953
233.542
263.237
177.208
211.818
181.368
201.761
232.004
188.426
219.428
218.473
254.799
226.263
209.252
228.49
230.271
228.124
247.727
239.883
211.728
220.592
217.361
227.003
204.657
180.82
212.951
180.559
242.212
251.015
218.743
188.324
228.559
174.214
204.75
242.856
255.617
233.286
275.401
459.862
483.328
415.162
437.712
428.013
468.526
441.882
463.858
450.604
406.556
438.364
449.016
445.783
373.104
455.344
404.176
424.419
469.608
438.128
442.615
412.288
482.343
424.968
422.718
389.616
424.134
419.361
401.392
379.581
476.065
462.036
429.612
479.525
451.048
386.051
420.153
416.243
435.381
368.751
484.788
397.312
456
436.316
435.98
475.035
475.623
477.268
425.898
490.245
408.166
427.549
431.675
390.713
456.206
464.74
408.701
418.983
450.995
417.171
424.198
455.108
471.456
377.101
455.951
470.39
483.078
388.792
397.159
498.744
434.07
479.056
474.775
419.22
440.959
454.428
423.672
420.291
420.852
437.449
395.087
408.831
407.943
460.917
463.081
416.823
459.991
446.346
484.352
492.305
374.931
473.147
436.635
400.077
407.484
398.754
464.914
433.196
482.13
419.251
448.253
403.553
399.295
464.625
420.996
472.214
469.058
458.548
433.35
433.661
403.79
435.407
484.163
396.91
368.08
461.818
447.07
395.902
419.361
405.71
384.296
395.201
484.676
469.734
455.744
465.167
405.734
439.148
378.225
486.034
382.435
409.991
410.411
405.606
478.645
438.112
433.244
485.053
483.165
407.325
481.226
410.228
429.359
446.319
409.192
461.854
477.013
436.316
491.069
411.55
390.637
461.176
446.942
405.311
433.979
476.982
483.071
404.402
440.945
476.456
427.46
384.699
435.971
460.767
474.074
434.217
465.855
406.797
405.249
397.067
483.515
408.925
469.956
454.984
464.634
445.159
452.356
446.821
388.481
465.134
392.099
417.867
464.153
398.739
489.108
422.727
457.298
423.326
454.07
475.276
449.645
398.145
455.887
434.754
458.197
443.228
391.393
444.238
407.653
389.232
477.16
459.73
427.682
460.245
412.578
429.155
396.905
451.229
448.29
473.435
431.663
400.621
488.388
463.126
419.672
420.807
394.501
477.519
419.541
406.863
442.81
451.106
446.118
421.867
445.256
460.886
440.13
382.755
469.34
395.389
409.526
487.097
464.094
408.397
420.89
372.541
448.972
438.958
389.904
390.687
419.463
453.227
435.912
459.401
418.95
412.458
396.281
450.363
419.128
486.82
414.117
411.084
428.383
443.584
396.654
440.913
478.104
466.47
426.427
447.724
433.132
457.455
490.887
450.184
441.457
416.004
457.06
428.104
491.069
383.295
486.435
492.862
465.007
417.033
435.205
482.836
421.951
431.69
452.817
412.061
425.301
446.869
445.433
467.637
458.442
424.958
426.703
388.17
444.076
484.626
471.249
474.949
459.024
441.668
476.228
437.397
386.904
390.513
446.099
448.564
399.743
426.141
483.277
476.11
444.007
466.391
486.474
443.647
380.158
419.267
399.259
404.467
412.126
464.774
456.527
473.225
434.531
388.638
375.895
416.697
453.921
392.186
462.567
408.267
397.978
464.232
426.632
456.69
404.234
459.038
410.475
404.65
397.676
460.528
439.013
427.296
440.926
408.993
449.29
422.682
395.998
436.094
434.24
453.303
445.398
415.395
390.887
446.865
430.18
421.608
411.853
380.59
472.59
453.429
434.176
417.328
433.008
413.7
420.613
417.522
448.334
433.041
445.825
428.524
464.678
464.606
479.784
468.99
434.971
438.308
478.385
469.93
491.244
428.565
445.251
440.126
464.216
462.956
471.001
420.19
446.42
490.313
479.542
431.104
467.898
477.33
470.585
393.107
377.799
373.217
394.492
414.343
450.364
409.597
385.01
409.254
439.791
412.971
438.047
378.886
425.703
342.025
320.209
313.787
366.096
340.086
307.85
360.248
336.264
354.992
323.518
326.872
343.977
339.733
297.846
345.863
338.115
347.485
345.508
312.513
317.699
319.668
316.175
375.552
353.219
335.714
348.623
281.917
332.565
347.099
371.908
307.512
313.316
351.405
364.824
355.712
335.178
309.307
311.4
302.677
312.022
302.555
333.809
333.128
343.799
347.934
362.105
351.141
343.859
291.118
314.641
328.786
358.867
302.531
366.24
363.626
312.807
319.871
296.863
285.018
354.76
299.739
302.688
332.556
316.52
326.709
359.128
278.853
373.4
320.396
332.328
298.353
328.915
315.417
327.76
377.141
302.41
324.266
329.81
302.582
302.919
359.083
295.514
363.717
343.556
356.387
315.307
335.641
360.402
349.124
369.028
317.156
358.014
359.926
303.079
295.234
320.257
377.782
366.342
305.255
348.373
296.914
330.138
330.911
338.22
308.739
295.848
323.157
351.009
356.071
370.252
363.305
326.606
365.546
310.197
367.022
320.165
315.504
340.11
364.149
274.983
295.811
334.576
280.154
346.559
291.25
305.773
335.554
289.274
327.612
318.926
362.459
342.338
297.978
297.801
360.373
357.883
290.871
349.746
355.522
306.116
338.307
329.761
281.405
318.176
343.849
292.637
339.992
348.861
315.728
351.564
324.685
312.631
323.808
311.45
292.697
365.375
298.623
347.239
322.169
297.235
336.871
362.136
358.941
288.323
324.122
282.88
291.171
305.621
303.829
330.871
369.873
320.756
306.551
357.73
364.67
363.868
294.308
350.569
331.928
302.314
329.4
291.384
364.858
362.969
322.022
350.55
284.81
359.892
357.719
364.273
320.987
303.893
354.072
342.1
360.042
292.511
297.809
333.617
336.961
361.741
379.547
308.305
361.774
341.251
376.058
377.052
333.18
292.231
284.666
303.554
354.615
366.899
350.347
340.281
316.469
375.244
272.767
358.85
318.363
335.213
277.112
365.277
357.653
309.896
390.434
294.382
344.291
306.641
364.752
377.609
333.984
365.74
329.643
330.064
338.067
364.844
339.301
295.644
310.142
320.617
300.24
342.287
347.133
320.363
362.121
287.84
390.107
386.993
338.316
355.628
328.027
327.486
340.198
298.006
381.824
360.445
332.045
356.354
302.72
353.281
377.401
359.146
333.541
319.951
310.954
301.16
346.565
368.811
380.367
331.923
293.562
283.939
335.544
350.671
290.311
350.787
300.647
358.692
288.824
348.067
362.487
381.093
360.23
371.724
319.615
350.08
386.541
357.114
307.776
369.227
320.576
349.166
327.185
310.632
369.395
328.906
346.48
365.919
355.765
372.845
343.054
366.389
373.119
362.838
343.89
364.503
348.358
339.445
383.718
315.336
370.079
303.478
343.078
286.747
361.581
300.446
304
362.546
316.287
333.088
345.613
323.632
381.348
319.405
364.636
300.721
298.817
351.066
375.845
384.528
357.311
367.485
335.532
269.612
321.678
314.803
317.454
331.21
276.967
277.851
336.173
351.982
354.028
339.646
292.848
354.298
377.009
298.114
298.698
287.458
390.679
325.943
288.218
352.033
287.136
302.394
359.851
369.346
338.226
320.758
282.004
323.163
369.348
275.843
351.826
283.082
394.502
335.746
350.582
304.149
324.246
333.538
345.782
325.171
376.06
364.33
286.863
343.738
294.857
397.224
342.729
278.265
349.999
316.981
292.943
315.135
347.359
345.54
381.441
323.941
332.858
333.785
326.268
381.674
354.972
303.739
340.551
366.216
311.02
349.75
276.707
272.481
352.213
381.214
289.629
324.513
278.93
378.494
291.328
349.309
369.548
362.481
375.259
315.713
314.779
337.611
357.719
315.205
310.302
297.03
380.707
276.658
277.435
306.488
341.205
313.907
309.381
335.452
326.535
335.393
372.716
360.84
328.589
373.902
343.042
301.892
358.97
297.386
331.579
292.741
316.72
287.996
349.653
352.972
334.73
340.332
393.625
342.203
285.6
321.523
316.924
296.17
373.318
289.494
285.514
312.406
277.568
332.811
296.875
331.166
355.85
297.162
284.631
305.79
320.983
352.462
281.445
358.713
290.656
296.607
393.611
319.731
365.802
375.762
390.732
356.837
299.304
319.773
323.627
325.051
360.5
332.894
380.658
301.324
336.537
285.062
356.902
332.242
299.578
347.631
329.412
355.849
357.923
395.629
303.866
372.138
360.419
302.485
316.902
370.726
301.746
387.786
327.912
359.28
360.287
350.675
385.571
375.686
329.111
364.621
326.717
353.636
318.054
336.713
347.908
364.062
391.916
288.421
364.688
355.355
365.88
290.808
299.454
367.206
379.129
355.668
327.087
311.697
362.858
283.839
365.036
348.218
362.498
385.59
364.95
320.203
368.7
354.661
375.489
372.265
276.659
322.232
358.998
354.585
314.178
286.588
304.866
321.364
356.192
331.326
309.053
369.707
364.738
304.953
314.614
349.358
320.395
321.148
358.82
334.481
279.721
299.071
340.712
345.271
367.554
316.432
295.018
297.578
338.57
321.363
377.933
354.745
319.065
366.639
280.16
349.522
342.392
362.667
350.213
381.122
348.23
306.399
288.829
346.003
350.97
307.715
282.38
300.31
392.099
272.173
315.907
311.497
366.968
322.909
355.618
327.574
350.373
372.541
324.727
344.454
199.293
209.079
221.384
237.93
252.568
199.566
194.415
184.541
234.457
226.058
239.266
239.671
192.561
245.442
232.592
251.353
275.021
233.668
180.48
238.826
196.778
257.986
229.517
248.314
192.837
264.777
184.664
201.98
249.468
193.771
228.452
204.345
259.672
252.741
264.756
263.81
246.312
233.114
253.822
235.082
230.228
213.852
225.947
250.227
233.623
231.968
231.055
217.061
214.559
186.945
211.737
261.46
196.908
228.54
261.619
247.863
186.119
260.493
240.968
247.672
221.844
176.497
256.449
183.353
258.562
266.803
202.823
204.998
229.223
261.947
229.572
199.86
184.365
190.4
205.866
223.632
210.683
271.307
231.196
240.295
250.4
247.297
203.888
215.415
253.195
196.635
262.133
204.626
215.255
183.977
194.596
169.761
239.167
249.096
247.41
206.187
218.117
208.272
260.117
206.061
194.149
203.964
228.825
173.329
224.049
178.509
214.028
185.007
242.227
246.594
195.937
232.497
256.821
208.563
245.614
260.359
229.759
194.52
208.513
227.921
182.745
201.155
264.498
200.476
241.34
214.615
204.647
204.583
226.798
279.525
251.731
202.814
251.945
238.996
185.848
189.24
252.217
227.29
190.659
246.526
177.445
260.242
225.98
197.979
222.513
271.847
211.678
274.427
266.806
264.168
260.875
181.806
261.509
254.058
257.369
241.068
252.675
185.271
237.817
245.241
249.006
175.132
193.95
206.617
269.699
225.071
222.596
216.518
234.362
215.936
200.231
194.896
238.528
245.407
241.836
266.296
205.952
253.745
247.971
218.938
233.222
257.6
222.813
232.329
245.129
221.823
262.056
179.819
225.612
209.284
180.641
236.381
268.101
220.238
218.277
226.782
223.917
187.217
189.151
256.758
248.936
196.73
200.603
246.69
181.129
283.873
195.617
242.207
277.303
268.02
239.391
193.996
269.378
222.727
229.785
201.422
257.877
246.804
235.065
170.5
262.759
261.397
241.154
238.619
209.183
283.322
271.564
280.854
256.621
255.231
285.061
219.86
276.608
195.489
190.388
275.14
209.085
208.871
248.163
179.924
204.206
209.03
240.702
190.324
245.802
235.336
238.96
208.635
176.64
236.919
256.58
179.454
234.643
277.489
274.713
208.573
248.48
256.975
252.253
222.675
281.156
287.784
295.371
189.794
278.616
230.173
205.251
199.373
176.355
258.811
199.794
246.332
241.446
198.641
266.413
200.538
185.442
219.095
197.32
255.778
286.747
269.401
272.844
229.904
281.05
217.062
229.415
230.141
238.68
282.673
206.653
246.791
275.149
231.238
195.857
260.355
244.745
295.055
215.733
219.375
227.112
186.279
267.779
290.044
240.617
246.822
238.479
213.475
201.846
286.295
243.359
246.63
245.866
197.73
234.981
188.45
260.139
285.028
216.767
210.245
274.08
243.203
269.404
277.912
230.369
246.735
270.25
263.879
212.85
185.986
291.042
238.466
186.957
254.557
266.368
226.095
227.959
216.021
215.345
280.553
237.709
233.89
259.323
279.654
263.983
280.408
196.664
253.645
245.882
282.469
192.472
192.578
227.003
195.231
229.24
246.354
280.387
238.707
261.75
251.963
186.962
188.973
288.357
176.366
236.761
277.533
234.714
218.477
250.996
242.503
204.97
184.697
174.818
190.891
278.437
243.04
276.856
247.725
276.112
227.314
204.603
206.58
253.065
222.494
246.381
174.833
171.839
176.819
214.662
231.326
186.93
262.458
271.747
220.15
261.491
261.587
196.724
250.024
269.474
187.359
212.944
232.411
279.874
200.585
245.641
194.788
243.563
274.923
263.121
249.332
202.131
275.189
204.722
193.665
212.328
188.29
250.461
176.788
214.757
184.32
238.761
268.075
272.518
213.671
241.654
174.141
271.908
275.693
261.804
181.971
271.934
281.33
282.194
234.819
203.825
252.217
208.856
212.257
197.424
228.45
207.017
212.577
283.289
254.368
277.975
248.471
213.195
207.05
263.494
222.131
245.698
260.036
260.348
189.107
279.782
240.396
262.864
240.516
183.99
260.093
172.648
242.596
203.06
262.621
263.984
262.328
206.651
181.294
220.515
290.046
253.069
194.433
266.513
227.826
178.847
257.069
221.016
203.349
268.219
281.257
254.78
215.203
238.684
227.434
284.485
200.527
265.207
232.528
284.072
266.496
244.795
269.524
269.052
231.585
247
287.406
276.689
174.881
195.707
261.494
271.319
214.772
265.66
189.901
261.53
197.352
290.848
218.941
192.794
278.184
246.717
198.407
177.577
291.08
239.831
288.352
181.233
261.687
216.845
254.328
185.762
273.569
222.602
224.86
268.712
277.741
188.309
172.2
276.228
199.061
200.769
246.233
204.956
271.93
252.005
213.672
283.663
278.968
242.28
225.504
231.863
209.096
249.907
219.95
255.472
200.581
189.22
211.101
231.005
254.455
174.795
206.626
191.576
261.772
187.3
257.636
204.846
201.151
256.598
242.058
232.576
176.854
214.484
272.815
270.922
270.645
245.279
247.027
216.977
268.264
220.08
225.338
228.599
254.148
236.904
270.509
279.376
217.68
223.93
296.022
214.097
173.566
252.806
263.367
216.058
261.97
216.985
290.212
203.667
257.764
231.064
252.412
216.252
233.127
172.832
238.528
265.133
238.741
227.962
192.231
138.314
151.945
143.161
161.194
110.538
160.008
147.255
164.688
113.711
159.479
138.513
100.327
167.032
161.582
136.263
149.4
97.2201
81.572
140.313
172.145
118.572
150.886
107.124
163.196
96.1463
165.044
97.876
111.615
176.207
120.235
103.771
151.745
148.208
128.291
158.511
132.51
166.827
170.21
102.241
111.759
102.148
166.672
143.176
84.639
121.92
118.973
138.058
143.098
148.307
114.406
161.337
174.838
121.613
104.359
119.217
160.587
111.47
154.915
115.66
125.859
94.4421
122.693
138.259
144.318
148.629
121.037
92.1846
95.2854
138.498
154.198
147.843
169.577
172.65
81.2247
108.746
117.52
141.262
159.282
83.5983
139.278
132.762
166.227
103.701
96.0333
103.691
161.765
166.417
156.617
175.205
105.94
117.536
111.907
116.19
95.5389
108.925
128.699
147.424
95.0004
124.792
162.313
150.217
118.932
155.73
137.251
98.0531
149.713
105.613
126.678
166.281
114.078
174.24
163.621
87.7602
93.3834
157.506
131.501
151.021
110.806
125.302
102.813
133.397
114.174
142.884
134.904
130.015
95.4657
155.39
131.652
108.97
121.933
164.893
103.104
78.6386
99.7253
83.827
86.3852
164.334
102.732
128.886
131.88
117.949
164.381
130.58
171.164
95.4207
133.428
118.034
120.203
144.074
121.847
116.28
157.922
167.612
128.541
119.283
100.448
158.747
109.595
148.035
168.103
153.361
84.0982
142.175
142.745
134.179
155.136
112.242
152.939
172.156
157.493
163.136
125.494
149.74
73.8875
124.256
112.495
70.4763
132.207
84.1523
101.126
158.347
131.367
112.665
87.4306
156.923
97.1543
148.47
162.006
152.862
143.741
116.89
157.085
92.9653
77.0614
96.8774
92.0241
103.805
110.681
141.965
114.941
47.6595
54.9087
45.4024
50.8082
73.2425
-19.9189
25.2884
51.9532
33.6891
-24.0178
58.1982
71.6994
5.82277
53.7885
80.2107
-21.7145
17.7504
93.3212
9.48086
74.4005
-0.109043
-15.5742
71.4874
13.9077
33.001
-8.21881
61.4125
38.0899
-15.6554
70.524
67.7844
-11.5011
80.3996
18.6968
-16.5042
42.6548
88.624
15.5502
48.8504
82.7026
-4.49847
56.0924
24.573
75.5683
16.2567
57.8076
42.6081
68.9522
67.3372
83.07
32.2062
64.1799
41.8764
64.0868
91.0691
-1.00959
29.7248
-17.0858
54.0869
30.0597
55.9404
54.4807
67.2176
52.1826
27.2422
-1.64851
-4.77215
51.332
91.3213
85.2381
75.3439
-17.2722
12.4748
-9.27223
30.9324
40.9427
36.6664
76.0761
14.0231
83.464
-0.313469
51.2208
66.0118
32.2704
83.136
64.9215
-11.3755
-19.2876
70.4434
48.1354
-1.24703
63.8205
13.3529
21.1013
-0.622141
62.9208
79.3827
-12.2181
62.0981
70.237
41.3951
4.75124
88.1928
36.8105
5.26282
58.9598
48.0339
-13.2602
-6.99338
90.1245
17.0509
91.804
57.9124
-7.63124
72.0868
37.9274
-6.07992
61.3093
49.079
41.2758
93.8182
-0.692819
63.9729
41.5435
-25.4833
78.4759
69.3067
32.1671
70.0793
48.6752
7.38209
15.1425
-17.8318
-5.99837
84.3184
53.4261
-9.6932
57.3822
40.1627
45.6229
-7.38212
-21.8073
3.81277
47.7201
45.2671
76.0241
65.2976
52.5349
76.269
55.5782
15.2912
-4.31523
23.1768
26.7688
57.8573
-18.5598
94.024
21.6288
43.8461
-0.526203
85.9303
43.925
51.5267
49.4239
-4.16978
72.5828
-15.0279
71.1595
67.5161
-6.91032
35.0421
36.1609
74.1101
6.58895
7.20734
31.7238
62.7014
37.2593
75.3192
-9.5657
-25.5742
77.8921
27.1533
14.9131
80.1053
93.005
86.7065
41.0455
63.3067
64.8458
18.0511
51.6766
70.8662
19.6768
66.8529
32.0117
-16.0334
66.4235
83.1344
-22.3745
-3.00432
44.8777
25.2375
19.6707
43.3853
69.6755
93.9404
29.4207
44.5774
35.6917
86.2146
48.233
62.5514
15.4216
-3.58223
23.4252
19.1945
-23.0188
-28.2105
25.6171
76.577
13.4408
26.1422
90.6712
50.0624
31.5636
56.374
9.45592
-20.3786
2.92749
3.08474
25.3111
34.5612
30.7037
5.84489
50.6068
36.8266
21.6381
12.5859
40.2562
-21.4554
39.2995
28.3584
60.5398
-8.29269
29.509
42.8037
-23.6084
34.0862
64.0202
67.3888
61.6001
27.9838
24.9376
13.9203
4.65082
41.6275
8.56531
18.8309
18.7801
63.9751
53.5131
74.0628
-1.93111
86.8367
-17.404
4.02646
47.7944
45.4972
26.6446
28.1835
8.85754
59.4702
73.9613
68.5784
8.27205
49.9575
-6.72576
26.6671
24.7301
81.417
37.9679
-24.5528
24.9926
-24.1146
49.3605
-0.0162324
-5.55557
52.8144
31.3034
74.8098
77.0204
15.68
8.61463
45.629
75.3859
67.6682
-2.28669
21.6695
49.0107
-2.15414
53.7823
8.63061
54.8943
99.6402
52.1852
17.4258
48.2614
20.5205
45.7884
65.0211
19.5677
12.8793
-7.96956
24.4704
53.9542
36.8886
11.8217
56.0477
68.1197
10.2606
36.0911
13.3177
34.6845
43.7629
14.7856
28.6539
40.2189
63.0218
94.5414
45.3276
24.6443
64.6918
42.2443
57.7349
11.9303
67.6074
82.1396
39.6285
39.7414
73.2992
41.7476
74.638
61.5827
-3.62833
72.2987
48.1403
4.48681
32.3269
32.4165
19.0185
6.72952
36.152
64.6804
30.7091
3.56822
-4.4922
66.3537
17.2291
60.2794
67.7235
64.8064
2.99815
29.6737
62.3383
50.5349
5.0882
7.7887
6.82947
23.7792
20.5724
95.0957
41.4968
47.4384
27.532
13.5766
65.1026
58.8818
54.9244
4.71621
19.2822
-2.43411
38.387
30.5835
47.3937
58.6258
39.567
73.5661
2.90681
82.9035
64.0775
45.2366
3.98731
10.5051
65.8479
46.8877
59.437
-28.1773
31.8494
7.67396
-70.0049
-63.5485
-91.5462
-64.5488
-44.4334
-83.5509
-69.0161
-38.8476
-60.3778
-66.9749
-88.0442
-109.083
-122.999
-39.7944
-52.91
-56.074
-102.39
-56.0285
-76.3952
-35.5529
-94.0717
-29.1513
-78.2516
-45.186
-64.2219
-94.585
-50.0817
-39.0643
-109.886
-55.655
-49.4839
-64.7303
-83.2835
-46.4116
-42.518
-65.7151
-98.3682
-40.9764
-95.5079
-37.4632
-23.5733
-82.114
-77.8578
-35.6782
-58.0007
-101.106
-116.917
-57.1716
-86.532
-108.569
-45.104
-35.2926
-99.7927
-61.3596
-94.4945
-33.1612
-82.4592
-68.0935
-87.3097
-75.5926
-27.877
-93.1681
-114.807
-114.641
-77.5751
-74.1059
-76.1918
-66.0285
-31.1458
-77.9233
-60.1544
-122.293
-47.4488
-47.8749
-128.337
-70.4891
-90.7175
-121.834
-62.4093
-50.3969
-120.165
-77.1904
-67.3667
-93.5039
-40.3173
-64.9057
-57.7911
-28.0892
-51.1598
-113.265
-91.7656
-53.6331
-89.4698
-66.8843
-24.8498
-94.1261
-64.601
-62.8003
-57.3387
-89.007
-54.6944
-117.884
-45.7762
-102.893
-68.0587
-63.4565
-87.4674
-51.0065
-19.1769
-67.384
-96.0569
-115.369
-66.5531
-26.6008
-36.6321
-104.698
-71.4606
-42.2219
-67.4638
-106.644
-30.4195
-57.5002
-107.617
-93.5698
-52.9318
-42.5229
-80.6017
-60.3159
-65.1439
-79.2787
-73.4355
-83.6492
-61.6052
-91.6364
-75.1472
-92.5161
-90.2438
-50.3133
-95.9132
-112.717
-43.0305
-88.2475
-110.379
-69.8099
-92.0672
-45.3488
-49.3727
-76.4087
-39.6483
-57.2382
-91.142
-80.0585
-100.222
-70.4909
-54.8642
-58.6356
-49.8729
-102.933
-64.6189
-90.2964
-51.3353
-30.2866
-32.7315
-60.5138
-94.0243
-34.0539
-98.9426
-93.8959
-72.7931
-32.6452
-47.2772
-103.106
-80.0433
-75.6635
-38.0438
-88.1144
-45.982
-64.1946
-50.1833
-93.2025
-90.1069
-103.078
-67.1771
-79.9531
-88.018
-97.3942
-109.139
-64.5122
-125.944
-85.3428
-127.733
-101.444
-80.4798
-71.077
-127.585
-93.0866
-26.4147
-43.8806
-81.4888
-30.291
-176.696
-125.116
-181.289
-187.868
-157.734
-143.995
-135.888
-152.662
-163.379
-185.122
-147.758
-141.99
-151.164
-139.597
-146.589
-180.064
-196.851
-169.593
-161.477
-228.349
-172.642
-130.871
-137.912
-156.991
-139.774
-205.512
-176.549
-193.57
-197.145
-165.159
-199.526
-138.818
-152.525
-194.638
-198.794
-120.817
-150.633
-219.655
-139.588
-108.024
-179.284
-200.073
-144.341
-181.638
-188.88
-198.928
-164.392
-182.229
-166.235
-201.298
-143.105
-116.704
-153.492
-146.867
-160.33
-162.061
-183.203
-187.302
-183.149
-126.984
-162.297
-147.617
-218.842
-132.61
-132.327
-167.286
-129.272
-217.21
-134.179
-126.007
-149.403
-128.425
-124.87
-216.674
-126.878
-167.63
-143.709
-187.678
-139.837
-178.272
-144.215
-111.273
-171.996
-135.225
-155.801
-118.526
-222.377
-109.813
-161.216
-193.867
-224.004
-172.178
-173.659
-136.254
-139.067
-121.917
-172.331
-156.997
-208.224
-158.553
-160.254
-108.922
-177.418
-142.545
-130.358
-152.001
-217.61
-195.601
-198.28
-132.432
-141.275
-194.349
-200.731
-156.688
-132.084
-184.644
-107.059
-153.232
-137.386
-183.528
-210.723
-160.61
-149.701
-141.148
-124.482
-203.36
-117.461
-139.023
-131.907
-134.618
-163.188
-149.837
-183.712
-180.839
-160.496
-120.505
-213.852
-164.563
-158.987
-137.835
-173.161
-142.384
-153.265
-133.075
-123.633
-126.271
-190.581
-126.614
-150.799
-133.331
-156.573
-153.01
-208.499
-213.035
-129.014
-149.115
-140.691
-144.806
-207.422
-107.112
-158.249
-111.931
-217.71
-123.759
-125.964
-157.513
-136.194
-198.308
-162.084
-159.923
-122.365
-134.397
-151.009
-126.709
-125.657
-188.457
-133.586
-185.863
-191.888
-145.514
-117.043
-209.006
-165.02
-170.629
-131.412
-131.651
-107.595
-185.847
-164.848
-209.169
-184.991
-183.052
-162.759
-216.924
-224.827
-182.63
-171.951
-184.634
-197.571
-106.539
-217.15
-124.185
-205.181
-118.941
-226.321
-154.1
-180.463
-158.429
-154.48
-140.806
-141.284
-155.57
-122.15
-132.559
-176.849
-211.083
-205.071
-226.486
-150.552
-171.745
-130.749
-151.538
-184.947
-209.65
-130.987
-199.029
-169.699
-157.016
-214.882
-112.681
-218.707
-190.174
-163.874
-142.694
-142.037
-200.873
-204.76
-124.431
-210.457
-168.761
-150.909
-113.793
-186.626
-161.139
-134.072
-159.602
-163.492
-157.277
-156.195
-148.601
-165.634
-189.45
-133.103
-164.266
-201.636
-177.664
-132.7
-140.234
-132.096
-148.548
-116.702
-178.176
-193.437
-198.612
-162.175
-111.043
-181.209
-153.22
-136.798
-150.52
-125.702
-156.507
-121.474
-154.661
-149.537
-126.72
-144.74
-110.067
-191.839
-149.838
-188.682
-163.232
-149.368
-192.205
-146.465
-212.486
-135.747
-210.716
-204.938
-138.256
-187.248
-162.17
-145.542
-128.919
-144.124
-230.997
-162.23
-163.201
-125.866
-105.992
-133.023
-168.307
-201.277
-153.018
-214.686
-216.293
-128.897
-139.07
-190.05
-145.935
-172.211
-162.936
-161.671
-148.624
-155.643
-197.759
-198.03
-170.883
-123.14
-166.065
-148.228
-144.02
-202.781
-146.032
-118.868
-153.855
-197.357
-142.058
-188.062
-169.902
-168.35
-131.418
-143.174
-194.76
-145.345
-156.181
-123.71
-149.641
-107.003
-166.464
-197.618
-155.244
-196.257
-125.845
-116.476
-105.996
-137.122
-180.119
-172.889
-185.838
-183.495
-187.318
-113.051
-215.35
-158.679
-194.061
-156.839
-118.435
-124.272
-158.117
-213.858
-163.475
-211.773
-156.381
-128.682
-136.594
-164.199
-150.19
-176.772
-192.68
-138.653
-169.627
-151.685
-173.441
-215.606
-195.857
-189.543
-160.897
-220.505
-115.905
-133.888
-148.028
-152.178
-145.122
-228.85
-153.666
-162.049
-226.369
-145.032
-226.886
-157.627
-151.066
-142.742
-190.879
-156.263
-162.153
-199.433
-149.604
-152.823
-171.117
-231.623
-237.102
-241.112
-270.854
-284.29
-255.181
-289.042
-280.467
-272.257
-272.024
-293.701
-269.299
-263.012
-279.469
-298.064
-301.123
-286.314
-286.613
-248.298
-269.547
-245.549
-276.411
-302.717
-284.376
-302.542
-249.849
-257.098
-297.712
-297.823
-287.481
-271.164
-293.936
-277.148
-250.641
-285.303
-243.432
-253.613
-285.568
-267.693
-241.473
-295.526
-259.634
-275.803
-322.598
-257.075
-291.32
-225.8
-305.771
-265.733
-309.496
-298.801
-282.361
-258.167
-309.944
-250.486
-237.733
-324.695
-260.048
-238.652
-262.225
-245.391
-272.909
-284.622
-239.375
-272.312
-299.601
-240.525
-304.929
-228.612
-293.667
-236.907
-264.457
-314.903
-285.868
-275.593
-244.585
-237.531
-328.384
-229.603
-232.683
-311.012
-242.277
-295.393
-227.779
-269.151
-289.882
-263.787
-277.16
-277.915
-303.764
-239.322
-297.879
-264.352
-262.975
-312.062
-285.587
-301.269
-300.979
-289.409
-313.081
-263.79
-226.303
-232.229
-284.606
-316.095
-259.735
-289.77
-269.29
-292.72
-223.826
-290.638
-226.978
-293.072
-267.996
-219.641
-252.609
-261.792
-272.597
-292.95
-286.923
-255.22
-273.41
-288.198
-237.188
-310.617
-314.953
-229.902
-232.454
-226.657
-301.875
-302.521
-279.252
-247.295
-292.095
-261.583
-246.075
-235.151
-242.949
-258.283
-323.305
-236.525
-265.631
-246.27
-269.479
-318.414
-285.865
-316.258
-294.495
-311.162
-264.598
-314.394
-236.267
-283.257
-242.663
-252.603
-251.062
-272.305
-251.218
-264.126
-252.388
-297.642
-294.706
-268.934
-250.127
-312.275
-283.15
-299.979
-248.638
-293.651
-254.515
-252.782
-231.452
-230.292
-288.212
-300.382
-240.258
-273.896
-292.393
-232.75
-260.842
-243.484
-306.799
-273.988
-321.871
-294.044
-299.238
-326.793
-238.167
-269.903
-242.76
-289.27
-241.748
-271.63
-287.158
-266.68
-280.947
-236.356
-311.291
-265.146
-289.503
-274.322
-301.523
-255.922
-302.7
-257.498
-217.996
-220.299
-294.136
-291.308
-240.584
-301.26
-215.497
-293.826
-269.315
-235.407
-233.257
-233.212
-299.978
-283.169
-289.25
-307.704
-223.155
-285.159
-303.823
-296.137
-284.304
-292.914
-304.936
-303.119
-268.959
-297.348
-288.118
-277.647
-242.261
-296.519
-259.537
-320.197
-317.827
-307.21
-250.642
-211.899
-300.172
-227.822
-247.641
-262.34
-243.395
-294.584
-280.378
-219.615
-233.974
-260.737
-278.174
-239.597
-285.178
-239.941
-312.373
-261.469
-259.706
-295.978
-257.722
-268.312
-290.5
-245.168
-291.529
-268.043
-311.312
-215.152
-246.981
-284.174
-207.19
-268.528
-254.555
-262.972
-251.396
-205.065
-270.855
-260.703
-276.913
-244.956
-261.245
-250.127
-264.839
-225.368
-292.158
-242.007
-305.875
-263.707
-278.966
-244.755
-219.63
-259.54
-272.542
-275.43
-249.749
-279.085
-265.293
-257.655
-224.086
-228.492
-258.047
-237.081
-248.905
-229.537
-297.826
-285.87
-324.998
-267.436
-241.973
-303.513
-244.7
-258.944
-210.184
-227.566
-229.236
-234.233
-242.475
-285.786
-269.129
-263.82
-244.55
-259.352
-303.464
-273.823
-211.263
-258.925
-306.205
-292.866
-329.369
-298.653
-284.051
-256.477
-279.486
-233.754
-238.134
-304.7
-227.922
-300.89
-220.841
-270.074
-293.152
-276.003
-218.459
-305.024
-303.634
-257.931
-275.329
-298.302
-277.633
-239.244
-225.513
-293.297
-255.117
-305.29
-315.357
-243.508
-285.345
-297.174
-297.588
-225.02
-277.021
-322.053
-304.032
-279.249
-222.96
-233.913
-259.016
-293.031
-305.995
-230.943
-272.839
-285.387
-228.185
-227.747
-308.677
-226.447
-259.195
-332.074
-256.238
-212.993
-243.875
-265.719
-271.103
-217.475
-321.843
-232.704
-267.762
-217.697
-317.145
-226.682
-286.992
-230.885
-310.109
-221.213
-286.319
-247.671
-235.953
-278.898
-249.482
-250.611
-287.56
-233.273
-304.194
-241.862
-326.198
-231.103
-254.226
-227.66
-237.878
-262.28
-238.085
-265.096
-246.075
-279.679
-287.042
-281.36
-262.573
-293.452
-275.425
-275.362
-240.057
-277.527
-306.91
-293.504
-297.759
-257.179
-305.598
-276.604
-243.898
-312.386
-232.782
-271.285
-226.896
-246.628
-308.236
-274.581
-223.576
-298.957
-305.273
-301.837
-216.092
-253.011
-322.296
-256.21
-256.957
-230.322
-217.16
-292.995
-313.415
-235.39
-225.334
-233.383
-238.744
-278.16
-283.743
-265.329
-287.792
-287.605
-282.248
-267.688
-216.821
-272.12
-299.443
-295.119
-321.052
-325.297
-297.313
-323.562
-298.752
-303.276
-241.36
-256.562
-246.385
-311.805
-268.838
-222.104
-287.377
-262.611
-251.437
-220.737
-257.567
-208.643
-264.579
-247.509
-309.763
-266.163
-318.784
-282.355
-305.258
-292.23
-249.151
-273.003
-280.685
-278.873
-241.602
-229.897
-246.31
-252.453
-276.272
-238.044
-318.398
-246.252
-226.92
-262.848
-261.662
-266.824
-252.602
-206.377
-307.081
-286.932
-226.212
-289.67
-264.365
-248.151
-316.87
-284.142
-235.6
-209.975
-239.022
-244.838
-286.514
-219.026
-238.996
-262.014
-265.716
-295.675
-284.762
-261.715
-254.993
-217.292
-301.972
-252.635
-321.895
-233.397
-248.644
-276.784
-221.739
-227.124
-244.566
-323.561
-226.176
-310.105
-240.984
-222.251
-225.698
-316.002
-223.828
-281.071
-262.719
-276.543
-285.34
-268.899
-248.438
-237.941
-224.924
-274.159
-238.739
-259.017
-219.736
-244.207
-278.055
-237.283
-306.773
-225.485
-272.449
-234.832
-238.338
-243.441
-327.092
-256.441
-297.643
-259.363
-244.347
-243.364
-257.721
-308.662
-295.925
-310.206
-239.933
-218.441
-315.978
-234.623
-254.723
-247.082
-293.722
-292.969
-235.963
-244.449
-265.815
-310.879
-230.442
-219.716
-262.428
-212.249
-324.178
-305.741
-303.055
-260.39
-282.965
-281.895
-260.307
-329.221
-341.62
-401.763
-352.542
-369.484
-380.677
-390.164
-390.948
-359.235
-354.2
-383.201
-330.735
-351.592
-325.459
-407.98
-381.762
-357.155
-375.495
-380.908
-387.183
-328.757
-322.569
-399.549
-348.378
-351.125
-334.304
-333.008
-385.24
-388.173
-335.391
-410.11
-382.248
-377.716
-407.661
-392.323
-364.095
-335.422
-394.872
-360.848
-390.276
-415.439
-359.509
-377.798
-369.299
-364.233
-406.263
-401.728
-393.819
-362.329
-326.987
-335.606
-367.998
-365.607
-411.527
-418.96
-345.38
-364.973
-389.458
-372.648
-397.211
-409.161
-381.095
-335.275
-394.84
-361.876
-342.175
-377.834
-392.591
-360.214
-344.754
-397.443
-375.705
-338.209
-392.482
-362.526
-374.511
-402.878
-375.315
-361.378
-371.119
-337.845
-409.715
-390.224
-385.132
-365.244
-331.432
-332.272
-339.397
-413.164
-364.535
-405.115
-387.727
-414.597
-430
-360.373
-409.639
-395.231
-396.591
-424.439
-345.485
-402.53
-346.544
-401.697
-334.389
-403.472
-333.378
-372.549
-399.138
-334.264
-397.103
-379.055
-403.646
-387.726
-357.874
-390.177
-320.266
-378.941
-347.653
-374.467
-351.071
-344.129
-394.427
-356.559
-370.816
-367.918
-349.809
-405.863
-417.389
-391.581
-371.258
-417.943
-371.096
-379.186
-370.726
-339.191
-350.092
-337.166
-341.937
-332.203
-362.303
-368.377
-361.927
-357.871
-326.864
-388.478
-396.173
-355.775
-331.552
-342.838
-363.297
-347.163
-426.219
-406.669
-383.623
-394.788
-397.319
-406.789
-407.104
-351.746
-387.238
-422.525
-350.26
-367.835
-390.809
-349.673
-333.07
-332.787
-330.031
-410.959
-426.571
-386.199
-391.743
-343.796
-413.307
-384.698
-341.856
-334.877
-353.006
-421.48
-350.354
-399.131
-359.203
-383.964
-399.622
-357.827
-339.831
-336.749
-342.291
-375.477
-340.131
-340.531
-373.25
-374.905
-398.959
-356.677
-405.081
-341.605
-403.179
-416.66
-399.153
-353.962
-345.807
-389.918
-419.247
-341.783
-367.642
-364.191
-303.196
-340.117
-371.084
-384.784
-313.015
-366.489
-326.556
-401.919
-388.443
-393.68
-342.389
-319.935
-322.44
-333.708
-342.268
-332.63
-323.29
-353.158
-328
-428.418
-408.34
-329.414
-383.429
-325.926
-419.005
-339.521
-355.927
-349.627
-379.297
-346.152
-368.694
-365.153
-351.645
-315.566
-363.013
-342.545
-362.975
-369.365
-399.101
-341.291
-366.194
-320.606
-320.597
-414.669
-393.437
-367.351
-334.745
-407.906
-420.796
-326.47
-349.27
-331.174
-394.254
-400.737
-309.766
-360.977
-351.938
-335.214
-389.262
-372.984
-371.438
-316.313
-367.769
-346.881
-367.533
-365.346
-384.76
-332.267
-336.603
-382.326
-339.077
-365.736
-313.88
-365.272
-373.686
-369.422
-344.188
-391.15
-329.448
-385.996
-361.968
-351.702
-347.485
-348.171
-387.786
-302.601
-367.647
-363.179
-352.528
-308.098
-353.824
-320.446
-383.765
-410.063
-349.094
-360.392
-406.377
-358.788
-391.395
-404.122
-427.128
-383.61
-405.231
-379.924
-339.977
-307.463
-320.065
-320.538
-316.174
-356.851
-321.692
-308.34
-345.117
-327.28
-331.379
-402.235
-362.37
-349.661
-351.502
-374.448
-351.821
-347.431
-325.839
-332.136
-399.699
-354.345
-359.368
-326.001
-337.392
-383.862
-365.63
-400.057
-374.57
-329.473
-391.163
-329.292
-368.842
-350.753
-334.765
-353.037
-404.399
-376.942
-350.068
-362.436
-337.084
-316.964
-391.458
-410.302
-344.489
-372.348
-324.768
-370.027
-334.648
-362.024
-321.075
-373.469
-370.033
-387.199
-362.989
-363.377
-394.079
-416.211
-342.678
-382.969
-367.872
-359.087
-350.495
-378.607
-349.484
-349.046
-427.57
-331.755
-383.18
-358.347
-384.885
-356.98
-343.097
-404.062
-382.272
-353.43
-342.087
-382.105
-416.546
-374.137
-322.343
-403.897
-335.032
-370.653
-414.65
-344.043
-330.819
-401.971
-393.447
-398.396
-352.966
-381.693
-380.458
-363.369
-420.995
-366.042
-354.407
-426.569
-420.023
-415.414
-373.409
-405.263
-402.26
-350.981
-330.959
-347.371
-335.358
-314.747
-362.521
-369.723
-357.098
-333.699
-339.713
-333.431
-356.263
-328.259
-394.449
-388.415
-373.815
-373.534
-308.896
-358.153
-347.453
-335.766
-331.737
-394.491
-377.442
-319.978
-402.556
-427.696
-418.41
-329.32
-373.499
-331.128
-416.221
-376.239
-329.398
-344.19
-406.215
-377.698
-368.334
-412.031
-362.714
-401.091
-383.903
-375.784
-397.036
-311.899
-399.259
-383.835
-389.065
-373.854
-356.293
-408.101
-374.935
-400.301
-419.006
-355.359
-351.102
-335.462
-409.359
-351.241
-362.726
-346.227
-362.668
-360.285
-334.256
-416.663
-342.166
-335.354
-348.283
-398.731
-345.877
-367.522
-372.373
-390.272
-355.05
-330.046
-352.378
-344.337
-373.432
-334.41
-367.321
-391.097
-364.288
-414.097
-338.106
-380.869
-313.261
-382.184
-417.812
-394.412
-337.734
-393.076
-349.737
-327.237
-405.146
-375.123
-323.535
-383.697
-356.101
-364.259
-398.679
-359.623
-346.314
-358.806
-403.285
-400.616
-391.646
-396.567
-348.623
-376.074
-393.294
-348.564
-420.215
-334.604
-340.921
-382.833
-396.132
-353.288
-350.362
-379.676
-317.115
-345.676
-319.381
-307.749
-374.945
-390.232
-415.121
-381.515
-365.758
-383.809
-331.07
-324.847
-424.998
-394.094
-381.348
-329.145
-343.725
-415.784
-415.478
-350.348
-365.738
-349.427
-358.929
-402.646
-345.568
-378.525
-401.21
-408.814
-385.557
-382.502
-376.378
-376.824
-340.398
-378.139
-352.142
-410.296
-419.874
-380.607
-309.739
-388.723
-377.543
-374.614
-331.799
-389.119
-349.546
-325.148
-318.266
-358.073
-322.133
-354.822
-357.827
-385.172
-390.012
-368.845
-399.588
-401.305
-386.364
-356.423
-388.345
-357.7
-371.936
-377.16
-318.996
-390.739
-417.777
-403.326
-360.104
-505.326
-460.845
-472.449
-516.481
-507.582
-520.467
-450.678
-447.007
-480.483
-477.881
-446.975
-449.785
-482.739
-486.404
-499.47
-501.743
-493.369
-477.868
-449.704
-522.051
-463.456
-479.564
-449.861
-507.307
-457.272
-456.484
-437.608
-465.795
-461.317
-428.976
-504.539
-434.057
-467.336
-478.576
-478.627
-451.87
-443.895
-430.185
-468.918
-506.904
-526.788
-478.108
-448.518
-510.145
-474.676
-510.393
-451.638
-485.723
-458.431
-440.967
-468.708
-469.306
-428.179
-519.706
-435.065
-480.026
-470.114
-499.064
-504.687
-465.881
-514.577
-499.641
-421.888
-492.317
-461.556
-437.819
-433.321
-492.253
-430.016
-455.656
-478.976
-462.912
-468.171
-460.049
-426.085
-479.303
-483.208
-469.418
-441.837
-449.829
-492.998
-477.452
-455.638
-451.624
-442.991
-470.618
-499.748
-442.073
-481.42
-523.652
-438.615
-489.999
-432.117
-481.848
-466.897
-464.228
-491.337
-453.378
-483.69
-504.619
-465.092
-460.791
-468.034
-443.52
-518.024
-436.568
-459.831
-494.22
-466.24
-465.172
-430.696
-426.299
-427.228
-453.858
-450.668
-520.857
-422.407
-457.42
-457.543
-458.941
-493.537
-486.382
-513.689
-496.57
-504.143
-492.26
-431.619
-466.733
-508.94
-447.353
-478.25
-475.975
-485.233
-484.416
-463.17
-492.564
-526.775
-492.858
-488.46
-455.587
-445.813
-427.547
-443.306
-502.161
-467.847
-441.361
-435.691
-508.969
-490.432
-508.888
-517.241
-497.208
-459.422
-476.14
-483.785
-486.526
-501.417
-496.602
-504.779
-494.414
-453.763
-470.697
-495.417
-462.272
-503.702
-464.3
-445.856
-445.543
-462.735
-476.815
-438.943
-519.188
-499.194
-443.85
-492.186
-453.043
-484.43
-509.175
-510.115
-461.005
-437.969
-449.743
-514.074
-453.438
-492.023
-459.063
-444.636
-478.557
-472.983
-470.765
-436.814
-495.645
-440.299
-523.083
-510.477
-500.881
-503.126
-468.062
-487.546
-503.842
-257.5
-303.686
-323.697
-304.429
-264.805
-296.043
-218.059
-262.651
-255.661
-240.938
-297.039
-234.877
-222.124
-288.801
-221.419
-260.667
-317.889
-267.794
-265.184
-272.147
-218.846
-253.457
-258.706
-291.127
-227.207
-280.911
-294.252
-234.129
-282.645
-273.25
-274.979
-280.122
-279.021
-232.597
-303.153
-275.247
-227.502
-261.798
-261.375
-260.229
-248.339
-287.491
-239.332
-236.605
-304.617
-225.852
-322.483
-313.503
-308.028
-290.289
-308.889
-243.339
-299.666
-288.523
-307.388
-230.198
-249.953
-267.428
-324.058
-262.229
-285.185
-246.552
-212.301
-253.337
-232.573
-249.11
-277.24
-270.085
-235.09
-254.254
-272.21
-252.585
-261.03
-228.862
-230.623
-240.045
-226.572
-282.9
-263.565
-244.562
-287.364
-220.17
-308.205
-246.088
-230.787
-228.503
-256.311
-241.917
-238.56
-240.284
-233.949
-307.029
-233.354
-227.939
-297.429
-251.796
-276.269
-278.309
-287.802
-288.555
-229.093
-231.243
-238.201
-210.851
-298.969
-228.79
-257.13
-254.544
-245.558
-251.666
-313.719
-286.323
-259.17
-252.045
-271.974
-226.207
-259.017
-251.515
-279.441
-237.127
-254.098
-285.333
-303.327
-304.212
-218.948
-240.525
-280.865
-235.505
-316.83
-253.156
-256.36
-243.567
-242.084
-279.044
-276.735
-256.045
-273.87
-246.152
-319.484
-272.162
-225.601
-224.425
-237.155
-287.577
-290.808
-299.702
-254.946
-263.617
-276.827
-221.689
-236.565
-227.323
-285.633
-308.291
-224.621
-256.414
-290.164
-250.003
-295.408
-293.904
-286.909
-304.493
-259.983
-247.048
-242.56
-215.87
-255.447
-227.596
-298.644
-304.847
-299.144
-231.44
-324.838
-274.341
-284.159
-278.03
-228.868
-246.661
-293.804
-241.024
-251.341
-264.516
-315.516
-218.756
-242.194
-277.318
-231.489
-242.908
-207.351
-304.768
-281.091
-247.713
-247.451
-234.62
-237.768
-277.53
-258.99
-256.518
-224.07
-259.978
-244.539
-223.716
-238.129
-277.455
-297.237
-316.738
-273.877
-267.196
-297.167
-235.166
-262.037
-232.314
-310.376
-303.887
-266.731
-221.973
-233.425
-205.507
-242.998
-231.043
-219.567
-224.852
-247.109
-220.938
-315.046
-225.516
-222.24
-278.595
-275.571
-243.681
-248.454
-246.977
-313.153
-297.672
-243.938
-255.319
-268.096
-305.905
-240.244
-287.086
-262.12
-267.772
-289.403
-267.442
-267.151
-290.325
-322.853
-261.211
-245.655
-297.75
-294.908
-264.107
-318.367
-280.323
-227.147
-292.794
-328.489
-267.879
-301.141
-247.231
-227.368
-233.691
-312.34
-241.385
-276.984
-262.064
-257.395
-280.09
-248.572
-281.064
-247.4
-287.221
-297.863
-259.918
-276.525
-322.53
-264.18
-302.756
-256.329
-231.624
-275.198
-247.405
-225.593
-239.566
-235.705
-249.772
-281.99
-260.468
-262.598
-327.846
-218.965
-239.565
-307.985
-237.888
-261.803
-300.714
-303.001
-244.915
-267.198
-306.597
-240.485
-252.74
-267.744
-288.498
-257.818
-254.686
-251.435
-221.33
-315.458
-213.074
-297.679
-260.668
-256.7
-224.834
-281.675
-292.923
-204.459
-280.13
-212.311
-263.466
-276.788
-242.037
-259.347
-232.456
-250.813
-263.828
-235.303
-255.729
-322.295
-287.72
-257.428
-285.977
-229.131
-279.66
-310.019
-242.248
-296.829
-220.973
-235.424
-275.269
-243.774
-224.539
-250.431
-275.402
-276.295
-302.483
-304.595
-291.494
-292.405
-320.689
-324.028
-213.915
-261.975
-252.574
-260.236
-270.148
-250.171
-206.804
-265.277
-264.248
-244.918
-237.543
-289.435
-312.185
-250.045
-293.499
-261.332
-263.529
-312.809
-286.321
-251.674
-303.243
-263.882
-221.582
-260.098
-266.774
-297.61
-282.917
-215.655
-221.707
-225.099
-254.173
-224.801
-221.719
-285.459
-220.271
-296.185
-281.217
-246.962
-253.245
-219
-280.064
-299.191
-298.717
-238.179
-252.651
-244.064
-227.756
-263.248
-251.175
-389.959
-336.338
-376.306
-359.556
-372.617
-338.121
-403.479
-351.285
-396.779
-333.041
-356.064
-386.189
-356.888
-344.534
-390.43
-360.628
-381.249
-404.78
-375.82
-342.174
-385.146
-398.091
-391.346
-379.814
-416.472
-356.523
-419.906
-369.253
-345.351
-372.579
-393.388
-342.401
-337.555
-339.979
-386.153
-380.995
-358.936
-344.184
-387.992
-358.639
-368.981
-381.243
-350.438
-381.536
-323.18
-395.576
-363.419
-339.258
-354.862
-381.618
-427.369
-357.122
-375.435
-389.638
-329.684
-388.114
-343.858
-338.296
-392.553
-348.757
-358.958
-386.488
-386.126
-382.809
-349.115
-390.135
-359.332
-395.789
-408.613
-383.986
-384.181
-348.882
-394.561
-398.199
-399.135
-347.214
-346.135
-329.154
-359.296
-350.309
-322.56
-408.29
-325.604
-332.246
-338.416
-359.515
-364.502
-334.844
-386.781
-382.771
-406.038
-378.61
-389.852
-341.534
-372.39
-369.818
-364.543
-367.319
-346.354
-369.352
-369.123
-358.507
-336.937
-331.015
-397.327
-396.187
-382.267
-349.4
-410.004
-330.204
-404.959
-325.693
-342.756
-395.531
-391.226
-378.678
-408.857
-355.738
-385.251
-364.354
-378.128
-416.136
-391.249
-403.954
-400.215
-404.597
-403.885
-406.481
-396.167
-337.285
-388.939
-343.653
-358.799
-379.806
-397.816
-400.788
-403.445
-361.615
-397.663
-369.255
-428.05
-347.432
-420.241
-380.927
-402.584
-388.712
-397.001
-339.53
-379.769
-342.858
-385.82
-386.954
-374.673
-356.793
-362.865
-324.492
-387.081
-352.249
-369.087
-413.471
-387.289
-427.133
-367.427
-363.771
-388.919
-354.751
-379.121
-395.981
-376.084
-390.885
-408.866
-410.629
-411.596
-422.774
-356.534
-363.53
-409.698
-399.618
-409.292
-369.511
-415.22
-376.222
-354.841
-335.471
-418.549
-383.534
-390.428
-385.105
-377.507
-344.722
-361.421
-400.935
-339.01
-361.236
-400.695
-357.879
-362.988
-363.994
-377.5
-379.889
-158.836
-214.88
-231.169
-174.407
-131.149
-187.653
-220.005
-207.081
-106.691
-160.616
-132.971
-181.311
-167.854
-113.471
-159.265
-209.713
-154.517
-175.47
-128.917
-137.121
-194.236
-143.963
-104.971
-196.732
-145.94
-155.654
-210.395
-123.468
-161.368
-181.578
-145.89
-149.858
-169.347
-146.19
-191.523
-119.542
-197.086
-109.627
-158.172
-129.927
-103.059
-131.962
-190.359
-162.28
-133.695
-180.431
-209.547
-120.68
-147.663
-192.047
-110.525
-217.022
-113.473
-220.319
-125.784
-144.687
-151.881
-163.729
-188.698
-216.603
-168.856
-167.764
-163.21
-194.539
-159.782
-216.969
-159.957
-134.132
-178.594
-221.983
-209.171
-157.886
-185.69
-151.502
-127.264
-164.422
-139.099
-122
-119.019
-158.551
-193.848
-139.486
-144.94
-174.866
-127.898
-112.205
-211.052
-185.623
-175.851
-106.884
-150.023
-141.57
-131.05
-123.84
-163.459
-224.938
-186.467
-145.937
-177.362
-157.665
-186.073
-162.101
-110.342
-208.765
-175.667
-138.369
-135.905
-203.22
-153.921
-188.024
-207.879
-179.393
-154.328
-151.191
-138.147
-174.629
-187.281
-154.88
-150.989
-171.839
-200.028
-126.74
-207.282
-162.923
-166.58
-208.386
-136.099
-211.373
-122.397
-178.329
-157.422
-151.228
-151.587
-128.591
-123.271
-175.573
-141.96
-194.657
-143.077
-119.022
-208.85
-194.228
-194.534
-168.685
-180.892
-142.336
-157.057
-165.847
-134.341
-164.334
-125.235
-179.089
-147.663
-120.306
-151.299
-158.398
-227.134
-141.528
-162.626
-132.035
-167.315
-145.271
-200.053
-171.506
-127.494
-110.332
-186.754
-167.726
-146.245
-209.435
-163.656
-185.785
-183.78
-138.585
-143.577
-175.055
-189.436
-118.669
-195.814
-129.765
-126.472
-146.438
-176.289
-184.137
-152.33
-214.807
-155.705
-127.351
-176.511
-155.636
-151.966
-193.241
-201.636
-157.146
-140.486
-135.163
-151.793
-177.342
-155.448
-160.833
-154.174
-126.926
-159.544
-179.824
-147.23
-132.418
-131.409
-140.389
-159.422
-136.678
-210.314
-200.922
-130.357
-127.947
-175.875
-147.799
-127.083
-137.784
-197.058
-154.995
-182.206
-130.743
-192.801
-140.209
-154.201
-136.651
-170.518
-140.945
-121.878
-187.912
-136.657
-152.462
-156.453
-131.805
-172.456
-125.903
-202.999
-150.761
-126.855
-159.519
-117.104
-123.278
-152.22
-188.224
-161.218
-192.511
-145.5
-207.972
-191.464
-123.081
-176.26
-126.648
-172.886
-136.18
-143.221
-196.091
-164.954
-150.785
-188.382
-164.304
-155.986
-122.403
-160.256
-116.145
-141.966
-171.747
-128.684
-113.518
-174.203
-125.704
-157.165
-183.713
-178.159
-170.918
-128.448
-224.486
-217.731
-130.555
-153.249
-198.354
-214.354
-205.072
-227.606
-199.761
-144.233
-133.389
-159.101
-119.933
-154.293
-178.111
-139.787
-184.683
-143.605
-205.976
-158.68
-152.55
-122.614
-161.038
-164.411
-190.976
-186.373
-172.946
-172.977
-196.528
-179.812
-196.786
-219.039
-189.099
-134.372
-178.12
-158.884
-159.245
-142.169
-169.738
-182.033
-115.834
-128.799
-190.883
-101.761
-143.621
-175.489
-213.853
-202.506
-224.229
-142.353
-182.709
-170.639
-172.446
-129.538
-220.289
-227.877
-132.483
-223.013
-128.211
-228.65
-181.765
-168.256
-147.875
-130.913
-166.199
-144.445
-115.895
-149.325
-210.564
-198.23
-171.78
-160.87
-161.759
-203.432
-190.541
-154.167
-201.218
-139.843
-167.199
-158.342
-127.143
-129.316
-107.915
-145.865
-136.134
-158.571
-114.218
-110.476
-155.709
-146.293
-161.831
-154.24
-180.504
-166.234
-125.242
-135.213
-132.52
-215.717
-117.154
-210.512
-163.077
-153.802
-124.169
-119.475
-128.167
-132.711
-226.774
-200.238
-219.108
-172.514
-207.782
-159.091
-141.629
-200.61
-131.957
-129.433
-171.718
-145.724
-143.347
-179.347
-218.109
-147.113
-125.109
-161.915
-146.407
-321.435
-241.957
-269.153
-290.455
-239.664
-255.941
-241.348
-280.082
-315.014
-233.106
-315.488
-251.571
-318.22
-289.89
-263.233
-286.058
-313.271
-255.507
-318.396
-219.243
-244.217
-267.188
-283.009
-284.291
-301.257
-273.676
-300.169
-231.617
-299.339
-276.971
-305.553
-286.916
-235.515
-240.144
-290.807
-258.32
-295.157
-249.601
-287.393
-244.552
-303.565
-300.34
-241.255
-243.043
-292.251
-307.673
-274.322
-292.389
-296.849
-266.06
-287.694
-230.062
-306.133
-223.944
-242.321
-288.855
-241.429
-251.505
-247.896
-293.616
-239.416
-263.956
-233.678
-259.761
-318.562
-227.814
-312.562
-328.637
-295.832
-297.346
-314.686
-241.353
-271.15
-295.817
-297.861
-271.377
-320.094
-230.715
-240.405
-305.371
-284.997
-276.368
-254.413
-260.291
-226.57
-246.251
-311.114
-226.815
-256.458
-290.672
-287.675
-249.498
-245.913
-273.044
-230.492
-254.049
-229.107
-244.328
-318.713
-249.748
-326.082
-256.12
-252.334
-296.197
-273.974
-293.84
-261.704
-251.809
-289.959
-289.039
-302.5
-266.115
-233.156
-224.292
-254.244
-289.184
-263.515
-295.412
-236.543
-291.016
-300.434
-316.364
-267.798
-297.99
-284.245
-303.606
-278.579
-257.886
-269.473
-268.324
-263.064
-273.419
-247.261
-231.425
-258.94
-232.265
-256.047
-310.567
-299.64
-222.957
-249.759
-268.399
-239.196
-290.858
-251.21
-245.787
-238.145
-263.454
-292.995
-248.229
-243.582
-322.117
-277.735
-229.389
-317.337
-306.844
-289.079
-250.317
-263.387
-295.409
-275.569
-249.217
-226.499
-298.277
-303.611
-287.509
-251.27
-304.078
-274.623
-303.476
-265.281
-258.565
-261.159
-285.282
-291.408
-276.126
-312.81
-274.936
-242.108
-300.083
-309.769
-270.718
-328.988
-237.309
-290.921
-297.506
-255.695
-250.81
-303.136
-301.394
-313.4
-242.277
-243.526
-296.897
-241.617
-276.529
-292.031
-258.784
-320.589
-260.452
-13.7227
-9.29338
42.4116
50.9686
46.2046
31.4845
-20.5808
38.7007
3.21588
67.6133
54.212
31.3587
76.3768
48.4691
62.2582
40.8369
49.5338
59.1182
40.7176
-15.9906
76.8836
61.1673
46.4495
65.9247
-10.6237
71.7481
29.9377
34.1011
66.5922
86.5238
6.23323
78.019
53.8661
40.2359
5.56369
16.8963
47.0494
40.7835
22.1437
37.3444
22.4179
26.4587
20.1045
22.5724
41.2663
61.7351
61.5702
57.0606
41.6737
-9.33649
69.2153
77.3031
36.5376
44.6127
23.3956
56.3422
-15.9144
-16.6298
31.5811
47.0712
29.4548
13.2259
-3.28262
47.4278
81.3925
36.3982
59.9273
11.0841
52.5045
70.3965
72.6676
43.0185
18.6386
43.9622
-0.789057
-16.0606
42.898
21.3639
29.7596
34.5123
71.2113
72.4419
37.3817
44.1507
67.5095
25.5491
75.3142
17.687
0.717212
66.9471
19.1311
78.232
64.3436
42.1176
-7.07599
27.7388
15.3507
53.0755
51.7209
33.9603
81.1468
25.1124
-4.33985
30.5898
27.7416
0.5123
15.8558
30.1388
17.9592
59.7859
5.67606
61.5026
13.3634
56.9347
38.2412
-16.564
32.9273
15.8212
28.6894
53.1432
44.2463
13.1003
28.7899
24.8026
54.588
64.2685
-18.5679
66.2985
56.9137
6.07797
-15.0933
52.2261
71.3469
-19.0775
38.8994
68.9
38.0032
68.6155
45.0608
52.9455
75.1868
79.363
83.226
8.34419
18.5245
7.11145
-10.0283
43.9432
35.2811
66.6594
68.2215
50.5321
40.8759
41.2793
-3.38
46.3901
51.2858
87.7079
38.7974
56.588
15.8512
30.1058
36.605
28.6007
-27.833
47.9109
0.714345
3.68458
89.6177
32.7126
53.3258
19.4093
79.7182
73.5076
66.4599
82.6624
39.6333
48.8169
4.30971
58.1108
68.0937
-15.6623
24.631
4.90555
90.9463
4.04364
3.37579
13.8171
53.6414
69.054
-29.5475
16.6511
-9.71431
56.7443
40.4642
7.13552
50.6963
4.31272
84.916
42.1995
95.0071
33.7712
3.28313
10.0105
23.6786
80.7669
69.0192
72.6442
24.2632
5.39509
8.40514
-4.6415
38.064
52.9681
47.8579
50.8547
58.1048
33.9903
44.0673
59.738
68.0297
61.7077
50.7714
11.8083
33.7658
28.2382
19.3982
31.553
22.3753
41.3427
-21.7675
15.1174
44.2559
76.3957
-17.4498
38.4776
23.5135
28.1627
0.772577
-4.28018
29.8112
26.9768
83.7638
91.6785
34.9656
38.2658
32.0911
73.1448
56.1294
56.9747
-0.639169
46.2378
91.1075
74.2669
81.7971
60.9487
50.7665
28.2079
3.67185
38.6888
47.2845
59.1551
-0.262892
-8.01222
2.64014
40.402
43.7124
12.4301
36.1115
96.5048
70.8048
71.663
64.3501
-18.8916
30.3707
53.178
81.404
19.996
64.7981
-4.38938
62.2983
51.5868
52.4654
5.36682
79.0804
-10.2089
55.2493
94.1045
59.925
33.4019
66.3021
75.697
-21.3615
61.17
-5.43379
45.2847
-7.08498
30.0744
75.2767
53.5048
60.9761
-23.184
-8.44324
5.10724
32.9738
35.3198
10.521
82.3314
45.1807
-16.2683
9.97807
40.9703
51.7888
8.54158
-13.2662
8.7368
70.2139
51.6138
36.709
67.9175
77.1622
53.2245
52.2634
63.8491
-3.76624
89.1145
59.354
25.7163
79.5104
-11.6218
52.19
-12.1343
56.665
43.1524
0.873127
46.739
67.7584
23.0454
26.2449
52.1469
79.1294
-18.8378
-4.7855
65.2364
62.2386
51.8841
66.5445
62.8915
-23.7038
-16.763
23.2869
79.389
13.8543
41.8705
47.8972
7.66971
61.4097
37.0977
44.847
25.476
80.9377
22.2907
34.3126
50.7495
67.3236
38.7302
-4.44441
40.4285
43.0368
69.167
18.6107
47.4535
-14.8856
8.03762
-8.1067
-7.75525
68.9831
-4.44198
15.5566
7.54159
18.5521
50.9544
37.0543
38.6995
88.8167
28.7664
64.2062
-5.36537
-23.2221
-3.76477
43.2399
71.9929
94.0674
85.0823
49.8453
25.7482
58.8485
14.4599
49.3096
-16.4181
-64.4143
-118.085
-90.6813
-46.822
-84.1998
-28.6161
-89.6878
-39.4116
-112.888
-58.3834
-58.9067
-104.494
-77.741
-93.6389
-95.6896
-72.0444
-53.0463
-51.7956
-28.2129
-46.9962
-55.5959
-129.871
-90.8891
-78.2921
-91.9578
-81.5237
-94.6734
-118.698
-63.9057
-113.766
-18.3388
-88.6714
-89.2113
-44.1248
-39.437
-122.415
-54.3108
-77.6356
-78.1715
-102.965
-56.8065
-22.5087
-86.8715
-76.3071
-56.983
-37.1916
-43.6339
-110.477
-105.683
-49.631
-98.9205
-51.3602
-86.7
-78.5499
-106.45
-55.2333
-106.842
-42.995
-52.7407
-91.3775
-73.4675
-110.332
-41.1868
-94.8647
-84.3833
-128.345
-57.1173
-60.4829
-78.8406
-114.44
-98.432
-110.978
-97.4764
-76.9113
-86.8566
-114.237
-57.7938
-117.45
-109.012
-105.944
-67.8294
-88.6535
-124.292
-73.6511
-98.8794
-88.5271
-67.9018
-80.6663
-73.3123
-90.9872
-90.256
-119.542
-57.369
-74.39
-107.986
-80.7756
-36.5863
-66.1466
-92.0409
-103.678
-67.33
-83.4678
-36.0679
-53.6323
-31.0302
-89.4824
-68.2333
-89.364
-101.359
-52.5429
-115.103
-62.3533
-116.306
-86.6872
-47.2499
-89.0836
-62.722
-42.8299
-70.8121
-28.5624
-75.1104
-88.4845
-96.9281
-32.401
-28.477
-94.5658
-47.4956
-104.204
-108.479
-119.185
-60.6746
-69.457
-24.1481
-45.1131
-95.956
-75.4267
-102.06
-42.8659
-86.5382
-24.6808
-68.444
-81.8174
-32.3462
-64.9431
-56.3608
-92.0524
-42.459
-39.5949
-48.4829
-52.9327
-82.6334
-31.7188
-46.486
-66.991
-97.0666
-76.8388
-84.0038
-111.206
-102.158
-34.2151
-52.1316
-77.1118
-51.405
-64.2018
-111.979
-64.1999
-61.2608
-57.4894
-38.8827
-76.0672
-76.7063
-93.2165
-57.051
-84.3967
-104.159
-38.1681
-98.666
-83.4867
-97.7037
-75.4209
-78.4502
-38.8628
-55.3752
-93.0994
-38.6062
-23.3981
-71.1964
-85.4727
-98.6335
-35.421
-110.975
-22.4681
-88.8108
-62.8506
-46.0609
-89.035
-87.408
-89.1876
-61.1127
-47.2653
