-153.030201
-142.423719
-139.733196
-137.740064
-134.157800
-131.363587
-129.061355
-125.656243
-123.689991
-122.892467
-118.474781
-116.783213
-115.978364
-113.807330
-111.213155
-110.119453
-109.192038
-107.722386
-107.151283
-106.359929
-105.284546
-104.158565
-103.040211
-102.553492
-102.157768
-101.916539
-101.527581
-100.952626
-100.237674
-99.830763
-99.522212
-99.130872
-98.591828
-97.984958
-97.611262
-97.115666
-96.578231
-96.039791
-95.702989
-95.472157
-95.356606
-95.108978
-94.780062
-94.482406
-94.206687
-93.811678
-93.609201
-93.248731
-92.990490
-92.852413
-92.097320
-91.979972
-91.780086
-91.610776
-91.171717
-90.943739
-90.495217
-90.057156
-89.856429
-89.542083
-89.286749
-88.939532
-88.675361
-88.405160
-88.087528
-87.885230
-87.645977
-87.381211
-87.162136
-86.728154
-86.498857
-86.290209
-86.032028
-85.858790
-85.721245
-85.407347
-85.331064
-85.139489
-84.790162
-84.485968
-84.173137
-83.805897
-83.544681
-83.203830
-82.618606
-82.195186
-81.880593
-81.498428
-81.162654
-80.645927
-80.143894
-79.587122
-79.297396
-79.064400
-78.882471
-78.477222
-77.503204
-76.763149
-75.981423
-75.068549
-69.657977
