-295.392808
-215.143464
-207.343988
-202.322612
-198.614142
-195.607436
-193.140582
-191.012107
-188.815361
-186.997164
-185.259326
-183.722146
-182.283314
-180.875841
-179.626767
-178.505725
-177.443715
-176.442154
-175.525301
-174.496444
-173.515484
-172.674587
-171.799012
-171.012143
-170.225049
-169.485608
-168.718652
-167.965530
-167.288233
-166.559972
-165.815653
-165.155403
-164.526234
-163.853711
-163.275334
-162.647261
-162.099999
-161.494325
-160.906641
-160.334669
-159.763271
-159.184240
-158.569706
-157.988158
-157.382251
-156.820256
-156.213603
-155.645388
-155.061901
-154.505886
-153.944052
-153.310835
-152.634464
-152.070335
-151.412661
-150.793068
-150.203608
-149.617640
-149.061672
-148.465696
-147.870010
-147.196472
-146.590629
-145.999139
-145.407029
-144.749700
-144.076486
-143.342493
-142.635252
-141.941309
-141.265252
-140.593475
-139.942529
-139.148210
-138.403498
-137.702024
-136.950719
-136.091023
-135.236932
-134.400923
-133.561878
-132.640860
-131.742041
-130.893704
-130.061720
-129.072811
-128.120242
-127.057681
-125.985799
-124.725050
-123.527920
-122.220634
-120.872951
-119.320297
-117.563924
-115.714062
-113.385440
-110.188238
-106.581529
-101.320890
-80.570621
