-133.006773
-130.233104
-126.966648
-125.326889
-124.282871
-123.289044
-122.632657
-120.899087
-120.388348
-119.713269
-118.743645
-118.328929
-117.734369
-117.293851
-117.023577
-116.624512
-116.257826
-115.818432
-115.512666
-115.330792
-114.967568
-114.728563
-114.538662
-114.048327
-113.803144
-113.491815
-113.384465
-113.260519
-113.086230
-112.907814
-112.721457
-112.660149
-112.518908
-112.352314
-112.173861
-112.105891
-111.976244
-111.854351
-111.727206
-111.655135
-111.479004
-111.343707
-111.140391
-111.016965
-110.859758
-110.615500
-110.500198
-110.318455
-110.178182
-110.075427
-109.945267
-109.899983
-109.823723
-109.637614
-109.495420
-109.243215
-109.084857
-108.913117
-108.692137
-108.559794
-108.416106
-108.290476
-108.084881
-107.931263
-107.731355
-107.486076
-107.418787
-107.078819
-106.937235
-106.774179
-106.537453
-106.417889
-106.332482
-106.128740
-105.905999
-105.541815
-105.356713
-105.302802
-105.105880
-104.846389
-104.519401
-104.178280
-103.983259
-103.395778
-103.211160
-103.114287
-102.844893
-102.527489
-102.184059
-102.071242
-101.861363
-101.367597
-100.856478
-100.641907
-100.386722
-100.011514
-99.529900
-98.433626
-97.673872
-96.303498
-93.411199
