-154.009601
-143.403119
-140.712596
-138.719465
-135.137200
-132.342987
-130.040755
-126.635644
-124.669391
-123.871867
-119.454181
-117.762613
-116.957764
-114.786730
-112.192555
-111.098853
-110.171438
-108.701787
-108.130684
-107.339329
-106.263946
-105.137965
-104.019611
-103.532892
-103.137168
-102.895939
-102.506981
-101.932026
-101.217074
-100.810163
-100.501612
-100.110272
-99.571228
-98.964358
-98.590663
-98.095066
-97.557631
-97.019192
-96.682390
-96.451557
-96.336006
-96.088378
-95.759462
-95.461806
-95.186088
-95.000000
-95.000000
-95.000000
-95.000000
-95.000000
-95.000000
-95.000000
-95.000000
-95.000000
-95.000000
-95.000000
-95.000000
-95.000000
-95.000000
-95.000000
-95.000000
-95.000000
-95.000000
-95.000000
-95.000000
-95.000000
-95.000000
-95.000000
-95.000000
-95.000000
-95.000000
-95.000000
-95.000000
-95.000000
-95.000000
-95.000000
-95.000000
-95.000000
-95.000000
-95.000000
-95.000000
-95.000000
-95.000000
-95.000000
-95.000000
-95.000000
-95.000000
-95.000000
-95.000000
-95.000000
-95.000000
-95.000000
-95.000000
-95.000000
-95.000000
-95.000000
-95.000000
-95.000000
-95.000000
-95.000000
-95.000000
