-267.947214
-215.377354
-207.172507
-202.146419
-198.335236
-195.229292
-192.875621
-190.666151
-188.540638
-186.582434
-184.968441
-183.413381
-182.114126
-180.830600
-179.616615
-178.419864
-177.307209
-176.322355
-175.241674
-174.226071
-173.341269
-172.462883
-171.558977
-170.804904
-169.992994
-169.303666
-168.527832
-167.810854
-167.206166
-166.546085
-165.876590
-165.229300
-164.584795
-163.919833
-163.363573
-162.741975
-162.100827
-161.463634
-160.883439
-160.282374
-159.702754
-159.164304
-158.595715
-158.063477
-157.553624
-156.997807
-156.372778
-155.823934
-155.270436
-154.662968
-154.022888
-153.437814
-152.861734
-152.232123
-151.670478
-151.063137
-150.473291
-149.870030
-149.269685
-148.685885
-148.077639
-147.434952
-146.821829
-146.183927
-145.481549
-144.764621
-144.097037
-143.411522
-142.730014
-142.071318
-141.342795
-140.649082
-139.961151
-139.215980
-138.474494
-137.744440
-136.858928
-135.997107
-135.235487
-134.411874
-133.580602
-132.774135
-132.016501
-131.059970
-130.223889
-129.344740
-128.230619
-127.156453
-126.026905
-124.854873
-123.666686
-122.271132
-120.820850
-119.434166
-117.579716
-115.582585
-113.144328
-110.194425
-106.544268
-100.490065
-77.165841
