-147.009601
-136.403119
-133.712596
-131.719465
-128.137200
-125.342987
-123.040755
-119.635644
-117.669391
-116.871867
-112.454181
-110.762613
-109.957764
-107.786730
-105.192555
-104.098853
-103.171438
-101.701787
-101.130684
-100.339329
-99.263946
-98.137965
-97.019611
-96.532892
-96.137168
-95.895939
-95.506981
-94.932026
-94.217074
-93.810163
-93.501612
-93.110272
-92.571228
-91.964358
-91.590663
-91.095066
-90.557631
-90.019192
-89.682390
-89.451557
-89.336006
-89.088378
-88.759462
-88.461806
-88.186088
-87.791078
-87.588601
-87.228131
-86.969890
-86.831813
-86.076720
-85.959372
-85.759486
-85.590176
-85.151117
-84.923139
-84.474617
-84.036557
-83.835829
-83.521483
-83.266149
-82.918932
-82.654761
-82.384560
-82.066929
-81.864630
-81.625377
-81.360611
-81.141536
-80.707554
-80.478257
-80.269609
-80.011428
-79.838190
-79.700645
-79.386747
-79.310464
-79.118889
-78.769562
-78.465368
-78.152537
-77.785297
-77.524081
-77.183230
-76.598006
-76.174586
-75.859993
-75.477828
-75.142054
-74.625327
-74.123294
-73.566522
-73.276796
-73.043800
-72.861871
-72.456622
-71.482604
-70.742549
-69.960823
-69.047949
-63.637377
