-45.458692
-38.037517
-35.747878
-32.831863
-29.820718
-26.350130
-23.240860
-21.656441
-20.560143
-18.857547
-15.464540
-12.606206
-9.728220
-8.089477
-7.296600
-5.074022
-3.465866
-3.022823
-2.590919
-1.484936
-1.059610
-0.167931
0.282216
1.048485
1.555589
1.801094
2.319457
2.631843
3.704844
4.104480
4.424471
4.795315
4.994604
5.146860
5.509621
5.877502
6.239777
6.431512
6.595196
6.810944
7.026502
7.304314
7.442881
7.587844
7.832171
8.050847
8.166530
8.374612
8.687080
8.813338
9.000945
9.192698
9.341080
9.644671
9.831783
9.918917
10.058008
10.217096
10.284513
10.541679
10.680401
10.829351
10.972558
11.107767
11.187577
11.466040
11.528227
11.774772
11.890640
11.939811
12.032002
12.073341
12.156455
12.246830
12.359944
12.555422
12.691361
12.824128
12.912058
12.961258
13.038013
13.133129
13.227846
13.305131
13.372865
13.495151
13.681956
13.732203
13.857647
13.981542
14.109686
14.205219
14.252876
14.436305
14.502057
14.610539
14.688268
14.816183
14.864075
14.947587
14.966888
