-24.024559
-13.419626
-11.003791
-8.952109
-5.948301
-3.813732
-2.980523
-2.103422
-0.735872
-0.215149
0.295207
1.022791
1.491039
1.981822
2.488743
2.646967
2.978469
3.204956
3.650064
3.992380
4.289764
4.478890
4.779337
5.069967
5.268399
5.651831
5.850931
5.988857
6.270958
6.465382
6.698590
6.842849
6.971650
7.189974
7.468407
7.717344
7.899097
8.021744
8.630330
8.705423
8.925644
9.312303
9.534850
9.746932
9.888630
10.242689
10.372020
10.658104
10.877121
11.017269
11.110493
11.354429
11.577964
11.831009
11.914024
12.184526
12.350808
12.481457
12.761461
13.007498
13.200291
13.367310
13.516307
13.824593
14.300558
14.358290
14.430087
14.641372
14.954993
15.052771
15.182447
15.278840
15.489312
15.681599
15.829681
15.994916
16.185084
16.408511
16.697883
16.936071
17.226080
17.383291
17.801182
18.077377
18.609871
18.778310
19.030091
19.592544
20.005112
20.469363
21.252776
22.735540
23.198913
23.831695
24.428952
25.321285
26.451737
27.207103
27.966633
30.536009
36.144018
