-139.683459
-132.819807
-128.364665
-124.163457
-122.329442
-121.334213
-119.340908
-117.490912
-115.203741
-113.997313
-111.788660
-109.194136
-107.590107
-106.824598
-103.957383
-101.854594
-100.923806
-99.658113
-98.641918
-97.323896
-96.986601
-96.267131
-95.850413
-95.064798
-94.952951
-93.910067
-92.822397
-92.495850
-91.854754
-91.624870
-91.343134
-90.888706
-90.790689
-90.329003
-89.900479
-89.538216
-89.395074
-89.027205
-88.828951
-88.486241
-88.201467
-87.867315
-87.617716
-87.309669
-87.081901
-86.746172
-86.535754
-86.006807
-85.835726
-85.642741
-85.478285
-85.152725
-84.837841
-84.706690
-84.532857
-84.407617
-84.235763
-84.096518
-83.689667
-83.524739
-83.256367
-83.126948
-82.985091
-82.713583
-82.510433
-82.267436
-82.062037
-81.941448
-81.674741
-81.506415
-81.269122
-81.107944
-80.682856
-80.278330
-79.991169
-79.676440
-79.458142
-78.990410
-78.599781
-78.496351
-78.104712
-77.528463
-77.474153
-77.146603
-76.797372
-76.615713
-76.481693
-76.029768
-75.867901
-75.741332
-75.300294
-74.897475
-74.470043
-74.302846
-73.731864
-73.309796
-73.038725
-71.943545
-71.492305
-69.539547
-63.556109
