-1.362623
4.583489
5.167267
5.748312
6.889390
7.526031
7.887958
8.062093
8.330311
8.594657
9.302107
9.640176
10.149399
10.555156
10.889647
11.314111
11.612797
12.241787
12.545317
12.800554
13.221387
13.468219
13.770868
14.157876
14.316230
14.395856
14.700649
14.873167
15.013444
15.278967
15.580671
15.856873
16.177937
16.365811
16.631330
16.892377
17.099035
17.418847
17.686106
17.935653
18.321878
18.628318
18.963704
19.060616
19.560641
19.926664
20.203031
20.597354
20.787682
20.960421
21.229223
21.847419
21.973747
22.301421
22.625850
22.894036
23.000000
23.000000
23.000000
23.000000
23.000000
23.000000
23.000000
23.000000
23.000000
23.000000
23.000000
23.000000
23.000000
23.000000
23.000000
23.000000
23.000000
23.000000
23.000000
23.000000
23.000000
23.000000
23.000000
23.000000
23.000000
23.000000
23.000000
23.000000
23.000000
23.000000
23.000000
23.000000
23.000000
23.000000
23.000000
23.000000
23.000000
23.000000
23.000000
23.000000
23.000000
23.000000
23.000000
23.000000
23.000000
