-134.009601
-123.403119
-120.712596
-118.719465
-115.137200
-112.342987
-110.040755
-106.635644
-104.669391
-103.871867
-99.454181
-97.762613
-96.957764
-94.786730
-92.192555
-91.098853
-90.171438
-88.701787
-88.130684
-87.339329
-86.263946
-85.137965
-84.019611
-83.532892
-83.137168
-82.895939
-82.506981
-81.932026
-81.217074
-80.810163
-80.501612
-80.110272
-79.571228
-78.964358
-78.590663
-78.095066
-77.557631
-77.019192
-76.682390
-76.451557
-76.336006
-76.088378
-75.759462
-75.461806
-75.186088
-74.791078
-74.588601
-74.228131
-73.969890
-73.831813
-73.076720
-72.959372
-72.759486
-72.590176
-72.151117
-71.923139
-71.474617
-71.036557
-70.835829
-70.521483
-70.266149
-69.918932
-69.654761
-69.384560
-69.066929
-68.864630
-68.625377
-68.360611
-68.141536
-67.707554
-67.478257
-67.269609
-67.011428
-66.838190
-66.700645
-66.386747
-66.310464
-66.118889
-65.769562
-65.465368
-65.152537
-64.785297
-64.524081
-64.183230
-63.598006
-63.174586
-62.859993
-62.477828
-62.142054
-61.625327
-61.123294
-60.566522
-60.276796
-60.043800
-59.861871
-59.456622
-58.482604
-57.742549
-56.960823
-56.047949
-50.637377
