-28.4481
-14.3845
-11.0027
-9.16561
-7.67764
-6.48599
-5.48421
-4.61203
-3.67271
-2.79283
-2.06754
-1.38282
-0.781594
-0.10071
0.355294
0.938436
1.51679
2.02403
2.51467
3.0116
3.43608
3.88105
4.32202
4.71634
5.11701
5.47446
5.81174
6.1519
6.48709
6.80749
7.13157
7.44283
7.76081
8.0651
8.39975
8.66101
8.96868
9.25868
9.51864
9.78538
10.0666
10.3518
10.6166
10.8554
11.1201
11.3771
11.6517
11.9211
12.1727
12.399
12.7014
12.9851
13.2406
13.4948
13.7907
14.0285
14.3207
14.6139
14.8678
15.1656
15.4082
15.6882
15.955
16.1811
16.3919
16.6645
16.901
17.2204
17.5081
17.8018
18.0915
18.4193
18.7373
19.0598
19.3691
19.711
20.0255
20.3846
20.6661
21.0414
21.4039
21.7046
22.1687
22.5388
22.963
23.3935
23.8097
24.2357
24.7433
25.3056
25.8292
26.3725
26.9077
27.5544
28.2422
28.8728
29.6836
30.5596
31.562
33.1263
42.8094
