-48.515
-35.5336
-32.3004
-30.4251
-28.8745
-27.5658
-26.6178
-25.6303
-24.8801
-23.9447
-23.1263
-22.3231
-21.7227
-21.0694
-20.441
-19.8198
-19.1592
-18.5314
-17.8823
-17.3248
-16.8433
-16.3008
-15.7853
-15.193
-14.6994
-14.2083
-13.6752
-13.0993
-12.4615
-12.0136
-11.4718
-10.8556
-10.3518
-9.89326
-9.40736
-8.92317
-8.38679
-7.85372
-7.34113
-6.85621
-6.32332
-5.82292
-5.33545
-4.77525
-4.2966
-3.81002
-3.38628
-2.8979
-2.49496
-1.97774
-1.54385
-0.974425
-0.502382
-0.0332418
0.404989
0.851618
1.23232
1.57779
2.0492
2.48362
2.97242
3.50178
3.93934
4.37596
4.82525
5.33041
5.76988
6.29053
6.77328
7.20674
7.67342
8.13529
8.61819
9.15351
9.71093
10.2797
10.8158
11.4447
12.1253
12.6703
13.4047
14.0894
14.8362
15.6742
16.3801
17.0496
17.6519
18.1266
18.5128
18.7814
18.9555
19.0592
19.1532
19.2155
19.2627
19.2964
19.3289
19.3515
19.369
19.3826
19.3991
