-109.116
-104.536
-103.18
-101.943
-101.042
-100.451
-100.054
-99.7253
-99.3492
-98.9902
-98.6488
-98.3837
-98.1496
-97.9314
-97.6916
-97.4663
-97.2433
-97.0289
-96.8439
-96.6676
-96.4959
-96.3211
-96.1627
-96.0146
-95.812
-95.6374
-95.4562
-95.2655
-95.1114
-94.9069
-94.7467
-94.579
-94.4479
-94.2696
-94.0866
-93.9162
-93.7626
-93.5877
-93.4138
-93.2338
-93.072
-92.8814
-92.7105
-92.5546
-92.3757
-92.1932
-92.0381
-91.8412
-91.683
-91.5075
-91.3176
-91.1055
-90.9169
-90.7483
-90.5992
-90.4218
-90.2048
-89.9963
-89.7907
-89.5964
-89.3861
-89.197
-88.9907
-88.7886
-88.5446
-88.3224
-88.1006
-87.8599
-87.6275
-87.3801
-87.1276
-86.764
-86.4171
-86.0291
-85.6022
-85.047
-83.9613
-82.2946
-79.5879
-75.1453
-73.2298
-71.6452
-70.2575
-69.2149
-68.4359
-67.8577
-67.4494
-67.1046
-66.8352
-66.5987
-66.3504
-66.0661
-65.8335
-65.5251
-65.1822
-64.8644
-64.4933
-64.0699
-63.2192
-60.6068
-46.3431
