-108.03
-103.728
-101.898
-100.719
-99.9669
-99.4018
-98.7763
-98.3466
-97.959
-97.6418
-97.3476
-97.0782
-96.8025
-96.5558
-96.3498
-96.1227
-95.8842
-95.6744
-95.4432
-95.2189
-95.0199
-94.7936
-94.5761
-94.4019
-94.187
-93.9778
-93.775
-93.5914
-93.3897
-93.1658
-92.978
-92.787
-92.5539
-92.3316
-92.1359
-91.94
-91.77
-91.5582
-91.354
-91.1551
-90.9466
-90.7105
-90.5387
-90.3469
-90.1171
-89.8917
-89.6876
-89.5277
-89.3215
-89.1509
-88.9638
-88.7501
-88.5119
-88.2509
-88.0295
-87.8344
-87.6031
-87.3498
-87.114
-86.8552
-86.5908
-86.3346
-86.0245
-85.7212
-85.409
-85.1061
-84.6618
-84.1074
-83.4308
-82.8183
-82.086
-81.2487
-80.1936
-79.109
-77.7635
-76.2801
-74.7309
-73.453
-72.1167
-70.8108
-69.6529
-68.7441
-67.9309
-67.266
-66.8634
-66.5326
-66.1824
-65.8544
-65.5947
-65.2448
-64.9185
-64.5728
-64.1637
-63.6304
-62.9326
-61.7458
-59.9905
-57.6755
-54.4646
-48.9877
-30.0948
