-129.978
-123.232
-121.171
-119.897
-119.005
-118.252
-117.651
-117.021
-116.508
-115.949
-115.364
-114.812
-114.392
-113.955
-113.448
-113.031
-112.57
-112.185
-111.751
-111.359
-111.031
-110.735
-110.447
-110.198
-109.953
-109.709
-109.467
-109.256
-109.027
-108.841
-108.677
-108.503
-108.337
-108.199
-108.048
-107.883
-107.688
-107.538
-107.383
-107.247
-107.103
-106.985
-106.855
-106.717
-106.568
-106.413
-106.269
-106.13
-106.018
-105.867
-105.727
-105.585
-105.447
-105.308
-105.152
-105.032
-104.907
-104.775
-104.646
-104.496
-104.348
-104.235
-104.074
-103.908
-103.76
-103.65
-103.5
-103.351
-103.236
-103.106
-102.947
-102.763
-102.595
-102.442
-102.296
-102.112
-101.916
-101.735
-101.512
-101.293
-101.044
-100.805
-100.581
-100.285
-100.019
-99.6965
-99.3357
-98.9504
-98.5628
-98.1513
-97.7652
-97.2686
-96.8414
-96.2553
-95.7791
-95.1902
-94.5455
-93.8451
-93.1496
-92.4132
-89.4383
