-109.119
-104.538
-103.181
-101.95
-101.046
-100.471
-100.062
-99.7282
-99.3552
-99.0111
-98.6654
-98.3919
-98.1636
-97.9469
-97.6986
-97.4751
-97.2489
-97.0431
-96.8573
-96.6948
-96.5082
-96.3376
-96.1684
-96.0264
-95.8334
-95.6444
-95.4691
-95.2739
-95.1273
-94.9169
-94.7553
-94.5864
-94.4569
-94.2926
-94.0953
-93.9345
-93.7715
-93.5921
-93.4206
-93.2416
-93.0856
-92.8957
-92.7368
-92.5758
-92.3994
-92.22
-92.0566
-91.8706
-91.7028
-91.532
-91.3415
-91.1234
-90.9368
-90.7626
-90.6155
-90.4396
-90.2241
-90.009
-89.8044
-89.6084
-89.3978
-89.2138
-88.9975
-88.8026
-88.5695
-88.3453
-88.1188
-87.8866
-87.6439
-87.3895
-87.1357
-86.7837
-86.4215
-86.0498
-85.615
-85.0786
-84.0371
-82.3721
-79.5881
-75.1732
-73.2299
-71.6457
-70.325
-69.2549
-68.4374
-67.883
-67.4697
-67.1295
-66.8463
-66.6114
-66.3729
-66.0867
-65.8518
-65.559
-65.2036
-64.8899
-64.524
-64.1226
-63.3001
-60.6136
-46.3432
