-108.556
-104.052
-102.4
-101.177
-100.374
-99.8384
-99.345
-98.8557
-98.4583
-98.145
-97.8804
-97.5891
-97.3502
-97.0703
-96.8161
-96.6158
-96.3576
-96.1381
-95.9459
-95.7379
-95.5766
-95.3821
-95.1914
-95.002
-94.7911
-94.6164
-94.4458
-94.2331
-94.048
-93.879
-93.7078
-93.4973
-93.2972
-93.1056
-92.9055
-92.7172
-92.5244
-92.3508
-92.1479
-91.9393
-91.7459
-91.5583
-91.3757
-91.2199
-90.9963
-90.7893
-90.5898
-90.4219
-90.2248
-90.0141
-89.8334
-89.628
-89.4092
-89.224
-89.0221
-88.8279
-88.5968
-88.3613
-88.1529
-87.9487
-87.7142
-87.496
-87.2794
-87.0336
-86.7727
-86.4864
-86.1692
-85.8274
-85.4528
-85.1369
-84.7424
-84.0497
-83.1565
-82.1468
-80.9966
-79.5874
-77.8348
-75.5189
-74.0129
-72.6056
-71.0879
-69.7174
-68.7123
-68.0227
-67.4348
-66.9833
-66.6649
-66.3669
-66.0723
-65.7952
-65.4796
-65.1463
-64.8178
-64.4546
-64.0971
-63.4747
-62.3075
-60.5955
-57.9688
-52.3259
-35.0908
