-132.522
-124.809
-122.398
-120.894
-119.91
-119.19
-118.469
-117.838
-117.253
-116.763
-116.239
-115.541
-115.013
-114.522
-114.042
-113.482
-113.032
-112.538
-112.159
-111.673
-111.363
-110.984
-110.664
-110.379
-110.148
-109.929
-109.676
-109.456
-109.224
-109.026
-108.826
-108.655
-108.469
-108.303
-108.156
-108.019
-107.853
-107.669
-107.514
-107.359
-107.212
-107.088
-106.956
-106.813
-106.673
-106.522
-106.351
-106.229
-106.09
-105.965
-105.802
-105.649
-105.513
-105.367
-105.223
-105.104
-104.964
-104.837
-104.704
-104.556
-104.417
-104.291
-104.136
-103.964
-103.824
-103.693
-103.558
-103.404
-103.276
-103.136
-102.991
-102.8
-102.635
-102.491
-102.339
-102.174
-101.953
-101.77
-101.555
-101.339
-101.081
-100.835
-100.601
-100.319
-100.034
-99.7235
-99.3552
-98.9586
-98.5726
-98.1677
-97.7703
-97.3059
-96.8515
-96.279
-95.7794
-95.1916
-94.5595
-93.8459
-93.1504
-92.4138
-89.4385
