-123.926
-117.154
-115.936
-114.93
-113.974
-113.287
-112.725
-112.19
-111.671
-111.156
-110.619
-110.089
-109.654
-109.3
-108.918
-108.566
-108.267
-107.979
-107.736
-107.468
-107.244
-106.999
-106.828
-106.621
-106.443
-106.272
-106.11
-105.944
-105.752
-105.586
-105.435
-105.298
-105.15
-105.004
-104.876
-104.739
-104.611
-104.483
-104.341
-104.221
-104.072
-103.931
-103.781
-103.661
-103.545
-103.407
-103.282
-103.147
-103.028
-102.913
-102.791
-102.664
-102.543
-102.407
-102.26
-102.121
-101.984
-101.848
-101.727
-101.568
-101.427
-101.285
-101.162
-100.985
-100.805
-100.658
-100.48
-100.287
-100.064
-99.8637
-99.6801
-99.5122
-99.3106
-99.0818
-98.8587
-98.5922
-98.363
-98.1665
-97.9316
-97.7099
-97.4665
-97.2348
-97.0097
-96.7842
-96.5221
-96.2359
-96.0085
-95.7571
-95.5099
-95.278
-95.0158
-94.7715
-94.4869
-94.1801
-93.8963
-93.5343
-93.2006
-92.7588
-92.2697
-91.7328
-89.1009
