-109.119
-104.54
-103.181
-101.953
-101.055
-100.48
-100.066
-99.74
-99.3704
-99.0112
-98.6749
-98.3952
-98.1662
-97.9488
-97.7052
-97.4766
-97.2607
-97.0456
-96.8711
-96.6956
-96.5129
-96.34
-96.1732
-96.0303
-95.8346
-95.6492
-95.4732
-95.2767
-95.1315
-94.9315
-94.7747
-94.5907
-94.4607
-94.2963
-94.1033
-93.9355
-93.7731
-93.6025
-93.427
-93.2502
-93.0908
-92.8989
-92.7395
-92.5796
-92.4091
-92.2291
-92.063
-91.8727
-91.7057
-91.5367
-91.3497
-91.1308
-90.9377
-90.7722
-90.6184
-90.4448
-90.2322
-90.0246
-89.819
-89.6169
-89.4072
-89.2234
-89.0012
-88.8088
-88.5776
-88.3477
-88.1234
-87.8953
-87.6479
-87.3976
-87.1387
-86.7863
-86.4241
-86.0609
-85.6234
-85.0881
-84.0371
-82.3748
-79.5882
-75.1734
-73.23
-71.6458
-70.3251
-69.2853
-68.4787
-67.8916
-67.4778
-67.1342
-66.8539
-66.6198
-66.3792
-66.0929
-65.8676
-65.5838
-65.2207
-64.896
-64.5349
-64.1493
-63.3384
-60.6136
-46.3433
