-109.108
-104.518
-103.178
-101.921
-101.026
-100.444
-100.031
-99.7079
-99.3132
-98.9722
-98.6364
-98.3497
-98.1186
-97.8793
-97.6506
-97.434
-97.2021
-97.0045
-96.8246
-96.6254
-96.4658
-96.2946
-96.1357
-95.9733
-95.7858
-95.5978
-95.4179
-95.2381
-95.0805
-94.8823
-94.7204
-94.5498
-94.4169
-94.2388
-94.051
-93.8854
-93.7296
-93.5655
-93.3805
-93.1969
-93.0375
-92.8457
-92.696
-92.516
-92.3444
-92.1703
-92.0013
-91.8195
-91.6427
-91.4717
-91.2764
-91.0545
-90.8785
-90.7218
-90.5492
-90.3813
-90.167
-89.9552
-89.7341
-89.5382
-89.3364
-89.1309
-88.9537
-88.7405
-88.4999
-88.2899
-88.0684
-87.8215
-87.602
-87.3486
-87.0811
-86.7197
-86.3951
-86.0057
-85.5397
-85.0182
-83.8511
-82.0886
-79.3219
-75.1435
-73.2141
-71.6437
-70.218
-69.1995
-68.3841
-67.8295
-67.4272
-67.0919
-66.8015
-66.5591
-66.3245
-66.0385
-65.8047
-65.5019
-65.1344
-64.8218
-64.4593
-64.0223
-62.984
-60.2827
-46.3425
