-108.817
-104.365
-102.893
-101.745
-100.812
-100.25
-99.8507
-99.3896
-99.0178
-98.6417
-98.3462
-98.1203
-97.8515
-97.5834
-97.3584
-97.1313
-96.9141
-96.7344
-96.5424
-96.3616
-96.1717
-96.0367
-95.8474
-95.6579
-95.4769
-95.26
-95.1096
-94.9107
-94.7453
-94.5762
-94.4251
-94.248
-94.0633
-93.8753
-93.7007
-93.5347
-93.3416
-93.1518
-92.9835
-92.7994
-92.6153
-92.4424
-92.2714
-92.0847
-91.8994
-91.732
-91.5666
-91.3816
-91.2019
-90.9868
-90.7994
-90.6399
-90.4606
-90.2806
-90.0608
-89.8663
-89.6659
-89.4455
-89.2742
-89.0802
-88.8876
-88.6651
-88.4268
-88.2354
-88.0303
-87.8022
-87.5826
-87.3147
-87.0789
-86.7235
-86.4076
-86.0655
-85.6595
-85.2313
-84.6193
-83.504
-82.0653
-80.0382
-77.2348
-74.4929
-72.6569
-70.9728
-69.7629
-68.8168
-68.13
-67.593
-67.1811
-66.8581
-66.6075
-66.3561
-66.061
-65.8028
-65.4997
-65.1674
-64.8265
-64.4932
-64.1018
-63.4411
-61.3739
-57.4315
-45.0379
