-132.058
-124.049
-121.933
-120.697
-119.709
-119.01
-118.358
-117.784
-117.167
-116.633
-116.121
-115.511
-114.968
-114.497
-114.011
-113.451
-112.979
-112.497
-112.099
-111.64
-111.342
-110.965
-110.636
-110.359
-110.125
-109.9
-109.663
-109.442
-109.201
-109.012
-108.816
-108.639
-108.453
-108.294
-108.133
-108.012
-107.84
-107.663
-107.501
-107.348
-107.204
-107.076
-106.945
-106.806
-106.664
-106.511
-106.345
-106.219
-106.084
-105.951
-105.795
-105.644
-105.511
-105.356
-105.219
-105.097
-104.957
-104.831
-104.7
-104.547
-104.412
-104.288
-104.129
-103.961
-103.816
-103.691
-103.553
-103.402
-103.274
-103.134
-102.989
-102.797
-102.631
-102.488
-102.334
-102.166
-101.942
-101.765
-101.554
-101.333
-101.079
-100.829
-100.6
-100.312
-100.033
-99.7208
-99.3525
-98.9581
-98.5722
-98.165
-97.7703
-97.3019
-96.847
-96.2771
-95.7793
-95.1915
-94.5595
-93.8458
-93.1503
-92.4137
-89.4385
