-132.374
-124.574
-122.306
-120.832
-119.868
-119.147
-118.434
-117.809
-117.22
-116.703
-116.201
-115.536
-115.004
-114.51
-114.041
-113.469
-113.006
-112.528
-112.154
-111.66
-111.354
-110.982
-110.657
-110.369
-110.136
-109.921
-109.668
-109.449
-109.219
-109.017
-108.823
-108.652
-108.466
-108.3
-108.154
-108.017
-107.853
-107.668
-107.511
-107.359
-107.211
-107.086
-106.95
-106.813
-106.67
-106.518
-106.35
-106.224
-106.088
-105.96
-105.802
-105.649
-105.513
-105.364
-105.22
-105.1
-104.96
-104.837
-104.704
-104.551
-104.416
-104.291
-104.134
-103.963
-103.822
-103.693
-103.556
-103.404
-103.275
-103.136
-102.99
-102.799
-102.635
-102.491
-102.339
-102.173
-101.952
-101.768
-101.554
-101.335
-101.081
-100.835
-100.601
-100.318
-100.034
-99.7226
-99.3537
-98.9585
-98.5724
-98.1668
-97.7703
-97.3049
-96.8508
-96.2784
-95.7794
-95.1915
-94.5595
-93.8458
-93.1504
-92.4138
-89.4385
