-119.994
-114.008
-112.858
-111.94
-111.118
-110.546
-109.968
-109.363
-108.874
-108.397
-107.995
-107.645
-107.303
-106.924
-106.61
-106.298
-106.033
-105.814
-105.582
-105.369
-105.175
-104.989
-104.809
-104.627
-104.472
-104.267
-104.102
-103.911
-103.731
-103.574
-103.419
-103.273
-103.126
-102.979
-102.825
-102.699
-102.542
-102.419
-102.284
-102.141
-102.013
-101.893
-101.755
-101.619
-101.471
-101.31
-101.174
-101.033
-100.896
-100.73
-100.595
-100.457
-100.35
-100.23
-100.093
-99.9457
-99.8083
-99.6627
-99.5013
-99.3542
-99.1677
-99.0025
-98.8411
-98.6856
-98.5106
-98.3577
-98.1919
-98.0069
-97.8297
-97.6466
-97.5072
-97.3145
-97.0944
-96.8963
-96.686
-96.4455
-96.2411
-95.9476
-95.6665
-95.3554
-95.0844
-94.8181
-94.5344
-94.2288
-93.9071
-93.5691
-93.2399
-92.9644
-92.6392
-92.3261
-92.0458
-91.7719
-91.4087
-91.0536
-90.611
-90.19
-89.8668
-89.4966
-88.938
-88.131
-85.6382
