-126.65
-119.605
-118.109
-116.924
-116.121
-115.493
-114.858
-114.219
-113.552
-113.105
-112.485
-112.07
-111.616
-111.133
-110.679
-110.21
-109.891
-109.58
-109.324
-109.062
-108.767
-108.51
-108.282
-108.091
-107.9
-107.682
-107.507
-107.325
-107.15
-107.006
-106.856
-106.704
-106.558
-106.405
-106.249
-106.107
-105.961
-105.829
-105.667
-105.537
-105.386
-105.249
-105.128
-105
-104.874
-104.716
-104.581
-104.457
-104.316
-104.171
-104.041
-103.933
-103.811
-103.649
-103.532
-103.383
-103.268
-103.149
-103.028
-102.907
-102.785
-102.621
-102.472
-102.331
-102.183
-102.038
-101.892
-101.747
-101.604
-101.463
-101.311
-101.135
-100.926
-100.758
-100.595
-100.415
-100.255
-100.074
-99.8763
-99.6891
-99.5326
-99.33
-99.1169
-98.9222
-98.6961
-98.4757
-98.2383
-97.9565
-97.7428
-97.4335
-97.0656
-96.7045
-96.2965
-95.9258
-95.4356
-94.9581
-94.3263
-93.7171
-92.9942
-92.3205
-89.434
