-132.478
-124.707
-122.375
-120.876
-119.894
-119.19
-118.466
-117.83
-117.241
-116.758
-116.239
-115.541
-115.012
-114.515
-114.042
-113.48
-113.025
-112.538
-112.157
-111.672
-111.36
-110.983
-110.661
-110.37
-110.148
-109.923
-109.675
-109.456
-109.224
-109.022
-108.824
-108.655
-108.468
-108.302
-108.155
-108.018
-107.853
-107.669
-107.514
-107.359
-107.212
-107.087
-106.954
-106.813
-106.672
-106.522
-106.35
-106.229
-106.09
-105.964
-105.802
-105.649
-105.513
-105.366
-105.222
-105.104
-104.964
-104.837
-104.704
-104.555
-104.417
-104.291
-104.136
-103.963
-103.824
-103.693
-103.557
-103.404
-103.276
-103.136
-102.99
-102.8
-102.635
-102.491
-102.339
-102.174
-101.953
-101.769
-101.555
-101.339
-101.081
-100.835
-100.601
-100.319
-100.034
-99.7232
-99.354
-98.9585
-98.5725
-98.1674
-97.7703
-97.3056
-96.8515
-96.2789
-95.7794
-95.1915
-94.5595
-93.8458
-93.1504
-92.4138
-89.4385
