-128.052
-121.403
-119.754
-118.323
-117.526
-116.843
-116.237
-115.61
-115.033
-114.443
-113.972
-113.449
-112.916
-112.496
-112.019
-111.565
-111.111
-110.676
-110.339
-110.027
-109.757
-109.485
-109.247
-108.983
-108.75
-108.564
-108.39
-108.208
-108.054
-107.873
-107.699
-107.529
-107.366
-107.205
-107.06
-106.937
-106.774
-106.628
-106.505
-106.348
-106.217
-106.092
-105.96
-105.837
-105.725
-105.594
-105.447
-105.32
-105.189
-105.064
-104.956
-104.823
-104.718
-104.606
-104.473
-104.339
-104.229
-104.109
-103.988
-103.853
-103.709
-103.598
-103.471
-103.354
-103.228
-103.103
-102.99
-102.835
-102.704
-102.563
-102.433
-102.284
-102.138
-101.959
-101.807
-101.65
-101.485
-101.297
-101.094
-100.887
-100.708
-100.478
-100.244
-99.9809
-99.7239
-99.4486
-99.1026
-98.7664
-98.4232
-98.0111
-97.6493
-97.1607
-96.7266
-96.1936
-95.6589
-95.1179
-94.4847
-93.8105
-93.1071
-92.3903
-89.4371
