-107.815
-103.081
-101.157
-100.071
-99.3492
-98.583
-98.0514
-97.64
-97.2719
-96.9271
-96.6156
-96.3133
-96.0333
-95.8224
-95.5327
-95.2867
-95.0267
-94.7947
-94.5611
-94.3252
-94.1147
-93.9249
-93.7288
-93.488
-93.2294
-93.0074
-92.7653
-92.5432
-92.3122
-92.0941
-91.8799
-91.6826
-91.4766
-91.2406
-91.0118
-90.8228
-90.6137
-90.3806
-90.1681
-89.9314
-89.6936
-89.4595
-89.2751
-89.0892
-88.9079
-88.6815
-88.4442
-88.2064
-87.9783
-87.7656
-87.5296
-87.3024
-87.0674
-86.8137
-86.5633
-86.2629
-85.9995
-85.7355
-85.4556
-85.1119
-84.7383
-84.3349
-83.8439
-83.281
-82.7869
-82.2793
-81.598
-80.8206
-80.0844
-79.3037
-78.3865
-77.43
-76.3323
-75.1645
-74.1135
-73.0287
-71.8767
-70.9214
-69.7454
-68.7695
-67.9935
-67.2648
-66.7514
-66.42
-66.0195
-65.7226
-65.3939
-65.0327
-64.7373
-64.409
-64.0427
-63.5665
-62.8236
-61.717
-60.2072
-58.7643
-56.6387
-53.6768
-50.1949
-44.4685
-25.0961
