-131.19
-123.694
-121.402
-120.278
-119.418
-118.674
-118.013
-117.501
-116.981
-116.495
-115.889
-115.274
-114.822
-114.416
-113.899
-113.372
-112.921
-112.424
-112.021
-111.575
-111.241
-110.901
-110.581
-110.318
-110.086
-109.844
-109.627
-109.395
-109.173
-108.98
-108.794
-108.617
-108.42
-108.261
-108.111
-107.976
-107.813
-107.622
-107.477
-107.325
-107.171
-107.06
-106.917
-106.787
-106.639
-106.482
-106.328
-106.197
-106.073
-105.934
-105.78
-105.629
-105.487
-105.348
-105.2
-105.087
-104.95
-104.811
-104.686
-104.532
-104.399
-104.281
-104.114
-103.946
-103.806
-103.681
-103.537
-103.39
-103.271
-103.129
-102.976
-102.787
-102.628
-102.482
-102.328
-102.146
-101.941
-101.756
-101.549
-101.32
-101.074
-100.824
-100.598
-100.303
-100.031
-99.7155
-99.3485
-98.9568
-98.5686
-98.1585
-97.7703
-97.2958
-96.8419
-96.273
-95.7793
-95.1913
-94.5594
-93.8456
-93.1501
-92.4136
-89.4384
