-108.753
-104.266
-102.735
-101.595
-100.621
-100.07
-99.6397
-99.2183
-98.833
-98.4403
-98.158
-97.8598
-97.6404
-97.3872
-97.1497
-96.9258
-96.7255
-96.5088
-96.3139
-96.1171
-95.9422
-95.7629
-95.5963
-95.3965
-95.2021
-95.0161
-94.8156
-94.6439
-94.479
-94.3034
-94.1141
-93.94
-93.7698
-93.5922
-93.3964
-93.2113
-93.0484
-92.8525
-92.6901
-92.4814
-92.2922
-92.0947
-91.9166
-91.733
-91.5618
-91.3559
-91.2041
-90.9946
-90.7826
-90.6132
-90.4333
-90.2585
-90.0491
-89.854
-89.6489
-89.4351
-89.2513
-89.0365
-88.85
-88.6133
-88.4121
-88.2172
-87.9884
-87.7791
-87.5846
-87.3081
-87.0793
-86.8323
-86.4937
-86.1725
-85.8138
-85.4272
-85.0186
-84.2489
-83.2761
-81.9619
-80.319
-78.2924
-75.4865
-73.6389
-72.0724
-70.5609
-69.427
-68.4603
-67.7992
-67.3242
-66.9388
-66.6483
-66.4032
-66.1083
-65.8475
-65.5521
-65.1976
-64.8537
-64.4902
-64.1739
-63.6248
-62.5304
-60.2884
-55.3246
-40.078
