-109.005
-104.422
-102.993
-101.828
-100.929
-100.355
-99.9444
-99.5702
-99.1424
-98.8219
-98.5003
-98.2453
-97.9902
-97.7305
-97.4998
-97.2919
-97.0487
-96.8801
-96.6996
-96.5114
-96.3231
-96.1601
-96.0193
-95.8251
-95.633
-95.4531
-95.2621
-95.1021
-94.9025
-94.7489
-94.5577
-94.4145
-94.231
-94.0407
-93.8495
-93.7021
-93.5297
-93.3625
-93.1903
-93.0325
-92.8496
-92.685
-92.5041
-92.3236
-92.1389
-91.9647
-91.7927
-91.6164
-91.4452
-91.2437
-91.0339
-90.8477
-90.6847
-90.5217
-90.35
-90.1364
-89.9316
-89.7149
-89.5051
-89.3083
-89.109
-88.9406
-88.7256
-88.4764
-88.2777
-88.0536
-87.8237
-87.6171
-87.3609
-87.0822
-86.7432
-86.3972
-86.0729
-85.6423
-85.1949
-84.4208
-83.0061
-81.2801
-78.2613
-74.7346
-72.9404
-71.4239
-70.0728
-69.0786
-68.2807
-67.7291
-67.2962
-66.9592
-66.7044
-66.4687
-66.197
-65.9165
-65.6571
-65.3218
-64.9923
-64.6643
-64.2952
-63.695
-62.4201
-58.5013
-46.3347
