-128.907
-122.55
-120.551
-119.397
-118.501
-117.728
-117.082
-116.516
-115.931
-115.31
-114.805
-114.29
-113.813
-113.274
-112.76
-112.295
-111.833
-111.427
-111.013
-110.685
-110.39
-110.142
-109.938
-109.71
-109.515
-109.3
-109.058
-108.876
-108.706
-108.543
-108.364
-108.195
-108.05
-107.899
-107.727
-107.568
-107.394
-107.26
-107.123
-106.994
-106.859
-106.738
-106.624
-106.486
-106.328
-106.214
-106.076
-105.948
-105.813
-105.674
-105.533
-105.403
-105.263
-105.129
-105.008
-104.872
-104.758
-104.629
-104.49
-104.354
-104.223
-104.086
-103.937
-103.781
-103.657
-103.526
-103.385
-103.261
-103.121
-102.998
-102.83
-102.659
-102.514
-102.364
-102.202
-102.015
-101.829
-101.632
-101.435
-101.213
-100.964
-100.751
-100.497
-100.254
-99.9659
-99.6731
-99.2904
-98.9043
-98.5383
-98.108
-97.7353
-97.2418
-96.7997
-96.2385
-95.7495
-95.182
-94.5395
-93.821
-93.1397
-92.4101
-89.438
