-15.265
-12.3365
-10.8265
-9.36994
-8.15867
-6.8007
-5.60917
-4.45201
-3.61071
-2.88479
-2.34976
-1.79877
-1.30835
-0.984811
-0.67515
-0.446194
-0.195795
0.0573327
0.22253
0.399212
0.581683
0.753584
0.910908
1.08496
1.25541
1.40712
1.53904
1.68861
1.85566
2.00843
2.16452
2.31198
2.45547
2.60817
2.74795
2.89392
3.03749
3.18541
3.32732
3.48756
3.63655
3.79024
3.94699
4.07906
4.20154
4.35562
4.49798
4.63545
4.78498
4.91979
5.06617
5.22942
5.37725
5.53063
5.67244
5.81843
5.96494
6.11047
6.26965
6.43111
6.57787
6.71794
6.88181
7.00492
7.13237
7.28369
7.43001
7.57287
7.7237
7.86215
8.00769
8.17514
8.34634
8.51273
8.68757
8.84127
9.06909
9.24564
9.42412
9.65423
9.85033
10.0932
10.3354
10.5812
10.8689
11.1056
11.3879
11.6898
11.9901
12.3244
12.7288
13.0981
13.5894
14.1169
14.7983
15.4569
16.3608
17.4453
19.2605
21.4432
29.2412
