-22.0369
-17.0616
-16.041
-15.3068
-14.7095
-14.2473
-13.8162
-13.4293
-13.0632
-12.7225
-12.3717
-12.0437
-11.7203
-11.4115
-11.0995
-10.8303
-10.5112
-10.2531
-10.0156
-9.77954
-9.54896
-9.30298
-9.08545
-8.88276
-8.63364
-8.39472
-8.14603
-7.93799
-7.70561
-7.46632
-7.22624
-7.00614
-6.79451
-6.60207
-6.36576
-6.12704
-5.90503
-5.69338
-5.49349
-5.28421
-5.07834
-4.88708
-4.66427
-4.46432
-4.27726
-4.05199
-3.80362
-3.61045
-3.37622
-3.14462
-2.90341
-2.6539
-2.35717
-2.10136
-1.81915
-1.50908
-1.17739
-0.842361
-0.456511
-0.0693464
0.320681
0.715161
1.07218
1.55031
1.96368
2.30211
2.69035
3.10457
3.5683
4.0162
4.39077
4.80478
5.22798
5.62109
6.00242
6.32242
6.60293
6.84679
7.02185
7.17223
7.2833
7.39583
7.48906
7.57914
7.65966
7.73054
7.7989
7.86066
7.91549
7.96581
8.01964
8.06554
8.10704
8.15785
8.19875
8.24813
8.29945
8.33554
8.36526
8.38504
8.40821
