-22.0369
-17.0617
-16.0413
-15.3086
-14.7114
-14.2474
-13.8175
-13.4294
-13.0632
-12.7226
-12.3727
-12.0437
-11.7204
-11.4116
-11.0995
-10.8307
-10.5112
-10.2534
-10.0161
-9.77961
-9.55134
-9.30304
-9.08549
-8.88282
-8.63372
-8.39653
-8.14626
-7.93818
-7.70573
-7.4664
-7.22692
-7.0062
-6.79455
-6.60208
-6.36764
-6.12706
-5.90505
-5.69347
-5.49381
-5.28429
-5.08219
-4.88745
-4.66484
-4.46436
-4.27733
-4.05203
-3.80423
-3.61128
-3.37732
-3.14474
-2.90411
-2.65487
-2.35763
-2.10149
-1.81943
-1.50913
-1.17752
-0.842753
-0.45687
-0.0752053
0.320656
0.715129
1.07213
1.55023
1.96365
2.30206
2.69031
3.10436
3.56822
4.01616
4.39068
4.80477
5.22757
5.62088
6.0024
6.32189
6.59923
6.84607
7.02174
7.17162
7.28236
7.39569
7.48857
7.57903
7.65922
7.73036
7.79859
7.8602
7.91509
7.96486
8.01801
8.06504
8.10692
8.1571
8.19794
8.24713
8.2994
8.33546
8.36434
8.38394
8.40814
