-3.40595
-1.02827
-0.51277
-0.1208
0.152804
0.37714
0.568196
0.773849
0.951655
1.1172
1.29053
1.44858
1.60613
1.75877
1.91956
2.05941
2.21271
2.34947
2.49183
2.65045
2.80269
2.95603
3.10812
3.22733
3.35911
3.49619
3.66364
3.81376
3.96339
4.11692
4.25462
4.38572
4.52064
4.66297
4.79491
4.9543
5.11908
5.27945
5.43808
5.59082
5.73272
5.87353
6.00864
6.16847
6.3276
6.50683
6.65444
6.84066
6.98143
7.15265
7.30243
7.46842
7.5977
7.75049
7.90986
8.06278
8.22647
8.39395
8.55597
8.69922
8.85966
9.02518
9.19488
9.40789
9.58528
9.755
9.94349
10.1424
10.3601
10.5292
10.699
10.8743
11.0985
11.321
11.5141
11.737
11.9578
12.1999
12.4732
12.7419
13.0269
13.2766
13.5747
13.8368
14.17
14.4614
14.853
15.199
15.5621
15.9779
16.3394
16.7302
17.0889
17.5896
18.1706
18.8255
19.7241
20.7201
22.3991
24.1741
29.3828
