-22.0369
-17.062
-16.0424
-15.3138
-14.7144
-14.2477
-13.818
-13.4296
-13.0644
-12.726
-12.3737
-12.046
-11.723
-11.4159
-11.0996
-10.832
-10.5188
-10.2546
-10.0178
-9.77983
-9.55512
-9.30325
-9.08645
-8.88302
-8.63395
-8.40257
-8.14774
-7.94421
-7.70614
-7.46664
-7.2314
-7.00985
-6.79645
-6.6056
-6.36987
-6.1272
-5.90573
-5.69374
-5.49483
-5.28461
-5.08279
-4.88896
-4.6654
-4.46806
-4.27756
-4.05215
-3.80659
-3.6124
-3.38203
-3.14857
-2.90457
-2.66231
-2.35936
-2.1042
-1.82223
-1.50928
-1.17791
-0.850758
-0.466349
-0.0835025
0.320575
0.706372
1.07198
1.54999
1.96226
2.30188
2.69016
3.10291
3.56413
4.01602
4.39039
4.80474
5.22627
5.6202
5.99488
6.31697
6.5992
6.84281
7.02139
7.16967
7.28108
7.39349
7.48574
7.57836
7.65552
7.72779
7.79342
7.85826
7.91335
7.96263
8.01621
8.06429
8.10653
8.15599
8.19531
8.24504
8.29662
8.33214
8.36204
8.38191
8.40793
