-22.0369
-17.0615
-16.0409
-15.3067
-14.709
-14.2473
-13.8158
-13.4293
-13.0632
-12.7225
-12.3713
-12.0436
-11.7203
-11.4115
-11.0995
-10.8302
-10.5111
-10.2531
-10.0154
-9.77952
-9.54799
-9.30296
-9.08544
-8.88274
-8.63362
-8.3945
-8.14596
-7.93798
-7.70557
-7.4663
-7.22603
-7.00611
-6.7945
-6.60206
-6.36468
-6.12704
-5.90502
-5.69335
-5.49339
-5.28366
-5.07786
-4.88696
-4.66419
-4.46431
-4.27724
-4.05198
-3.80231
-3.60948
-3.37588
-3.14449
-2.90319
-2.65389
-2.35703
-2.10132
-1.81906
-1.50907
-1.17735
-0.842237
-0.45646
-0.067492
0.32069
0.715171
1.07251
1.55033
1.96369
2.30213
2.69036
3.10463
3.56833
4.01622
4.3908
4.80478
5.22811
5.62116
6.00242
6.32259
6.60295
6.84702
7.02188
7.17243
7.28331
7.39588
7.48919
7.57918
7.6597
7.73056
7.79893
7.86067
7.91559
7.96588
8.01992
8.06597
8.10741
8.15789
8.19963
8.24819
8.29946
8.33556
8.36529
8.38531
8.40823
