-3.26261
-0.795616
-0.307187
0.0490213
0.345296
0.580472
0.797567
0.990621
1.16919
1.36239
1.54612
1.70975
1.879
2.04802
2.18911
2.34777
2.50562
2.65475
2.81988
2.97081
3.14668
3.28272
3.43253
3.60188
3.78438
3.9558
4.08487
4.23205
4.36485
4.50573
4.65492
4.78065
4.94314
5.1409
5.32305
5.4949
5.67002
5.8114
5.95374
6.10639
6.27781
6.44548
6.62286
6.80827
6.97791
7.12802
7.29407
7.46033
7.60574
7.77711
7.94507
8.10198
8.25632
8.41622
8.58234
8.75492
8.91691
9.08319
9.26229
9.45644
9.62969
9.81685
10.031
10.2218
10.4483
10.6178
10.8098
10.9951
11.2162
11.4266
11.6265
11.8714
12.09
12.3245
12.5806
12.8661
13.128
13.4001
13.6665
13.9483
14.2468
14.6079
14.9846
15.3144
15.6776
16.1265
16.4936
16.8558
17.2622
17.7023
18.1655
18.7162
19.4213
20.0322
20.7926
21.5646
22.6502
23.805
24.924
26.751
29.3875
