-10.2664
-7.46465
-6.05972
-4.72134
-3.62896
-2.59548
-1.80658
-1.1746
-0.746124
-0.421874
-0.188669
0.0776312
0.300492
0.515769
0.696135
0.883057
1.03718
1.19432
1.35247
1.48476
1.64892
1.80186
1.94254
2.08643
2.24709
2.39751
2.55074
2.69318
2.8366
2.98876
3.14264
3.28031
3.39949
3.57187
3.74074
3.8672
4.00582
4.1519
4.27239
4.41141
4.56852
4.71985
4.87915
5.0378
5.19196
5.34426
5.48809
5.63965
5.80021
5.93617
6.09528
6.28961
6.45633
6.60964
6.78807
6.9501
7.09408
7.24813
7.39038
7.54259
7.697
7.83679
7.99197
8.11954
8.31625
8.46829
8.64531
8.83246
9.01952
9.21226
9.3672
9.53872
9.71801
9.89791
10.0658
10.2477
10.4543
10.6187
10.8213
11.042
11.2614
11.4462
11.6441
11.8987
12.1679
12.4321
12.7132
12.9796
13.3154
13.6656
14.0684
14.4881
15.0136
15.5529
16.113
16.816
17.6618
18.8712
20.4034
22.6786
29.3407
