-3.2626
-0.795616
-0.307184
0.0490214
0.345298
0.580473
0.797569
0.990622
1.16919
1.36239
1.54613
1.70985
1.879
2.04802
2.18911
2.34777
2.50564
2.65477
2.81988
2.97082
3.14668
3.28272
3.43253
3.60188
3.78438
3.95594
4.0849
4.23205
4.36488
4.50573
4.65494
4.78069
4.94314
5.1409
5.32305
5.4949
5.67002
5.8114
5.95375
6.10639
6.27782
6.44548
6.62286
6.80827
6.97791
7.12802
7.29407
7.46034
7.60574
7.77712
7.9452
8.10213
8.25632
8.41622
8.58234
8.75492
8.91691
9.08332
9.26241
9.45644
9.62993
9.81685
10.031
10.2218
10.4483
10.6178
10.8099
10.9951
11.2162
11.4266
11.6265
11.8714
12.09
12.3258
12.5806
12.8661
13.128
13.4002
13.6665
13.9486
14.2468
14.6079
14.9846
15.3144
15.6776
16.1278
16.4936
16.8559
17.2626
17.7023
18.1655
18.7162
19.4217
20.0327
20.803
21.5669
22.6502
23.8071
24.9322
26.8051
29.3875
