-22.0396
-17.3223
-16.2877
-15.5875
-14.9551
-14.4619
-14.0826
-13.6618
-13.2924
-12.9619
-12.6485
-12.2959
-11.9682
-11.6883
-11.3902
-11.0611
-10.7946
-10.5095
-10.2538
-10.0339
-9.81989
-9.55911
-9.35096
-9.11689
-8.87401
-8.63013
-8.40321
-8.17447
-7.94138
-7.72295
-7.45983
-7.2483
-7.01917
-6.80182
-6.62088
-6.37961
-6.17349
-5.93208
-5.73827
-5.54124
-5.32859
-5.13532
-4.93501
-4.72482
-4.5265
-4.31673
-4.09411
-3.85205
-3.63934
-3.38998
-3.15057
-2.88367
-2.66018
-2.36528
-2.06254
-1.77358
-1.45322
-1.11854
-0.703224
-0.316275
0.0941497
0.461278
0.860336
1.30443
1.71547
2.10318
2.46462
2.91576
3.29547
3.76518
4.15696
4.5096
4.94012
5.32359
5.62736
5.91485
6.15712
6.36333
6.5648
6.73026
6.89417
7.02125
7.13505
7.24833
7.35355
7.42733
7.52531
7.60174
7.68997
7.75351
7.81374
7.88888
7.94187
8.00438
8.05918
8.11485
8.17285
8.24587
8.30241
8.35042
8.39922
