-22.037
-17.0631
-16.0491
-15.3141
-14.7354
-14.2485
-13.8266
-13.4307
-13.0678
-12.7377
-12.374
-12.0507
-11.7244
-11.4264
-11.1066
-10.8362
-10.5225
-10.262
-10.0261
-9.79149
-9.55802
-9.30388
-9.09472
-8.88527
-8.64292
-8.41302
-8.15243
-7.95114
-7.7118
-7.47269
-7.23706
-7.01705
-6.79671
-6.60678
-6.37476
-6.13535
-5.91121
-5.69459
-5.49805
-5.28789
-5.09263
-4.89412
-4.66804
-4.47539
-4.27827
-4.05744
-3.81412
-3.61663
-3.38865
-3.15421
-2.90879
-2.66682
-2.36355
-2.10737
-1.83182
-1.51489
-1.19177
-0.853923
-0.466998
-0.0881614
0.314582
0.706302
1.06714
1.54464
1.95381
2.29247
2.68085
3.08398
3.5581
4.01558
4.37793
4.80152
5.22078
5.6162
5.99414
6.31084
6.59245
6.8351
7.01408
7.16363
7.27399
7.38497
7.48292
7.5693
7.65132
7.72016
7.77933
7.84925
7.9069
7.95908
8.00819
8.05813
8.09761
8.14455
8.19051
8.2375
8.28539
8.32387
8.35544
8.37859
8.40766
