-3.2672
-0.795675
-0.318191
0.0420653
0.344907
0.574935
0.79693
0.983374
1.16274
1.35855
1.54544
1.70286
1.87038
2.03808
2.18323
2.34374
2.49992
2.65254
2.81921
2.96937
3.14058
3.2822
3.43049
3.59837
3.77641
3.9415
4.0766
4.22495
4.36028
4.50211
4.64814
4.77363
4.93981
5.13968
5.31802
5.48594
5.66258
5.80199
5.94895
6.10282
6.2651
6.43438
6.61293
6.79938
6.96731
7.11752
7.28798
7.45509
7.59848
7.76183
7.91553
8.08088
8.23561
8.40364
8.5698
8.73059
8.90312
9.05659
9.24089
9.42069
9.597
9.79756
9.98094
10.1882
10.4222
10.5875
10.7792
10.9587
11.1903
11.3941
11.5857
11.818
12.028
12.2574
12.5118
12.8
13.0339
13.318
13.5809
13.834
14.0982
14.4494
14.7793
15.1144
15.4407
15.7817
16.2106
16.5507
16.9159
17.2932
17.737
18.178
18.7646
19.3873
20.0437
20.8016
21.6209
22.798
24.008
25.7016
29.3873
