-3.26306
-0.795622
-0.307295
0.0490185
0.345224
0.580455
0.797505
0.990618
1.16842
1.36209
1.54608
1.70738
1.87897
2.04798
2.18909
2.34775
2.50395
2.65439
2.81988
2.97037
3.14516
3.28267
3.43251
3.60187
3.78435
3.95517
4.08437
4.23164
4.36333
4.50572
4.65428
4.78018
4.94313
5.14078
5.32303
5.49425
5.66999
5.81111
5.95367
6.1049
6.27751
6.44548
6.62282
6.80825
6.97776
7.12772
7.29394
7.45868
7.60468
7.77293
7.9411
8.09589
8.25531
8.41223
8.58233
8.74999
8.91635
9.08161
9.26156
9.45165
9.62564
9.81489
10.0242
10.2187
10.4473
10.6176
10.8076
10.9943
11.216
11.4239
11.6248
11.8676
12.0884
12.3182
12.5712
12.8582
13.1185
13.385
13.6649
13.94
14.2452
14.6064
14.9621
15.2975
15.6726
16.113
16.4689
16.831
17.2496
17.6805
18.1309
18.6666
19.3322
19.9844
20.6757
21.4899
22.4472
23.5732
24.6595
26.3388
29.3875
