-138.413
-135.749
-134.982
-134.339
-133.85
-133.378
-132.975
-132.628
-132.256
-131.9
-131.601
-131.234
-130.922
-130.668
-130.333
-130.053
-129.76
-129.534
-129.316
-129.079
-128.83
-128.601
-128.364
-128.1
-127.867
-127.656
-127.45
-127.254
-127.042
-126.858
-126.638
-126.376
-126.133
-125.956
-125.767
-125.57
-125.357
-125.131
-124.934
-124.72
-124.528
-124.335
-124.116
-123.9
-123.691
-123.489
-123.284
-123.079
-122.848
-122.616
-122.342
-122.087
-121.827
-121.544
-121.198
-120.91
-120.631
-120.288
-120.028
-119.64
-119.253
-118.814
-118.375
-117.916
-117.421
-116.953
-116.453
-115.847
-115.267
-114.668
-113.929
-113.278
-112.501
-111.637
-110.445
-109.304
-107.935
-106.212
-104.88
-104.251
-103.763
-103.205
-102.724
-102.298
-101.856
-101.387
-100.805
-100.243
-99.6308
-99.0356
-98.4437
-97.714
-96.8814
-95.9623
-94.729
-93.4778
-91.6712
-89.6473
-87.0235
-82.7627
-71.8555
