-109.12
-104.54
-103.181
-101.953
-101.069
-100.48
-100.066
-99.7401
-99.3721
-99.0123
-98.6751
-98.3964
-98.1662
-97.9488
-97.7075
-97.4785
-97.2618
-97.0464
-96.8711
-96.6973
-96.5129
-96.3403
-96.1732
-96.0316
-95.8364
-95.6492
-95.4741
-95.2781
-95.1317
-94.9374
-94.7747
-94.5919
-94.4611
-94.2963
-94.1079
-93.9355
-93.7781
-93.6043
-93.4346
-93.2502
-93.0916
-92.9011
-92.7399
-92.5814
-92.4097
-92.2304
-92.0631
-91.8768
-91.7071
-91.5395
-91.3565
-91.1308
-90.938
-90.778
-90.621
-90.4453
-90.2419
-90.0294
-89.8206
-89.6198
-89.4131
-89.2235
-89.0013
-88.8088
-88.578
-88.3479
-88.1282
-87.8953
-87.6492
-87.3977
-87.141
-86.7863
-86.4282
-86.0632
-85.6275
-85.0881
-84.0384
-82.3825
-79.5882
-75.1734
-73.23
-71.6459
-70.3251
-69.2853
-68.4817
-67.8959
-67.4778
-67.1365
-66.8587
-66.62
-66.3809
-66.0992
-65.8681
-65.5841
-65.2211
-64.8988
-64.5478
-64.1536
-63.3384
-60.6136
-46.3433
