-109.12
-104.541
-103.182
-101.954
-101.069
-100.48
-100.067
-99.7401
-99.3721
-99.0126
-98.6753
-98.3964
-98.1673
-97.9514
-97.7075
-97.481
-97.2618
-97.0464
-96.8716
-96.6973
-96.5129
-96.3409
-96.1732
-96.0329
-95.839
-95.652
-95.4741
-95.2784
-95.1318
-94.9374
-94.7747
-94.5921
-94.4616
-94.2972
-94.1079
-93.9383
-93.7781
-93.6043
-93.4347
-93.2502
-93.0916
-92.9074
-92.7399
-92.5814
-92.41
-92.2311
-92.0632
-91.8809
-91.7104
-91.5395
-91.3565
-91.132
-90.9381
-90.778
-90.621
-90.4453
-90.2435
-90.0294
-89.8206
-89.6201
-89.4131
-89.2235
-89.0031
-88.8088
-88.5781
-88.3479
-88.1282
-87.8996
-87.6492
-87.3978
-87.141
-86.7903
-86.4354
-86.0632
-85.6293
-85.0881
-84.0628
-82.3825
-79.5882
-75.1734
-73.23
-71.6459
-70.3251
-69.2853
-68.4817
-67.8959
-67.4778
-67.1365
-66.8587
-66.62
-66.3827
-66.0992
-65.8685
-65.5853
-65.2212
-64.8988
-64.5478
-64.1539
-63.3384
-60.6136
-46.3433
