-109.083
-104.479
-103.062
-101.877
-100.986
-100.409
-99.9969
-99.6475
-99.2721
-98.9293
-98.5921
-98.3045
-98.0767
-97.8398
-97.5976
-97.3907
-97.1601
-96.964
-96.7803
-96.5882
-96.4261
-96.2346
-96.0898
-95.9056
-95.7244
-95.5403
-95.3499
-95.1874
-95.0181
-94.83
-94.6553
-94.5055
-94.3313
-94.1539
-93.9993
-93.8146
-93.6455
-93.4841
-93.3119
-93.1419
-92.9588
-92.7832
-92.6161
-92.4491
-92.2823
-92.1021
-91.9206
-91.7501
-91.5772
-91.3912
-91.2068
-90.9846
-90.809
-90.6537
-90.487
-90.2891
-90.072
-89.8723
-89.6595
-89.4531
-89.2615
-89.0499
-88.874
-88.6434
-88.4142
-88.1968
-87.9817
-87.7429
-87.5146
-87.2634
-86.9611
-86.6042
-86.2526
-85.8583
-85.4271
-84.8125
-83.5916
-81.9146
-78.918
-74.976
-73.1803
-71.6037
-70.1943
-69.1099
-68.3619
-67.7788
-67.3741
-67.0456
-66.7674
-66.5258
-66.2715
-66.0012
-65.7555
-65.4103
-65.095
-64.7653
-64.395
-63.9108
-62.7574
-59.412
-46.3406
