-23.0232
-17.958
-16.8649
-16.0905
-15.4376
-14.9417
-14.5296
-14.1398
-13.7556
-13.4029
-13.0806
-12.7811
-12.4453
-12.1059
-11.8353
-11.5021
-11.2234
-10.9626
-10.7017
-10.438
-10.1924
-9.95869
-9.69925
-9.50084
-9.28499
-9.03864
-8.7923
-8.58677
-8.35003
-8.14753
-7.91052
-7.64701
-7.42744
-7.24618
-7.01712
-6.79041
-6.60793
-6.38574
-6.14972
-5.94257
-5.72763
-5.53428
-5.3115
-5.13151
-4.89222
-4.6697
-4.44623
-4.20934
-4.01233
-3.78953
-3.4954
-3.25464
-2.9901
-2.72856
-2.41055
-2.11914
-1.81541
-1.47066
-1.09089
-0.700812
-0.279902
0.113939
0.494412
0.930073
1.36783
1.723
2.05875
2.40023
2.77848
3.15751
3.52115
3.87893
4.14593
4.47221
4.77697
5.12203
5.40674
5.66823
5.93389
6.1895
6.39773
6.59626
6.77037
6.9271
7.05897
7.17254
7.27721
7.36465
7.46221
7.54549
7.63708
7.70936
7.78071
7.8585
7.92238
7.99992
8.08276
8.16101
8.24549
8.31351
8.38873
