-5.27048
-3.04519
-2.08465
-1.27925
-0.788918
-0.477776
-0.153634
0.129614
0.334955
0.546286
0.742281
0.905247
1.06546
1.21047
1.39039
1.56191
1.69689
1.85247
1.99482
2.13929
2.29473
2.42979
2.59753
2.72849
2.8854
3.03605
3.19721
3.32504
3.48557
3.65961
3.81698
3.97055
4.11668
4.24732
4.3689
4.5135
4.63928
4.78529
4.94995
5.12837
5.28164
5.44804
5.59425
5.7367
5.88205
6.02893
6.1579
6.32769
6.51779
6.67962
6.82973
6.98968
7.14827
7.30468
7.4524
7.60247
7.7818
7.92103
8.0787
8.2267
8.40353
8.54734
8.68743
8.85031
9.03171
9.2367
9.41624
9.58252
9.78243
9.97729
10.183
10.3943
10.5707
10.753
10.9701
11.1932
11.4018
11.6065
11.8307
12.0769
12.3125
12.5588
12.8604
13.1158
13.3493
13.6291
13.8933
14.2033
14.5357
14.916
15.2489
15.6628
16.1645
16.6439
17.1311
17.8729
18.7547
19.9398
21.4929
23.5088
29.3726
