-22.0369
-17.0615
-16.0409
-15.3067
-14.7088
-14.2473
-13.8156
-13.4293
-13.0632
-12.7225
-12.3712
-12.0436
-11.7203
-11.4115
-11.0994
-10.8301
-10.5111
-10.2531
-10.0153
-9.77952
-9.54768
-9.30295
-9.08543
-8.88274
-8.63361
-8.39443
-8.14593
-7.93761
-7.70555
-7.46629
-7.22596
-7.00611
-6.79449
-6.60206
-6.3646
-6.12704
-5.90502
-5.69335
-5.49336
-5.28323
-5.07753
-4.88693
-4.66416
-4.46431
-4.27723
-4.05197
-3.80158
-3.60928
-3.37577
-3.14434
-2.90312
-2.65389
-2.35699
-2.10131
-1.81899
-1.50906
-1.17734
-0.842198
-0.456443
-0.0669054
0.320692
0.715174
1.07292
1.55034
1.96369
2.30214
2.69037
3.10465
3.56833
4.01622
4.39081
4.80478
5.22815
5.62118
6.00243
6.32264
6.60296
6.84709
7.0219
7.17249
7.28331
7.3959
7.4892
7.57919
7.66
7.73057
7.79894
7.86068
7.91563
7.96588
8.02009
8.0661
8.10759
8.1579
8.19963
8.24821
8.29947
8.33557
8.3653
8.38533
8.40823
