-3.30844
-0.846569
-0.392622
0.0178892
0.307775
0.526626
0.746168
0.952439
1.12951
1.31631
1.49801
1.67
1.82768
1.98618
2.13387
2.29783
2.44714
2.62073
2.77012
2.92984
3.07586
3.23391
3.38057
3.52736
3.70922
3.86115
4.013
4.1689
4.30614
4.43674
4.58604
4.72545
4.85345
5.02637
5.20062
5.36384
5.50908
5.66109
5.79746
5.93775
6.07321
6.23394
6.39025
6.58047
6.74535
6.89625
7.04645
7.20717
7.34831
7.50576
7.63423
7.79067
7.96041
8.10468
8.25663
8.42345
8.5835
8.73957
8.89581
9.04097
9.20489
9.40007
9.56866
9.74815
9.94076
10.1262
10.3376
10.526
10.7027
10.877
11.0804
11.2583
11.4589
11.6812
11.9173
12.1372
12.3839
12.6556
12.9076
13.1963
13.4588
13.7386
14.0298
14.3394
14.6894
15.0362
15.383
15.7507
16.1678
16.5391
16.9735
17.4079
17.9042
18.4567
19.0554
19.7502
20.5365
21.5758
22.9187
24.6807
29.386
