-3.26405
-0.795635
-0.307535
0.0490123
0.345064
0.580415
0.797367
0.985594
1.16401
1.36092
1.54598
1.70719
1.87799
2.04256
2.1885
2.34631
2.50299
2.65414
2.81987
2.96989
3.14266
3.28256
3.43206
3.60183
3.78424
3.95201
4.08227
4.22977
4.36215
4.50571
4.65287
4.77985
4.94274
5.14051
5.31964
5.49268
5.66964
5.80908
5.95233
6.10378
6.27595
6.44547
6.62139
6.8057
6.97211
7.12483
7.29223
7.45829
7.60453
7.77123
7.93668
8.09364
8.25323
8.40951
8.57903
8.74551
8.91164
9.07458
9.25771
9.44816
9.61937
9.80841
10.0086
10.2023
10.4399
10.6137
10.8
10.9852
11.21
11.4202
11.6157
11.8616
12.0683
12.3025
12.5503
12.84
13.0933
13.3686
13.6477
13.921
14.2353
14.5845
14.9296
15.278
15.6244
16.0378
16.4203
16.7966
17.1761
17.606
18.0591
18.5064
19.1876
19.8201
20.4777
21.2456
22.1896
23.1577
24.3148
25.9385
29.3874
