-22.0369
-17.0615
-16.0408
-15.3067
-14.7087
-14.2473
-13.8156
-13.4293
-13.0632
-12.7225
-12.3712
-12.0436
-11.7203
-11.4115
-11.0994
-10.8301
-10.5111
-10.2531
-10.0153
-9.77951
-9.54758
-9.30295
-9.08543
-8.88273
-8.63361
-8.39441
-8.14593
-7.93746
-7.70555
-7.46629
-7.22594
-7.0061
-6.79449
-6.60206
-6.36459
-6.12704
-5.90502
-5.69334
-5.49335
-5.28309
-5.07742
-4.88691
-4.66415
-4.46431
-4.27723
-4.05197
-3.80135
-3.60928
-3.37573
-3.1443
-2.90309
-2.65389
-2.35697
-2.1013
-1.81888
-1.50906
-1.17734
-0.842186
-0.456438
-0.0667199
0.320693
0.715175
1.07305
1.55034
1.96369
2.30214
2.69037
3.10466
3.56834
4.01622
4.39082
4.80478
5.22816
5.62119
6.00243
6.32266
6.60296
6.84711
7.0219
7.17251
7.28331
7.3959
7.48921
7.57919
7.66014
7.73057
7.79895
7.86068
7.91564
7.96602
8.02011
8.06618
8.10759
8.15791
8.19963
8.24822
8.29947
8.33557
8.3653
8.38533
8.40824
