-3.26264
-0.795617
-0.307195
0.0490211
0.345291
0.580471
0.797563
0.990621
1.16919
1.36236
1.54612
1.70953
1.87899
2.04802
2.18911
2.34777
2.50522
2.65471
2.81988
2.97078
3.14668
3.28271
3.43253
3.60188
3.78438
3.95552
4.08481
4.23205
4.36443
4.50573
4.65487
4.78055
4.94314
5.14089
5.32304
5.4949
5.67002
5.8114
5.95374
6.10639
6.27779
6.44548
6.62286
6.80827
6.9779
7.12802
7.29406
7.46033
7.60574
7.77711
7.94479
8.10164
8.25632
8.41621
8.58234
8.75491
8.91691
9.08289
9.26204
9.45643
9.62914
9.81684
10.031
10.2218
10.4483
10.6177
10.8095
10.9951
11.2162
11.4266
11.6264
11.871
12.09
12.3225
12.5806
12.8661
13.1279
13.4001
13.6665
13.9451
14.2468
14.6079
14.9846
15.3144
15.6771
16.1265
16.4936
16.8558
17.2612
17.7023
18.1563
18.7161
19.4192
20.0313
20.7925
21.5523
22.6358
23.7782
24.9225
26.7127
29.3875
