-26.7289
-19.7808
-18.3366
-17.3496
-16.7232
-16.1743
-15.6851
-15.1505
-14.7756
-14.4148
-14.0625
-13.6715
-13.3667
-13.0665
-12.805
-12.4923
-12.1772
-11.9255
-11.6215
-11.3648
-11.1208
-10.8959
-10.6111
-10.385
-10.1602
-9.93903
-9.7159
-9.45853
-9.20894
-9.00049
-8.76819
-8.5355
-8.28387
-8.03532
-7.82655
-7.60881
-7.39119
-7.14439
-6.95007
-6.76452
-6.53361
-6.27439
-6.06599
-5.86947
-5.64772
-5.40398
-5.15177
-4.88541
-4.64382
-4.37325
-4.15617
-3.9149
-3.63117
-3.37553
-3.10631
-2.82635
-2.50435
-2.20403
-1.87766
-1.5211
-1.19309
-0.855907
-0.489205
-0.125088
0.192339
0.504731
0.904666
1.22913
1.56582
1.85911
2.20503
2.58751
2.91926
3.30757
3.67112
3.98081
4.30529
4.69094
5.02799
5.31085
5.59028
5.82753
6.02594
6.25386
6.43344
6.58949
6.71393
6.86535
7.00027
7.11219
7.2296
7.34658
7.45447
7.57798
7.6841
7.76618
7.87462
7.99492
8.1007
8.22626
8.36217
