-3.27715
-0.820157
-0.329487
0.0410837
0.341957
0.563339
0.787386
0.975795
1.14647
1.34797
1.53578
1.69432
1.8572
2.01758
2.17073
2.32923
2.4796
2.64496
2.8117
2.9635
3.13241
3.27905
3.41909
3.5814
3.76135
3.92008
4.05876
4.21466
4.34573
4.48926
4.63124
4.76435
4.92929
5.12166
5.30412
5.47004
5.65413
5.78428
5.92948
6.0811
6.24661
6.4015
6.58716
6.76754
6.95145
7.08953
7.2605
7.42078
7.57275
7.71646
7.86265
8.02542
8.18533
8.34178
8.51831
8.69528
8.85108
9.01525
9.17599
9.37442
9.53782
9.71154
9.89132
10.091
10.2569
10.4772
10.6403
10.8078
10.9953
11.2083
11.4195
11.6039
11.832
12.0427
12.2594
12.5115
12.7656
13.0012
13.2892
13.5455
13.789
14.0661
14.4146
14.7598
15.0835
15.4219
15.7858
16.2071
16.5463
16.9654
17.349
17.8093
18.3361
18.9641
19.6466
20.3252
21.2451
22.3415
23.5212
25.1665
29.387
