-22.0372
-17.0708
-16.061
-15.3164
-14.7438
-14.2622
-13.8488
-13.4526
-13.0804
-12.7585
-12.3833
-12.0586
-11.7414
-11.4497
-11.1201
-10.8485
-10.5485
-10.2753
-10.0342
-9.81574
-9.57597
-9.32804
-9.1151
-8.89811
-8.65713
-8.43102
-8.16453
-7.97564
-7.72827
-7.49556
-7.25712
-7.03729
-6.81345
-6.62629
-6.41132
-6.16353
-5.92068
-5.71195
-5.50821
-5.30766
-5.10603
-4.90407
-4.68054
-4.49434
-4.29168
-4.08329
-3.83123
-3.64088
-3.41955
-3.17754
-2.93534
-2.68584
-2.38847
-2.12311
-1.85939
-1.52988
-1.22642
-0.878033
-0.491716
-0.111324
0.295638
0.689398
1.0484
1.52392
1.94336
2.27665
2.6629
3.07113
3.52361
4.00239
4.36454
4.78082
5.20331
5.60593
5.99195
6.29998
6.58406
6.81109
6.99478
7.13635
7.25207
7.3634
7.45745
7.54406
7.62119
7.68993
7.75885
7.82753
7.87739
7.92939
7.97714
8.03373
8.07722
8.11595
8.16521
8.20584
8.26219
8.31101
8.34833
8.3748
8.4068
