-22.0378
-17.1403
-16.1171
-15.3863
-14.7821
-14.3253
-13.8958
-13.5191
-13.164
-12.8116
-12.4332
-12.1293
-11.7993
-11.5192
-11.178
-10.9026
-10.6158
-10.343
-10.0814
-9.87655
-9.63198
-9.36844
-9.18661
-8.95816
-8.70857
-8.50957
-8.2279
-8.01911
-7.7773
-7.55426
-7.31504
-7.09654
-6.86634
-6.66332
-6.46781
-6.22603
-5.96486
-5.78287
-5.57303
-5.3748
-5.15817
-4.95373
-4.75363
-4.56058
-4.3472
-4.14101
-3.89226
-3.71455
-3.47988
-3.23849
-2.99714
-2.73542
-2.45648
-2.20288
-1.91684
-1.60609
-1.28889
-0.946941
-0.546173
-0.16399
0.238458
0.633958
1.02849
1.4558
1.87465
2.23623
2.57347
3.03209
3.46148
3.94805
4.30653
4.72333
5.16277
5.56844
5.9311
6.22658
6.47092
6.73612
6.90589
7.0534
7.17774
7.27411
7.36999
7.45511
7.53067
7.60025
7.67237
7.74203
7.81075
7.85868
7.91408
7.96716
8.02607
8.07311
8.12068
8.17372
8.2339
8.29032
8.33049
8.36591
8.4044
