-3.26274
-0.795618
-0.307219
0.0490205
0.345275
0.580467
0.797549
0.99062
1.16918
1.3623
1.54611
1.70886
1.87899
2.04801
2.18911
2.34776
2.50395
2.65458
2.81988
2.97068
3.14667
3.2827
3.43252
3.60188
3.78437
3.95518
4.08463
4.23205
4.36336
4.50573
4.65473
4.78023
4.94314
5.14086
5.32304
5.49488
5.67001
5.8114
5.95372
6.10639
6.27772
6.44548
6.62285
6.80826
6.97786
7.12801
7.29403
7.46031
7.60573
7.77711
7.94391
8.10058
8.25631
8.41244
8.58234
8.7549
8.9169
9.08278
9.26172
9.45306
9.62913
9.81502
10.031
10.221
10.4483
10.6177
10.8088
10.9943
11.2162
11.4265
11.6263
11.8686
12.089
12.3221
12.5789
12.862
13.124
13.3872
13.6665
13.9448
14.2467
14.6072
14.9725
15.3069
15.6759
16.126
16.4878
16.8448
17.2582
17.7023
18.1521
18.7154
19.3846
20.0184
20.7396
21.544
22.5953
23.7323
24.8868
26.6321
29.3875
