-242.537274
-210.788127
-204.311236
-199.622896
-196.010734
-192.749513
-189.988356
-187.930104
-186.070176
-184.331172
-182.817590
-181.492809
-180.373163
-179.342044
-178.423999
-177.548258
-176.707268
-175.845179
-175.163760
-174.505830
-173.863481
-173.257567
-172.617075
-171.995114
-171.457978
-170.860453
-170.285356
-169.731193
-169.206264
-168.647480
-168.112083
-167.613517
-167.048421
-166.545931
-165.987066
-165.451302
-164.930819
-164.360495
-163.850109
-163.321393
-162.829679
-162.277618
-161.774469
-161.244945
-160.716953
-160.236264
-159.689903
-159.099012
-158.502526
-157.973567
-157.404237
-156.914104
-156.395858
-155.852756
-155.247968
-154.693375
-154.095885
-153.502421
-152.892120
-152.282856
-151.703563
-151.096823
-150.511935
-149.859146
-149.265403
-148.660123
-148.001236
-147.435244
-146.813381
-146.186419
-145.517526
-144.810396
-144.193521
-143.460780
-142.797686
-142.129682
-141.526806
-140.854653
-140.189848
-139.477589
-138.695360
-138.036051
-137.272436
-136.407452
-135.572900
-134.790832
-133.917415
-132.979449
-131.927848
-130.917482
-129.792522
-128.656199
-127.344763
-125.602180
-123.705171
-121.829225
-119.841947
-117.134058
-113.445102
-107.899954
-87.305846
