-61.461519
-51.619475
-47.494923
-45.272409
-42.820681
-40.989003
-37.010950
-35.008898
-33.453463
-31.036030
-27.416815
-24.194333
-23.379099
-21.933320
-20.513359
-18.547738
-17.855794
-17.065508
-16.258932
-15.458749
-14.885452
-13.342505
-12.357501
-11.635211
-11.115741
-10.240715
-9.883366
-9.445147
-9.187746
-8.935386
-8.583961
-8.059445
-7.471787
-6.719594
-6.247598
-5.696221
-5.329230
-4.821995
-4.635870
-4.397303
-3.985961
-3.520169
-3.288937
-2.944322
-2.592299
-2.509353
-2.244275
-1.908223
-1.588981
-1.459621
-1.233319
-0.982281
-0.726725
-0.508713
-0.129290
-0.005641
0.253144
0.582861
0.980234
1.468108
1.728851
2.069820
2.190427
2.649811
2.829717
2.954903
3.277395
3.829776
4.153527
4.472420
4.753801
4.958241
5.129312
5.426122
5.769911
6.002764
6.233251
6.349601
6.590806
6.983917
7.511524
7.706673
7.904352
8.175759
8.518227
9.052776
9.460648
9.697401
10.215992
10.533813
10.803071
11.200512
11.646818
11.991586
12.546473
13.059861
13.574583
13.945458
14.151078
14.382674
14.941278
