-148.904913
-142.138709
-136.892613
-134.522501
-131.370899
-129.846626
-128.303051
-127.114796
-125.561571
-122.954412
-121.291066
-117.990137
-115.964739
-113.553126
-112.552268
-110.394047
-109.257130
-108.321423
-107.485729
-106.830609
-105.692292
-104.927752
-103.930290
-103.234887
-102.730789
-101.866168
-101.408006
-100.584885
-100.033982
-99.480077
-99.108445
-98.704600
-98.205625
-97.646616
-97.293864
-97.036419
-96.802393
-96.490932
-96.067376
-95.747521
-95.542379
-95.130945
-94.895010
-94.586994
-94.239227
-93.853338
-93.634172
-93.496385
-93.339957
-93.168070
-93.024544
-92.803977
-92.680097
-92.555297
-92.371532
-92.296839
-92.165808
-91.924759
-91.627107
-91.525100
-91.376526
-91.112762
-90.935657
-90.814416
-90.625113
-90.461437
-90.328265
-90.148954
-89.817882
-89.545050
-89.330944
-89.115563
-88.977094
-88.673275
-88.369610
-88.282530
-88.136093
-87.625083
-87.491119
-87.194320
-86.987707
-86.659553
-86.451083
-86.206576
-85.977405
-85.808381
-85.660014
-85.376651
-84.927069
-84.828687
-84.602130
-83.958674
-83.471796
-82.788292
-82.381376
-81.898704
-81.562241
-80.702238
-79.952653
-78.535409
-76.893265
