-167.072746
-155.709274
-151.930451
-150.371480
-147.856743
-146.160591
-145.288173
-140.320023
-138.680314
-134.745234
-133.732426
-131.990306
-131.109380
-129.540365
-128.205223
-127.375040
-126.721936
-125.280036
-123.516553
-122.751855
-122.025161
-120.186146
-119.075142
-117.823511
-117.205554
-116.877833
-116.146980
-114.945107
-114.422417
-113.644607
-113.360388
-112.757917
-112.432801
-112.166273
-111.266630
-110.858349
-110.487674
-110.218102
-109.680577
-109.372108
-109.114313
-108.474141
-108.283533
-107.769172
-107.302782
-106.966345
-106.534413
-106.268540
-106.031881
-105.740412
-105.400213
-105.178430
-104.857421
-104.718945
-104.423206
-104.178512
-103.999357
-103.792669
-103.465743
-103.202037
-102.933235
-102.811143
-102.573281
-102.375082
-102.213972
-102.057106
-101.852602
-101.534322
-101.274421
-101.006725
-100.779454
-100.536166
-99.992203
-99.573415
-99.471155
-99.306683
-98.959914
-98.696246
-98.286737
-98.239819
-98.035056
-97.909943
-97.629393
-97.404604
-97.234758
-96.882999
-96.734387
-96.562123
-96.292950
-95.872785
-95.368627
-95.148081
-94.631367
-94.174157
-93.684792
-92.787875
-91.936124
-91.406771
-89.991347
-88.745253
-85.920498
