-138.425895
-127.223044
-122.807770
-121.621670
-118.408222
-116.769236
-113.054121
-110.926938
-108.351322
-105.609988
-103.182076
-102.140000
-100.896549
-97.993867
-96.749677
-95.763356
-94.830864
-93.498926
-93.068168
-92.362095
-92.033819
-91.297100
-90.910656
-90.276925
-88.836564
-87.973993
-87.753839
-86.554195
-85.535270
-85.036452
-84.597191
-83.649882
-83.361862
-82.975507
-82.329143
-81.962157
-81.789328
-81.432391
-80.983775
-80.682555
-80.549081
-80.136631
-79.855386
-79.572406
-79.459741
-79.185983
-79.051063
-78.497389
-78.101373
-77.735702
-77.506151
-77.266127
-76.421497
-76.150500
-75.953021
-75.665884
-75.390171
-75.099933
-74.780171
-74.590285
-74.391767
-74.073651
-73.976234
-73.811765
-73.406961
-73.188371
-72.806465
-72.584044
-72.344323
-72.201143
-71.934521
-71.846059
-71.634758
-71.248298
-71.001687
-70.824200
-70.448237
-70.064841
-69.553140
-69.285774
-68.961847
-68.613931
-68.406738
-68.035114
-67.611166
-67.269654
-67.091639
-66.845318
-66.587218
-66.046785
-65.778151
-65.113098
-64.649876
-64.164368
-63.541950
-62.950655
-62.283480
-61.779394
-60.890148
-60.043133
-55.920186
