-156.477395
-145.274544
-140.859270
-139.673170
-136.459722
-134.820736
-131.105620
-128.978438
-126.402821
-123.661487
-121.233576
-120.191500
-118.948048
-116.045367
-114.801177
-113.814856
-112.882364
-111.550426
-111.119668
-110.413595
-110.085319
-109.348599
-108.962156
-108.328425
-106.888064
-106.025493
-105.805339
-104.605694
-103.586769
-103.087952
-102.648691
-101.701382
-101.413362
-101.027006
-100.380643
-100.013656
-99.840827
-99.483891
-99.035275
-98.734054
-98.600581
-98.188131
-97.906886
-97.623906
-97.511241
-97.237482
-97.102563
-96.548889
-96.152873
-95.787202
-95.557650
-95.317626
-94.472997
-94.202000
-94.004521
-93.717384
-93.441671
-93.151432
-92.831671
-92.641784
-92.443267
-92.125150
-92.027734
-91.863264
-91.458461
-91.239871
-90.857964
-90.635544
-90.395823
-90.252643
-89.986021
-89.897558
-89.686258
-89.299798
-89.053187
-88.875700
-88.499737
-88.116341
-87.604640
-87.337274
-87.013346
-86.665430
-86.458237
-86.086614
-85.662666
-85.321154
-85.143139
-84.896818
-84.638718
-84.098285
-83.829651
-83.164597
-82.701376
-82.215868
-81.593450
-81.002155
-80.334980
-79.830894
-78.941647
-78.094632
-73.971686
