-290.320576
-236.068289
-226.945974
-221.802301
-217.437952
-214.071387
-211.164437
-208.631236
-206.419668
-204.336461
-202.319986
-200.551512
-198.983629
-197.574273
-196.214071
-194.874398
-193.554461
-192.356465
-191.223943
-190.248601
-189.265598
-188.185515
-187.256356
-186.269295
-185.346854
-184.452590
-183.621399
-182.743723
-181.916650
-181.170641
-180.365759
-179.664617
-178.955137
-178.186846
-177.425054
-176.716506
-175.967265
-175.229721
-174.449125
-173.775439
-173.066278
-172.430171
-171.707348
-171.019846
-170.297614
-169.594297
-168.847955
-168.165296
-167.442953
-166.710144
-166.039756
-165.300676
-164.644941
-164.028650
-163.373196
-162.654783
-161.881379
-161.168242
-160.486731
-159.777030
-159.127670
-158.449803
-157.759979
-157.043981
-156.398849
-155.661616
-154.984521
-154.195586
-153.493493
-152.758226
-151.920079
-151.172611
-150.326726
-149.542535
-148.679300
-147.804595
-146.992239
-146.133685
-145.258138
-144.393614
-143.529578
-142.579093
-141.615108
-140.552121
-139.525542
-138.514904
-137.416457
-136.189997
-134.855029
-133.561481
-132.161013
-130.610706
-129.116524
-127.401014
-125.443373
-123.305700
-120.811136
-117.902790
-114.008172
-108.195178
-82.239149
