-158.623983
-151.331737
-148.798089
-147.058885
-145.312333
-144.129221
-142.987136
-141.391284
-140.333029
-139.621696
-138.975669
-138.536330
-138.072985
-137.236575
-137.026247
-136.472076
-136.117928
-135.676432
-135.338483
-134.975795
-134.687281
-134.432072
-134.039925
-133.537454
-133.273467
-132.726481
-132.544883
-132.142426
-131.729673
-131.500615
-130.967123
-130.735298
-130.268820
-129.916819
-129.766346
-129.469304
-129.311970
-128.840547
-128.555652
-128.414488
-128.191745
-127.807723
-127.692528
-127.601776
-127.157315
-126.892552
-126.762347
-126.525775
-126.304681
-126.197371
-125.995766
-125.637177
-125.492544
-125.010588
-124.845352
-124.635732
-124.489011
-124.321013
-124.179714
-123.922938
-123.654236
-123.244610
-123.096156
-122.793922
-122.695754
-122.447702
-122.340172
-122.001685
-121.658411
-121.474092
-121.173606
-120.801107
-120.522369
-120.196526
-119.918919
-119.518012
-119.429108
-119.241470
-118.993400
-118.676050
-118.227752
-117.594018
-117.404515
-117.271560
-116.256208
-115.863150
-115.249142
-114.638710
-114.152940
-113.682948
-113.222063
-112.805771
-112.368297
-111.513940
-110.680243
-109.044418
-108.214528
-106.206819
-104.540602
-102.324384
-99.335097
