-139.405295
-128.202444
-123.787170
-122.601071
-119.387622
-117.748636
-114.033521
-111.906338
-109.330722
-106.589388
-104.161476
-103.119400
-101.875949
-98.973267
-97.729077
-96.742756
-95.810264
-95.000000
-95.000000
-95.000000
-95.000000
-95.000000
-95.000000
-95.000000
-95.000000
-95.000000
-95.000000
-95.000000
-95.000000
-95.000000
-95.000000
-95.000000
-95.000000
-95.000000
-95.000000
-95.000000
-95.000000
-95.000000
-95.000000
-95.000000
-95.000000
-95.000000
-95.000000
-95.000000
-95.000000
-95.000000
-95.000000
-95.000000
-95.000000
-95.000000
-95.000000
-95.000000
-95.000000
-95.000000
-95.000000
-95.000000
-95.000000
-95.000000
-95.000000
-95.000000
-95.000000
-95.000000
-95.000000
-95.000000
-95.000000
-95.000000
-95.000000
-95.000000
-95.000000
-95.000000
-95.000000
-95.000000
-95.000000
-95.000000
-95.000000
-95.000000
-95.000000
-95.000000
-95.000000
-95.000000
-95.000000
-95.000000
-95.000000
-95.000000
-95.000000
-95.000000
-95.000000
-95.000000
-95.000000
-95.000000
-95.000000
-95.000000
-95.000000
-95.000000
-95.000000
-95.000000
-95.000000
-95.000000
-95.000000
-95.000000
-95.000000
