-294.158457
-235.342743
-226.824070
-221.522488
-217.377118
-213.661948
-210.863306
-208.559371
-206.379804
-204.288357
-202.447191
-200.643798
-199.094644
-197.616175
-196.294649
-195.011621
-193.863367
-192.804483
-191.710862
-190.543335
-189.426381
-188.438986
-187.395320
-186.425995
-185.382952
-184.465497
-183.556202
-182.723853
-181.892615
-181.048089
-180.209852
-179.384046
-178.571218
-177.803966
-177.023224
-176.260027
-175.523466
-174.817376
-174.099772
-173.368442
-172.736577
-171.995190
-171.304185
-170.599467
-169.915929
-169.230126
-168.595520
-167.866071
-167.185317
-166.479969
-165.847751
-165.118945
-164.469681
-163.829693
-163.133638
-162.413026
-161.738862
-161.060982
-160.378486
-159.674945
-158.969935
-158.208878
-157.448896
-156.764676
-156.039137
-155.314449
-154.522447
-153.786621
-153.045793
-152.295003
-151.491503
-150.620666
-149.733398
-148.947485
-148.106961
-147.256012
-146.440428
-145.643779
-144.707029
-143.816514
-142.853140
-141.783985
-140.805991
-139.757934
-138.691032
-137.589574
-136.413238
-135.174625
-133.833070
-132.436128
-131.008731
-129.469375
-127.853557
-126.023083
-123.972305
-121.700107
-118.738627
-115.503838
-110.959245
-104.841403
-70.569719
