-132.405295
-121.202444
-116.787170
-115.601071
-112.387622
-110.748636
-107.033521
-104.906338
-102.330722
-99.589388
-97.161476
-96.119400
-94.875949
-91.973267
-90.729077
-89.742756
-88.810264
-87.478326
-87.047568
-86.341495
-86.013219
-85.276500
-84.890056
-84.256325
-82.815964
-81.953393
-81.733240
-80.533595
-79.514670
-79.015852
-78.576591
-77.629282
-77.341262
-76.954907
-76.308543
-75.941557
-75.768728
-75.411791
-74.963175
-74.661955
-74.528481
-74.116031
-73.834786
-73.551806
-73.439141
-73.165383
-73.030463
-72.476790
-72.080773
-71.715102
-71.485551
-71.245527
-70.400897
-70.129900
-69.932421
-69.645284
-69.369572
-69.079333
-68.759572
-68.569685
-68.371167
-68.053051
-67.955634
-67.791165
-67.386361
-67.167772
-66.785865
-66.563444
-66.323723
-66.180544
-65.913921
-65.825459
-65.614158
-65.227698
-64.981087
-64.803600
-64.427637
-64.044241
-63.532540
-63.265174
-62.941247
-62.593331
-62.386138
-62.014514
-61.590566
-61.249054
-61.071039
-60.824718
-60.566618
-60.026185
-59.757551
-59.092498
-58.629277
-58.143769
-57.521350
-56.930055
-56.262880
-55.758794
-54.869548
-54.022533
-49.899586
