-9.421093
1.115029
3.866913
6.313431
7.213605
8.461628
9.519005
10.925612
11.407452
12.125386
13.256494
14.124115
15.306352
15.929551
16.276990
16.973607
17.560885
17.743130
18.428223
18.991548
19.442139
19.572379
19.838998
20.807129
21.252124
21.787680
22.334593
22.603872
22.941074
23.588081
23.988541
24.524620
24.855166
25.018600
25.370006
25.669508
25.818708
26.045562
26.300067
26.707497
26.849781
27.208361
27.385136
27.633035
27.765127
28.037804
28.289051
28.513168
28.798201
28.881515
29.064115
29.343904
29.658588
29.828896
30.258014
30.630994
30.738515
31.183640
31.626668
31.772993
32.021454
32.335490
32.447382
32.843397
33.063930
33.479070
33.650990
33.980703
34.244597
34.514214
34.768646
35.170935
35.521942
35.669817
36.176031
36.414986
36.781671
37.162227
37.549636
37.758438
38.110102
38.441789
39.030842
39.510185
39.990886
40.553996
41.378408
42.212826
42.639489
43.411879
44.000386
44.679596
45.291620
45.964950
47.083471
47.593227
48.725700
49.417270
50.403209
53.923033
58.098717
