-30.111007
-18.801995
-15.596975
-12.626295
-9.830321
-7.827960
-4.046767
-2.134765
0.551407
2.856547
4.239364
6.054067
6.693141
7.472309
8.754227
9.688477
10.397417
11.359913
11.524258
12.010676
12.351624
12.716212
12.934126
13.123887
13.277686
13.444720
13.564367
13.709438
13.905319
14.013124
14.153433
14.251351
14.289486
14.382587
14.445901
14.496883
14.521713
14.546606
14.586337
14.597251
14.627527
14.654010
14.680319
14.705510
14.728005
14.745795
14.755910
14.767133
14.786327
14.805030
14.817582
14.828648
14.836266
14.843201
14.849994
14.855130
14.867622
14.874299
14.883388
14.888987
14.894795
14.900030
14.905459
14.914211
14.916171
14.919248
14.924881
14.929108
14.932827
14.938581
14.941897
14.945093
14.948247
14.952222
14.955666
14.959679
14.962665
14.965292
14.966635
14.969358
14.970555
14.973296
14.974745
14.975528
14.977193
14.978143
14.979144
14.980579
14.981284
14.981829
14.983377
14.984218
14.984727
14.986077
14.987348
14.988026
14.988367
14.988847
14.989129
14.989381
14.989641
