-15.100414
-10.794002
-9.951858
-9.204065
-8.713360
-7.869839
-7.374187
-6.853783
-6.305295
-5.826479
-5.226422
-4.875422
-4.401869
-4.118450
-3.910377
-3.656183
-3.374726
-2.939672
-2.564499
-2.218192
-1.996669
-1.708334
-1.361867
-0.934815
-0.496137
-0.152834
-0.005222
0.317380
0.622441
0.854330
0.933875
1.191529
1.330684
1.569247
1.806858
2.254261
2.476748
2.807230
2.981577
3.064952
3.396063
3.628237
3.774288
4.112964
4.437669
4.730262
4.992665
5.141652
5.513333
6.302055
6.493400
6.737004
7.160808
7.507940
8.040694
8.218375
8.461442
8.553503
8.962614
9.250096
9.580647
9.712846
9.963175
10.494909
10.787323
11.022707
11.435312
11.955541
12.358501
12.802961
13.696341
14.067002
14.554673
15.870467
16.761622
17.571108
17.882138
19.429528
19.969134
20.329351
21.178269
21.392104
22.180615
22.688436
23.000000
23.000000
23.000000
23.000000
23.000000
23.000000
23.000000
23.000000
23.000000
23.000000
23.000000
23.000000
23.000000
23.000000
23.000000
23.000000
23.000000
