-119.405295
-108.202444
-103.787170
-102.601071
-99.387622
-97.748636
-94.033521
-91.906338
-89.330722
-86.589388
-84.161476
-83.119400
-81.875949
-78.973267
-77.729077
-76.742756
-75.810264
-74.478326
-74.047568
-73.341495
-73.013219
-72.276500
-71.890056
-71.256325
-69.815964
-68.953393
-68.733240
-67.533595
-66.514670
-66.015852
-65.576591
-64.629282
-64.341262
-63.954907
-63.308543
-62.941557
-62.768728
-62.411791
-61.963175
-61.661955
-61.528481
-61.116031
-60.834786
-60.551806
-60.439141
-60.165383
-60.030463
-59.476790
-59.080773
-58.715102
-58.485551
-58.245527
-57.400897
-57.129900
-56.932421
-56.645284
-56.369572
-56.079333
-55.759572
-55.569685
-55.371167
-55.053051
-54.955634
-54.791165
-54.386361
-54.167772
-53.785865
-53.563444
-53.323723
-53.180544
-52.913921
-52.825459
-52.614158
-52.227698
-51.981087
-51.803600
-51.427637
-51.044241
-50.532540
-50.265174
-49.941247
-49.593331
-49.386138
-49.014514
-48.590566
-48.249054
-48.071039
-47.824718
-47.566618
-47.026185
-46.757551
-46.092498
-45.629277
-45.143769
-44.521350
-43.930055
-43.262880
-42.758794
-41.869548
-41.022533
-36.899586
