-154.158094
-138.051239
-136.817357
-133.412568
-128.407805
-124.997956
-123.237081
-120.647881
-118.345579
-116.517352
-114.123292
-112.966825
-110.835551
-109.624940
-107.719214
-106.608240
-105.844242
-105.050849
-103.898205
-102.744290
-102.053062
-101.061442
-100.342777
-99.829972
-99.103153
-98.501889
-98.228794
-97.738775
-97.435255
-97.078884
-96.914567
-96.711270
-96.351633
-96.228233
-95.837863
-95.162040
-94.905391
-94.422812
-94.075089
-93.930507
-93.675434
-93.173975
-92.950159
-92.462122
-92.136118
-91.813207
-91.713161
-91.220326
-91.038512
-90.890742
-90.647156
-90.209441
-90.007036
-89.692099
-89.344955
-89.158384
-88.983025
-88.712422
-88.544589
-88.222584
-87.771305
-87.352595
-87.054688
-86.734180
-86.192072
-85.870222
-85.649627
-85.464760
-85.175297
-85.095689
-84.663810
-84.142750
-83.930909
-83.661332
-83.496492
-83.357438
-83.014990
-82.631499
-82.372181
-82.084105
-81.592872
-81.166917
-80.747962
-80.473693
-79.961245
-79.621699
-79.560435
-79.140428
-78.674433
-78.498100
-77.693400
-76.595455
-76.153410
-75.700286
-74.823510
-73.157661
-71.544540
-70.210550
-67.083556
-65.318173
-57.563203
