-137.935
-135.834
-135.064
-134.418
-133.878
-133.424
-133.074
-132.685
-132.335
-132.021
-131.714
-131.414
-131.168
-130.901
-130.599
-130.329
-130.067
-129.763
-129.518
-129.269
-128.999
-128.786
-128.526
-128.289
-128.052
-127.805
-127.582
-127.381
-127.144
-126.958
-126.775
-126.525
-126.29
-126.078
-125.859
-125.634
-125.416
-125.226
-125.033
-124.834
-124.613
-124.416
-124.217
-124.041
-123.829
-123.615
-123.391
-123.18
-122.932
-122.649
-122.377
-122.119
-121.814
-121.522
-121.199
-120.867
-120.58
-120.251
-119.945
-119.636
-119.224
-118.875
-118.454
-118.054
-117.67
-117.192
-116.71
-116.138
-115.583
-114.953
-114.308
-113.626
-112.737
-111.838
-110.861
-109.779
-108.492
-106.964
-105.278
-104.549
-104.021
-103.615
-103.254
-102.788
-102.361
-101.894
-101.376
-100.779
-100.224
-99.571
-98.8554
-98.1007
-97.2422
-96.2738
-95.176
-93.8922
-92.4015
-90.3765
-87.8531
-83.4093
-71.4188
