-114.754
-108.018
-106.618
-105.707
-105.149
-104.604
-104.153
-103.708
-103.346
-102.88
-102.487
-102.073
-101.673
-101.284
-100.809
-100.359
-99.9364
-99.5663
-99.1984
-98.9056
-98.6755
-98.4738
-98.2536
-98.0152
-97.8332
-97.645
-97.5159
-97.365
-97.2336
-97.1051
-96.9776
-96.8525
-96.7359
-96.6122
-96.4907
-96.3776
-96.2744
-96.1633
-96.0579
-95.9481
-95.8565
-95.7472
-95.6508
-95.551
-95.4532
-95.35
-95.2511
-95.1566
-95.073
-94.9756
-94.8873
-94.7738
-94.6514
-94.5615
-94.4646
-94.3649
-94.2629
-94.1699
-94.0602
-93.9568
-93.8619
-93.7707
-93.6816
-93.5662
-93.4752
-93.3893
-93.27
-93.1867
-93.0741
-92.9692
-92.8537
-92.7509
-92.6546
-92.5471
-92.4562
-92.3431
-92.2446
-92.1313
-92.0279
-91.9313
-91.8349
-91.7181
-91.6198
-91.52
-91.4064
-91.2884
-91.1829
-91.0843
-90.972
-90.8282
-90.7009
-90.5595
-90.4196
-90.2385
-90.0507
-89.8738
-89.6428
-89.3345
-88.9688
-88.3447
-86.4157
