-117.565
-110.498
-108.57
-107.392
-106.555
-105.918
-105.358
-104.764
-104.226
-103.758
-103.256
-102.813
-102.278
-101.875
-101.336
-100.835
-100.378
-99.9518
-99.592
-99.268
-99.0008
-98.7715
-98.5411
-98.2802
-98.0915
-97.9392
-97.7476
-97.6049
-97.463
-97.328
-97.2098
-97.0774
-96.9362
-96.8198
-96.7038
-96.5806
-96.4514
-96.3359
-96.217
-96.1
-96.0008
-95.9016
-95.8004
-95.7023
-95.5953
-95.5098
-95.4051
-95.3095
-95.2144
-95.1196
-95.0177
-94.9081
-94.7931
-94.6823
-94.5836
-94.4901
-94.3752
-94.2723
-94.1803
-94.069
-93.9714
-93.8722
-93.7683
-93.6588
-93.5569
-93.4704
-93.3717
-93.2691
-93.1711
-93.0509
-92.9317
-92.8363
-92.721
-92.6374
-92.5367
-92.4339
-92.3123
-92.2056
-92.1105
-91.9968
-91.8943
-91.7748
-91.6832
-91.5757
-91.4572
-91.3399
-91.2407
-91.1403
-91.0309
-90.8918
-90.7511
-90.6087
-90.4655
-90.2927
-90.0849
-89.9127
-89.6801
-89.3685
-89.0001
-88.3844
-86.4185
