-109.062
-104.81
-103.195
-102.101
-101.286
-100.723
-100.196
-99.7207
-99.3559
-99.03
-98.7231
-98.4548
-98.1764
-97.9659
-97.7146
-97.5013
-97.2687
-97.1055
-96.9212
-96.698
-96.4915
-96.2832
-96.1252
-95.984
-95.8303
-95.6661
-95.4839
-95.3108
-95.1301
-94.9746
-94.7771
-94.5826
-94.4215
-94.2492
-94.0874
-93.913
-93.7529
-93.5845
-93.44
-93.2612
-93.0917
-92.9264
-92.7491
-92.5676
-92.3979
-92.2097
-92.026
-91.8423
-91.6769
-91.5144
-91.3395
-91.1577
-90.9749
-90.7826
-90.6088
-90.3838
-90.1742
-89.9662
-89.7907
-89.6148
-89.4086
-89.2116
-89.026
-88.8474
-88.6478
-88.4384
-88.2106
-88.0017
-87.7653
-87.5113
-87.2024
-86.9452
-86.646
-86.2725
-85.7895
-85.3228
-84.5918
-83.5973
-81.597
-77.5797
-74.7224
-72.9974
-71.1983
-69.9166
-68.9902
-68.1954
-67.6945
-67.3101
-67.0027
-66.6889
-66.4202
-66.1478
-65.8135
-65.4773
-65.2052
-64.8715
-64.5015
-63.963
-62.8926
-60.2035
-44.1392
