-110.494
-104.928
-103.475
-102.301
-101.585
-100.993
-100.485
-99.9441
-99.5186
-99.1644
-98.8085
-98.5194
-98.2563
-97.9765
-97.7392
-97.5213
-97.3131
-97.1215
-96.9617
-96.7819
-96.6253
-96.4983
-96.3583
-96.26
-96.1426
-96.015
-95.8871
-95.7902
-95.6913
-95.5942
-95.4827
-95.3767
-95.2919
-95.2005
-95.1071
-95.0294
-94.9316
-94.8425
-94.758
-94.6609
-94.5688
-94.4646
-94.3749
-94.2775
-94.1957
-94.1178
-94.0465
-93.9696
-93.8751
-93.797
-93.7199
-93.6478
-93.5634
-93.4742
-93.3992
-93.326
-93.2636
-93.1898
-93.1061
-93.0358
-92.9613
-92.8791
-92.7998
-92.7194
-92.6354
-92.5569
-92.4819
-92.4001
-92.3021
-92.2148
-92.1223
-92.0276
-91.9414
-91.8527
-91.7704
-91.6817
-91.5901
-91.4989
-91.4299
-91.3446
-91.2476
-91.1471
-91.0553
-90.9623
-90.8666
-90.7748
-90.6698
-90.5556
-90.4382
-90.3336
-90.2087
-90.0928
-89.9474
-89.8178
-89.6807
-89.4684
-89.2576
-88.9887
-88.6384
-88.106
-85.9369
