-108.944
-103.724
-102.012
-100.888
-100.041
-99.2959
-98.7826
-98.3902
-98.028
-97.7003
-97.3235
-97.0377
-96.7853
-96.5326
-96.2798
-96.0386
-95.8227
-95.5953
-95.3517
-95.1611
-94.957
-94.7699
-94.5449
-94.3375
-94.1622
-93.9613
-93.7428
-93.5581
-93.392
-93.1951
-93.0063
-92.8148
-92.625
-92.4234
-92.2204
-92.0346
-91.8303
-91.6376
-91.4163
-91.2288
-91.0532
-90.8381
-90.6181
-90.3938
-90.2091
-90.0134
-89.769
-89.5698
-89.3598
-89.1461
-88.9328
-88.7428
-88.5325
-88.3472
-88.1456
-87.9359
-87.6875
-87.4353
-87.1829
-86.9458
-86.7004
-86.4519
-86.1554
-85.8402
-85.5128
-85.1644
-84.7348
-84.2003
-83.6252
-82.9521
-82.2497
-81.3962
-80.5211
-79.4646
-78.1586
-76.7052
-75.3231
-73.9918
-72.9046
-71.5796
-70.1802
-69.1879
-68.2774
-67.4748
-67.0623
-66.6712
-66.3617
-66.0495
-65.677
-65.3783
-65.0616
-64.7576
-64.4203
-63.9746
-63.2763
-62.2341
-60.3281
-57.6991
-54.8071
-50.0667
-30.8382
