-116.468
-109.381
-107.694
-106.761
-106.025
-105.437
-104.973
-104.419
-103.92
-103.492
-103
-102.576
-102.08
-101.688
-101.18
-100.694
-100.243
-99.8242
-99.4741
-99.1413
-98.8933
-98.668
-98.4484
-98.2026
-97.9905
-97.8391
-97.6685
-97.5337
-97.3894
-97.2631
-97.1304
-96.9912
-96.8741
-96.7667
-96.6312
-96.5172
-96.3971
-96.2855
-96.17
-96.0442
-95.9512
-95.8576
-95.7464
-95.6557
-95.5534
-95.4529
-95.3516
-95.2596
-95.1736
-95.0706
-94.9734
-94.8681
-94.756
-94.6438
-94.5494
-94.4382
-94.3447
-94.2401
-94.1427
-94.0375
-93.9399
-93.8413
-93.7383
-93.6327
-93.5331
-93.4402
-93.3412
-93.2463
-93.1425
-93.0262
-92.9111
-92.8156
-92.6953
-92.6083
-92.5106
-92.4077
-92.2879
-92.1824
-92.0816
-91.9748
-91.8767
-91.7539
-91.6669
-91.5539
-91.4375
-91.3246
-91.2226
-91.1221
-91.0093
-90.8779
-90.7314
-90.5968
-90.4505
-90.2765
-90.075
-89.8945
-89.6682
-89.3523
-88.9983
-88.3794
-86.4176
