-109.062
-104.811
-103.205
-102.102
-101.304
-100.728
-100.199
-99.7384
-99.3584
-99.034
-98.7231
-98.4676
-98.185
-97.9709
-97.7152
-97.5025
-97.28
-97.1167
-96.931
-96.7017
-96.5065
-96.2935
-96.1274
-95.9957
-95.8404
-95.6746
-95.491
-95.313
-95.1305
-94.9816
-94.7807
-94.5829
-94.4216
-94.257
-94.0932
-93.9214
-93.7644
-93.5896
-93.4433
-93.2652
-93.0918
-92.933
-92.754
-92.5774
-92.4054
-92.2172
-92.0377
-91.8541
-91.6827
-91.5181
-91.3505
-91.1777
-90.9905
-90.7999
-90.6167
-90.3991
-90.2001
-89.9832
-89.7977
-89.6259
-89.415
-89.2302
-89.0401
-88.8587
-88.6649
-88.4734
-88.2222
-88.0151
-87.767
-87.5193
-87.2101
-86.9531
-86.6601
-86.2757
-85.7921
-85.327
-84.5977
-83.6016
-81.6019
-77.5797
-74.7226
-72.9977
-71.1983
-69.9166
-69.0045
-68.2044
-67.6996
-67.3143
-67.0031
-66.7049
-66.4355
-66.1522
-65.8292
-65.4984
-65.2118
-64.8733
-64.5139
-63.9754
-62.9255
-60.2072
-44.1392
