-109.062
-104.811
-103.205
-102.102
-101.304
-100.728
-100.199
-99.7425
-99.3584
-99.034
-98.7231
-98.4682
-98.185
-97.9709
-97.7153
-97.5026
-97.2836
-97.1167
-96.931
-96.7099
-96.5089
-96.2971
-96.1311
-96.0003
-95.8404
-95.6749
-95.4912
-95.313
-95.1352
-94.9816
-94.7807
-94.5829
-94.4254
-94.2588
-94.0932
-93.9214
-93.7646
-93.5896
-93.4442
-93.2652
-93.0918
-92.9346
-92.7547
-92.5796
-92.4054
-92.2172
-92.0377
-91.8565
-91.6835
-91.5181
-91.3506
-91.1814
-90.9916
-90.8
-90.6198
-90.4008
-90.2002
-89.9898
-89.7997
-89.6259
-89.415
-89.2302
-89.046
-88.8629
-88.6649
-88.4734
-88.225
-88.0151
-87.7711
-87.5193
-87.2101
-86.9638
-86.6601
-86.2757
-85.8086
-85.327
-84.5977
-83.6016
-81.6024
-77.5797
-74.7226
-72.9977
-71.1983
-69.9166
-69.0048
-68.2044
-67.6996
-67.3143
-67.004
-66.7057
-66.4355
-66.154
-65.8292
-65.4984
-65.2118
-64.8733
-64.5165
-63.9754
-62.9255
-60.2072
-44.1392
