-109.062
-104.807
-103.186
-102.092
-101.277
-100.72
-100.188
-99.7121
-99.3425
-99.0122
-98.7039
-98.4396
-98.1738
-97.9482
-97.7008
-97.48
-97.2617
-97.0945
-96.9021
-96.6939
-96.4738
-96.2625
-96.1079
-95.9646
-95.8073
-95.6413
-95.4688
-95.2928
-95.1169
-94.955
-94.7471
-94.5722
-94.4105
-94.2417
-94.0735
-93.8998
-93.7475
-93.5774
-93.4184
-93.2473
-93.0665
-92.9108
-92.7359
-92.5573
-92.3801
-92.1881
-92.0138
-91.8353
-91.6512
-91.5003
-91.3256
-91.1433
-90.9595
-90.768
-90.5917
-90.3558
-90.1389
-89.946
-89.7648
-89.5859
-89.3766
-89.1873
-89.0008
-88.8278
-88.6217
-88.4269
-88.1939
-87.9838
-87.7479
-87.4981
-87.185
-86.8952
-86.6181
-86.2293
-85.7794
-85.3068
-84.5525
-83.5446
-81.5849
-77.5797
-74.7221
-72.9894
-71.1983
-69.8962
-68.9818
-68.1919
-67.6563
-67.2922
-66.9885
-66.6818
-66.4081
-66.139
-65.7988
-65.4707
-65.1888
-64.8567
-64.4882
-63.9309
-62.8644
-60.1193
-44.1392
