-109.062
-104.811
-103.205
-102.102
-101.304
-100.728
-100.198
-99.7384
-99.3584
-99.034
-98.7231
-98.4644
-98.1849
-97.9709
-97.715
-97.5021
-97.2786
-97.1142
-96.9273
-96.7016
-96.5061
-96.2899
-96.1261
-95.9937
-95.839
-95.6743
-95.4905
-95.313
-95.1301
-94.9816
-94.7807
-94.5829
-94.4215
-94.2521
-94.0918
-93.9165
-93.7644
-93.5896
-93.4433
-93.2613
-93.0918
-92.9319
-92.7516
-92.5741
-92.3984
-92.2167
-92.0342
-91.8524
-91.6814
-91.5157
-91.3455
-91.1688
-90.988
-90.7856
-90.6134
-90.3963
-90.198
-89.9788
-89.7975
-89.6259
-89.4132
-89.2281
-89.0283
-88.8548
-88.6578
-88.4731
-88.2222
-88.0121
-87.767
-87.5193
-87.208
-86.9495
-86.6579
-86.2747
-85.792
-85.326
-84.5975
-83.5979
-81.6007
-77.5797
-74.7226
-72.9976
-71.1983
-69.9166
-69.004
-68.2044
-67.6996
-67.3143
-67.0028
-66.7032
-66.4345
-66.1503
-65.8275
-65.4984
-65.2118
-64.8722
-64.5139
-63.9754
-62.9168
-60.2072
-44.1392
