-117.568
-110.502
-108.576
-107.394
-106.557
-105.919
-105.358
-104.765
-104.226
-103.758
-103.256
-102.814
-102.279
-101.875
-101.337
-100.835
-100.379
-99.9519
-99.5927
-99.2684
-99.0012
-98.7717
-98.5414
-98.2803
-98.0918
-97.9394
-97.7477
-97.605
-97.4632
-97.3284
-97.2099
-97.0774
-96.9364
-96.8198
-96.704
-96.5807
-96.4515
-96.3359
-96.2172
-96.1
-96.001
-95.9017
-95.8006
-95.7025
-95.5954
-95.5099
-95.4051
-95.3096
-95.2144
-95.1197
-95.0178
-94.9081
-94.7932
-94.6823
-94.5837
-94.4901
-94.3753
-94.2723
-94.1803
-94.0691
-93.9714
-93.8722
-93.7684
-93.6589
-93.5569
-93.4704
-93.3718
-93.2692
-93.1711
-93.051
-92.9318
-92.8363
-92.7211
-92.6374
-92.5367
-92.4339
-92.3123
-92.2056
-92.1105
-91.9969
-91.8943
-91.7748
-91.6832
-91.5758
-91.4574
-91.34
-91.2407
-91.1403
-91.0309
-90.8918
-90.7512
-90.6088
-90.4655
-90.2928
-90.0849
-89.9128
-89.6802
-89.3686
-89.0001
-88.3844
-86.4185
