-117.19
-110.174
-108.242
-107.16
-106.371
-105.772
-105.229
-104.68
-104.122
-103.675
-103.196
-102.746
-102.218
-101.811
-101.283
-100.788
-100.327
-99.9167
-99.5521
-99.2254
-98.9676
-98.738
-98.5116
-98.2564
-98.0471
-97.9101
-97.7293
-97.5848
-97.4364
-97.304
-97.1838
-97.0507
-96.9157
-96.8068
-96.6808
-96.5579
-96.4331
-96.3223
-96.1998
-96.0829
-95.9846
-95.8906
-95.782
-95.6894
-95.5826
-95.4955
-95.3895
-95.2926
-95.1993
-95.104
-95.0038
-94.8925
-94.7826
-94.6695
-94.5712
-94.4691
-94.3634
-94.2629
-94.1674
-94.0581
-93.9631
-93.8612
-93.7557
-93.6484
-93.5489
-93.46
-93.3604
-93.2618
-93.162
-93.0449
-92.9253
-92.8311
-92.7133
-92.6249
-92.5292
-92.4295
-92.3054
-92.1974
-92.0993
-91.9933
-91.8895
-91.7674
-91.6807
-91.5672
-91.4513
-91.3343
-91.2344
-91.1337
-91.0241
-90.8872
-90.7426
-90.6061
-90.4612
-90.286
-90.0795
-89.9055
-89.6747
-89.3639
-88.9997
-88.3824
-86.4182
