-117.529
-110.463
-108.526
-107.355
-106.531
-105.911
-105.35
-104.754
-104.214
-103.756
-103.255
-102.808
-102.268
-101.87
-101.334
-100.827
-100.366
-99.9505
-99.5853
-99.2617
-98.9964
-98.7674
-98.5391
-98.279
-98.0869
-97.9362
-97.7461
-97.6032
-97.46
-97.3276
-97.2059
-97.074
-96.9348
-96.8189
-96.7018
-96.5781
-96.4497
-96.3355
-96.2146
-96.0996
-95.9982
-95.9011
-95.7991
-95.7012
-95.5947
-95.5087
-95.4026
-95.307
-95.2137
-95.1183
-95.0152
-94.9077
-94.792
-94.6814
-94.5827
-94.4896
-94.3737
-94.2718
-94.1799
-94.0677
-93.9711
-93.8706
-93.7672
-93.6581
-93.556
-93.4699
-93.3714
-93.2686
-93.1708
-93.0501
-92.9311
-92.8362
-92.7195
-92.6369
-92.535
-92.4336
-92.3117
-92.2047
-92.1097
-91.9964
-91.894
-91.7741
-91.683
-91.5754
-91.4567
-91.3394
-91.2403
-91.14
-91.0306
-90.8913
-90.7506
-90.6081
-90.4653
-90.2916
-90.0844
-89.9119
-89.6789
-89.3681
-89.0001
-88.3841
-86.4185
