-25.9726
-20.5652
-19.382
-18.3373
-17.6235
-17.065
-16.5473
-16.0303
-15.539
-15.1792
-14.7642
-14.4037
-14.0932
-13.717
-13.3475
-13.0105
-12.7354
-12.4403
-12.1543
-11.865
-11.5845
-11.3548
-11.0706
-10.8242
-10.5475
-10.2885
-10.0186
-9.77985
-9.5121
-9.20902
-8.99057
-8.7542
-8.52687
-8.30776
-8.0604
-7.79538
-7.51042
-7.28787
-7.02983
-6.76522
-6.54536
-6.27894
-6.00886
-5.75758
-5.49316
-5.18326
-4.9319
-4.65143
-4.37484
-4.11596
-3.81582
-3.49692
-3.20225
-2.88906
-2.52894
-2.21428
-1.89229
-1.59692
-1.24632
-0.914367
-0.581083
-0.250862
0.0814047
0.363562
0.664998
0.983955
1.28162
1.5443
1.78768
2.02827
2.25727
2.47909
2.68848
2.93062
3.20006
3.4316
3.70005
3.92546
4.15268
4.36094
4.62795
4.88217
5.17733
5.44867
5.75209
6.01504
6.25299
6.5166
6.78877
7.11984
7.40917
7.74513
8.10279
8.64354
9.2768
9.99991
10.9345
11.871
12.8272
13.7382
15.6913
