-2.55253
-0.888679
-0.394573
-0.0429898
0.238932
0.474909
0.678306
0.868661
1.07182
1.24404
1.43157
1.61371
1.74363
1.89432
2.06567
2.22959
2.39273
2.54372
2.70344
2.85288
3.00974
3.13847
3.31995
3.4568
3.62146
3.78122
3.92625
4.05483
4.20293
4.39361
4.57682
4.74761
4.88799
5.04414
5.22758
5.37777
5.51504
5.65909
5.82032
5.96624
6.1209
6.28612
6.45769
6.63335
6.78958
6.92889
7.10183
7.26947
7.41559
7.60238
7.74872
7.90885
8.06314
8.26956
8.43536
8.60647
8.78661
8.95783
9.16538
9.34541
9.55182
9.75142
9.96776
10.1675
10.3309
10.5017
10.6822
10.9138
11.0906
11.2891
11.4983
11.7151
11.9518
12.1954
12.4834
12.7123
13.0026
13.2547
13.5641
13.8395
14.1378
14.5232
14.8329
15.2331
15.5278
15.8807
16.2469
16.7453
17.1078
17.6049
18.1665
18.6898
19.2877
19.8491
20.5876
21.4446
22.2394
23.3579
24.6626
26.0571
29.4588
