-25.9652
-20.5303
-19.3623
-18.3202
-17.6027
-17.0312
-16.5253
-16.0206
-15.5235
-15.1442
-14.7329
-14.3769
-14.0524
-13.6624
-13.3171
-12.9701
-12.7075
-12.4123
-12.1199
-11.8215
-11.5397
-11.3137
-11.0273
-10.7755
-10.5019
-10.2466
-9.98306
-9.7312
-9.47641
-9.15839
-8.9255
-8.69955
-8.45296
-8.26493
-8.01506
-7.74511
-7.46143
-7.21296
-6.98084
-6.70653
-6.49566
-6.2326
-5.94336
-5.69635
-5.41521
-5.11977
-4.85595
-4.59966
-4.30889
-4.03453
-3.75451
-3.41747
-3.13404
-2.80844
-2.46102
-2.14281
-1.82724
-1.53795
-1.20067
-0.834733
-0.512122
-0.162971
0.142892
0.426392
0.739011
1.05575
1.34799
1.59231
1.86448
2.07032
2.30843
2.53668
2.74909
2.98301
3.2366
3.47494
3.73639
3.97175
4.19017
4.42864
4.68595
4.93036
5.21955
5.53885
5.79988
6.08679
6.3101
6.57573
6.86589
7.16981
7.49427
7.83533
8.20492
8.70128
9.37354
10.1596
11.0806
12.0092
12.9913
13.9983
15.8333
