-2.55251
-0.888662
-0.394429
-0.0429377
0.242698
0.474983
0.678628
0.868672
1.07188
1.24408
1.43362
1.61541
1.74377
1.89451
2.06594
2.23409
2.39928
2.54379
2.70549
2.85298
3.00975
3.13865
3.32268
3.45684
3.62379
3.78186
3.92682
4.06027
4.20347
4.39396
4.57903
4.74907
4.89083
5.04794
5.22819
5.37778
5.51505
5.6601
5.82334
5.96838
6.1211
6.28756
6.45795
6.63356
6.79078
6.93696
7.10238
7.27212
7.42148
7.60272
7.75953
7.9126
8.06535
8.27714
8.43927
8.61596
8.7934
8.96586
9.16713
9.34637
9.56083
9.76487
9.97081
10.1717
10.3361
10.5122
10.6932
10.9259
11.1066
11.2948
11.5094
11.7311
11.9679
12.2245
12.4927
12.7505
13.027
13.2746
13.5771
13.856
14.1766
14.5673
14.8606
15.2529
15.5755
15.9112
16.3325
16.8044
17.1852
17.684
18.2933
18.8801
19.4677
20.161
20.8653
21.7442
22.7626
23.8388
25.3161
26.6592
29.4904
