-25.9651
-20.5299
-19.3622
-18.3201
-17.6027
-17.0311
-16.5252
-16.0178
-15.5233
-15.1442
-14.7328
-14.3767
-14.0524
-13.6622
-13.3168
-12.97
-12.7075
-12.4113
-12.1194
-11.8203
-11.5395
-11.3133
-11.0271
-10.7742
-10.5017
-10.2463
-9.98277
-9.73092
-9.47638
-9.15785
-8.92527
-8.69932
-8.45257
-8.264
-8.01498
-7.7447
-7.4612
-7.21283
-6.98076
-6.70635
-6.49534
-6.23241
-5.94235
-5.69625
-5.41495
-5.11895
-4.85488
-4.59915
-4.30861
-4.03408
-3.75433
-3.41715
-3.13177
-2.80684
-2.45965
-2.14267
-1.82589
-1.53765
-1.20052
-0.834243
-0.509429
-0.162454
0.143246
0.426469
0.739382
1.05593
1.3482
1.59238
1.86456
2.07054
2.30902
2.53674
2.74966
2.9834
3.23702
3.4752
3.73644
3.97186
4.19024
4.4297
4.68606
4.93047
5.21972
5.53918
5.79998
6.08688
6.31048
6.57598
6.86602
7.17055
7.49608
7.83546
8.20571
8.70174
9.37374
10.1598
11.0827
12.0094
12.9927
14.0015
15.8346
