-25.9675
-20.5411
-19.3691
-18.322
-17.6041
-17.0399
-16.5362
-16.0257
-15.5283
-15.1541
-14.7416
-14.3827
-14.0607
-13.6951
-13.3273
-12.9842
-12.7139
-12.4204
-12.1307
-11.8309
-11.5571
-11.3268
-11.0361
-10.7854
-10.5102
-10.2565
-9.99308
-9.75177
-9.48458
-9.17676
-8.9638
-8.71873
-8.48177
-8.27927
-8.03513
-7.76244
-7.47751
-7.23266
-6.99351
-6.72162
-6.50659
-6.25336
-5.96462
-5.70719
-5.44757
-5.13211
-4.87813
-4.62451
-4.33224
-4.04999
-3.76207
-3.4402
-3.14694
-2.84636
-2.47663
-2.16966
-1.84965
-1.55648
-1.21999
-0.858569
-0.530821
-0.190779
0.123742
0.412094
0.702963
1.03518
1.3289
1.57268
1.84443
2.04878
2.28962
2.51648
2.72863
2.96474
3.22506
3.46214
3.73098
3.96385
4.17341
4.41904
4.66676
4.9079
5.21209
5.49975
5.78603
6.06677
6.29009
6.54954
6.84084
7.15609
7.47041
7.8147
8.17491
8.68875
9.33548
10.1229
11.0241
11.9668
12.9505
13.8903
15.7888
