-25.9651
-20.5299
-19.3621
-18.3201
-17.6027
-17.0311
-16.5251
-16.0178
-15.5233
-15.1442
-14.7328
-14.3767
-14.0523
-13.6622
-13.3168
-12.9699
-12.7075
-12.4112
-12.1193
-11.8201
-11.5395
-11.3133
-11.0271
-10.7741
-10.5017
-10.2463
-9.98274
-9.73089
-9.47638
-9.15775
-8.92524
-8.69929
-8.45253
-8.26389
-8.01497
-7.74465
-7.46119
-7.21282
-6.98075
-6.70634
-6.4953
-6.23239
-5.94224
-5.69624
-5.41493
-5.1188
-4.85429
-4.5991
-4.30858
-4.03403
-3.75431
-3.41712
-3.13152
-2.80664
-2.45949
-2.14265
-1.82574
-1.53762
-1.20051
-0.834189
-0.50913
-0.162397
0.143286
0.426478
0.739424
1.05596
1.34823
1.59239
1.86457
2.07056
2.30904
2.53674
2.74974
2.98345
3.23706
3.47522
3.73645
3.97187
4.19052
4.42982
4.68607
4.93048
5.21974
5.53921
5.79999
6.08689
6.31052
6.57599
6.86603
7.17088
7.49615
7.83547
8.2058
8.70179
9.3738
10.1598
11.0829
12.0095
12.9929
14.0019
15.8347
