-25.9886
-20.6208
-19.4134
-18.4067
-17.6727
-17.1272
-16.6012
-16.0833
-15.5982
-15.2424
-14.8159
-14.4782
-14.1477
-13.7998
-13.4146
-13.0838
-12.8232
-12.5139
-12.247
-11.9792
-11.6707
-11.4161
-11.1581
-10.9025
-10.6543
-10.3628
-10.1207
-9.87222
-9.62654
-9.3406
-9.08586
-8.86508
-8.61629
-8.40332
-8.1594
-7.9045
-7.64543
-7.43139
-7.13
-6.90468
-6.65528
-6.39984
-6.15038
-5.887
-5.61069
-5.33673
-5.05802
-4.75657
-4.5111
-4.24628
-3.93481
-3.64411
-3.31547
-3.00799
-2.65738
-2.35757
-2.0437
-1.73343
-1.41291
-1.0281
-0.7589
-0.433959
-0.0780862
0.236673
0.545817
0.868024
1.14524
1.41682
1.68339
1.92633
2.14178
2.37359
2.61404
2.84887
3.10387
3.33641
3.57973
3.80651
4.02234
4.2416
4.5213
4.78298
5.06229
5.32815
5.64052
5.87464
6.14206
6.38225
6.67211
6.94246
7.26748
7.57417
7.92234
8.46712
9.00355
9.75948
10.584
11.5281
12.441
13.2657
15.5682
