-26.6831
-22.2791
-21.1826
-20.4458
-19.8026
-19.2688
-18.7623
-18.3438
-17.9216
-17.5201
-17.2382
-16.8452
-16.4806
-16.1554
-15.8586
-15.5925
-15.3431
-15.0393
-14.7908
-14.5369
-14.2541
-13.984
-13.7211
-13.4349
-13.212
-12.9678
-12.707
-12.4694
-12.2367
-12.0007
-11.7394
-11.5325
-11.3031
-11.0912
-10.871
-10.6224
-10.3943
-10.196
-9.94067
-9.70747
-9.47837
-9.28342
-9.01129
-8.7408
-8.4782
-8.20587
-7.9339
-7.6973
-7.42882
-7.12999
-6.82912
-6.56744
-6.25925
-5.97515
-5.70089
-5.36003
-5.03254
-4.71326
-4.36222
-4.05108
-3.70507
-3.34473
-2.95033
-2.52692
-2.14926
-1.74877
-1.36171
-1.00579
-0.719151
-0.461912
-0.228363
0.0279037
0.25667
0.490602
0.692026
0.876339
1.06944
1.26614
1.45408
1.67491
1.85906
2.03214
2.24797
2.44394
2.68244
2.85925
3.07776
3.28524
3.49259
3.7419
3.95267
4.2432
4.5326
4.84201
5.1443
5.54641
6.03069
6.68296
7.73993
9.69154
14.1185
