-15.1855
-12.0824
-10.5107
-8.94965
-7.84965
-6.69533
-5.57451
-4.43284
-3.56369
-2.911
-2.29411
-1.80658
-1.39915
-1.06201
-0.751389
-0.469961
-0.196161
0.0319054
0.221897
0.399329
0.561224
0.726649
0.864244
1.04518
1.19842
1.3648
1.52787
1.67686
1.81918
1.95558
2.10451
2.24237
2.3658
2.48638
2.63619
2.79275
2.93147
3.08214
3.23214
3.37529
3.52253
3.68364
3.80136
3.9398
4.07924
4.22957
4.38464
4.52521
4.70003
4.83622
4.99462
5.14495
5.29104
5.41571
5.54294
5.67288
5.79385
5.92754
6.10574
6.26435
6.38463
6.56028
6.70241
6.85992
7.02217
7.15814
7.29623
7.46533
7.60567
7.72423
7.87339
8.05609
8.23025
8.3832
8.59486
8.75626
8.96751
9.15349
9.37294
9.56953
9.82288
10.0443
10.2691
10.5058
10.7451
11.0404
11.3654
11.6746
11.9836
12.391
12.8121
13.3154
13.7534
14.3793
14.8909
15.5342
16.3771
17.4767
18.8768
20.976
27.9281
