-2.5525
-0.88866
-0.394415
-0.0429325
0.243381
0.474991
0.678951
0.868673
1.07189
1.24409
1.43362
1.61542
1.74378
1.89454
2.06596
2.2341
2.3997
2.54379
2.70551
2.85303
3.00975
3.13867
3.32295
3.45684
3.62381
3.78215
3.92683
4.06075
4.20353
4.39398
4.57904
4.74908
4.89083
5.04832
5.22823
5.37778
5.51505
5.66194
5.82345
5.96838
6.12321
6.28759
6.45797
6.63356
6.79084
6.93697
7.10241
7.27214
7.42207
7.60331
7.76034
7.91276
8.06536
8.27716
8.4393
8.61596
8.79365
8.96593
9.16716
9.34641
9.56092
9.76491
9.9755
10.1746
10.3361
10.5137
10.6932
10.9264
11.1068
11.2954
11.5154
11.7325
11.9709
12.2245
12.4953
12.7605
13.0288
13.2746
13.5774
13.8564
14.1792
14.5674
14.8703
15.255
15.5759
15.915
16.3387
16.8046
17.1906
17.695
18.3044
18.8807
19.4979
20.1891
20.8941
21.8052
22.8064
23.8737
25.4096
26.7215
29.4936
