-30.3185
-25.4119
-24.0739
-23.2885
-22.6255
-22.0356
-21.5222
-21.0664
-20.6551
-20.2499
-19.8563
-19.5333
-19.2174
-18.9163
-18.6303
-18.3616
-18.0363
-17.7769
-17.5284
-17.2262
-16.9762
-16.7154
-16.4285
-16.1714
-15.9055
-15.6085
-15.3936
-15.157
-14.97
-14.6717
-14.424
-14.1696
-13.9368
-13.7389
-13.5184
-13.2787
-13.0477
-12.819
-12.595
-12.3467
-12.1055
-11.8563
-11.5901
-11.3198
-11.0445
-10.7739
-10.5416
-10.2739
-10.0217
-9.76855
-9.47547
-9.1727
-8.8667
-8.57879
-8.2729
-8.01914
-7.70637
-7.34096
-7.00479
-6.66709
-6.28631
-5.91874
-5.56715
-5.13749
-4.81025
-4.44423
-4.08077
-3.80035
-3.54426
-3.24912
-3.02697
-2.81388
-2.60236
-2.37182
-2.1608
-1.93167
-1.69556
-1.49765
-1.2986
-1.09661
-0.85767
-0.659886
-0.458427
-0.243758
-0.0231072
0.212242
0.437596
0.670334
0.889987
1.1479
1.44195
1.75192
2.0536
2.38598
2.74174
3.14084
3.65963
4.27359
5.18066
6.9991
12.0187
