-25.9659
-20.5334
-19.3643
-18.3207
-17.6031
-17.0319
-16.5266
-16.0234
-15.5237
-15.1512
-14.7334
-14.3786
-14.0532
-13.6737
-13.3201
-12.9716
-12.7085
-12.4198
-12.1225
-11.8251
-11.5416
-11.3199
-11.0299
-10.7783
-10.5044
-10.2492
-9.98698
-9.73403
-9.48352
-9.16625
-8.93492
-8.70186
-8.46242
-8.27045
-8.02005
-7.75118
-7.46501
-7.2205
-6.9816
-6.71118
-6.49804
-6.23999
-5.95137
-5.69735
-5.42855
-5.12191
-4.8617
-4.60471
-4.31215
-4.03953
-3.75833
-3.4207
-3.13752
-2.81275
-2.46648
-2.15162
-1.8402
-1.54093
-1.20676
-0.839847
-0.513792
-0.164929
0.133096
0.421091
0.724102
1.0535
1.34115
1.5872
1.85955
2.06396
2.30059
2.53312
2.73997
2.97891
3.23213
3.46757
3.73583
3.97045
4.18612
4.42098
4.68288
4.92387
5.21785
5.5224
5.79892
6.0859
6.29984
6.56579
6.86181
7.1669
7.48258
7.83402
8.20004
8.69675
9.37145
10.1491
11.0629
11.9995
12.9791
13.9764
15.8202
