-2.55274
-0.896877
-0.40108
-0.0535211
0.223429
0.471465
0.675244
0.863209
1.06638
1.22693
1.41143
1.59696
1.73245
1.87534
2.06283
2.2125
2.3848
2.53537
2.6812
2.84266
2.99275
3.12115
3.29465
3.44012
3.5943
3.76092
3.91341
4.03416
4.19281
4.38347
4.55634
4.73174
4.87407
5.02989
5.19447
5.34948
5.49666
5.63824
5.81018
5.94414
6.11122
6.2605
6.41802
6.59426
6.75913
6.8965
7.07366
7.23869
7.37778
7.54936
7.69946
7.85374
8.01276
8.18887
8.37562
8.5433
8.72229
8.89625
9.08534
9.24385
9.44922
9.63514
9.8509
10.0455
10.2118
10.3551
10.5473
10.7211
10.9323
11.1317
11.2903
11.4958
11.7081
11.9147
12.1672
12.4335
12.6304
12.9148
13.1686
13.4436
13.7428
14.0152
14.3297
14.6928
15.0351
15.3889
15.6764
16.0224
16.507
16.9287
17.36
17.8997
18.4846
19.0149
19.682
20.3715
21.3236
22.4082
23.5762
25.4079
29.2209
