-2.55326
-0.915684
-0.417325
-0.0787718
0.211573
0.444102
0.660806
0.841395
1.03289
1.20381
1.3805
1.55371
1.70561
1.84174
2.02566
2.18663
2.35265
2.49816
2.64655
2.79953
2.96099
3.10046
3.24923
3.41364
3.54831
3.71758
3.87496
4.00465
4.15628
4.33511
4.49185
4.65962
4.81328
4.93882
5.11507
5.27268
5.41411
5.55537
5.68968
5.84693
5.96774
6.11557
6.26053
6.41895
6.57929
6.73856
6.87014
7.02953
7.17638
7.3196
7.47945
7.61422
7.77145
7.92662
8.08736
8.27921
8.44431
8.6051
8.79088
8.95644
9.13463
9.29771
9.48757
9.68171
9.86012
10.0714
10.2406
10.397
10.5905
10.777
10.9661
11.1561
11.3735
11.5883
11.8159
12.0434
12.2956
12.5434
12.8318
13.0723
13.3639
13.6582
13.9454
14.2697
14.6294
14.9793
15.3428
15.6287
16.0468
16.5273
16.9118
17.4157
17.9744
18.5118
19.111
19.7859
20.5763
21.5718
22.862
24.9343
29.1329
