-138.054
-135.686
-134.933
-134.372
-133.937
-133.461
-133.076
-132.721
-132.393
-132.048
-131.714
-131.393
-131.171
-130.918
-130.668
-130.418
-130.106
-129.871
-129.602
-129.362
-129.106
-128.881
-128.65
-128.406
-128.139
-127.902
-127.682
-127.418
-127.183
-126.943
-126.737
-126.563
-126.321
-126.119
-125.887
-125.672
-125.472
-125.251
-125.077
-124.89
-124.674
-124.488
-124.273
-124.064
-123.851
-123.661
-123.464
-123.189
-122.955
-122.721
-122.433
-122.129
-121.823
-121.544
-121.234
-120.937
-120.661
-120.367
-120.016
-119.642
-119.224
-118.837
-118.426
-117.964
-117.51
-117.101
-116.465
-115.878
-115.283
-114.55
-113.929
-113.175
-112.381
-111.537
-110.655
-109.432
-107.902
-106.202
-105.077
-104.452
-103.92
-103.496
-103.026
-102.532
-102.13
-101.651
-101.167
-100.603
-99.9853
-99.3717
-98.5972
-97.86
-97.1324
-96.3428
-95.4459
-94.2513
-92.4056
-90.4726
-88.0608
-83.715
-71.7317
