-116.048
-110.702
-109.169
-108.224
-107.363
-106.652
-106.004
-105.466
-104.966
-104.432
-103.931
-103.472
-103.038
-102.7
-102.325
-102.033
-101.735
-101.488
-101.292
-101.105
-100.905
-100.699
-100.533
-100.385
-100.219
-100.076
-99.9306
-99.8262
-99.7235
-99.6222
-99.5069
-99.3936
-99.2912
-99.1687
-99.066
-98.9604
-98.8649
-98.7794
-98.6684
-98.5749
-98.4513
-98.3381
-98.2376
-98.1346
-98.0368
-97.9589
-97.8786
-97.7792
-97.7082
-97.609
-97.5115
-97.4172
-97.3233
-97.2285
-97.134
-97.0364
-96.943
-96.8472
-96.7651
-96.6784
-96.5949
-96.5184
-96.4145
-96.3067
-96.2066
-96.1069
-96.0032
-95.904
-95.798
-95.6901
-95.5809
-95.4782
-95.3621
-95.2708
-95.1327
-95.0175
-94.8675
-94.7506
-94.6233
-94.4769
-94.3308
-94.178
-94.0459
-93.8821
-93.7453
-93.6041
-93.4344
-93.2447
-93.0309
-92.8385
-92.6601
-92.4741
-92.2382
-92.0396
-91.8271
-91.5758
-91.3571
-91.0728
-90.7408
-90.1567
-85.9684
