-109.663
-104.524
-103.166
-102.045
-101.317
-100.709
-100.15
-99.7057
-99.3291
-99.0437
-98.7197
-98.4489
-98.21
-97.9775
-97.7584
-97.5568
-97.3664
-97.1483
-96.9397
-96.7445
-96.5537
-96.3823
-96.2157
-96.0054
-95.8277
-95.6708
-95.4766
-95.3155
-95.1495
-94.9892
-94.8004
-94.6381
-94.4528
-94.3
-94.1232
-93.9195
-93.7515
-93.5889
-93.437
-93.2586
-93.1135
-92.9446
-92.7665
-92.5914
-92.4189
-92.2157
-92.0573
-91.8783
-91.6992
-91.5364
-91.3682
-91.1664
-90.9829
-90.783
-90.5888
-90.406
-90.2294
-90.0539
-89.8827
-89.6693
-89.419
-89.2105
-89.0131
-88.8029
-88.5353
-88.2757
-88.0514
-87.8256
-87.5909
-87.3627
-87.0892
-86.8474
-86.5032
-86.1349
-85.7938
-85.2965
-84.5291
-83.3041
-80.9865
-76.6711
-74.2209
-72.4696
-70.7551
-69.7414
-68.8423
-68.1461
-67.6588
-67.3401
-67.0399
-66.7447
-66.481
-66.1486
-65.8826
-65.6361
-65.323
-64.9625
-64.5792
-64.0987
-63.3435
-60.4644
-45.6293
