-122.054
-115.601
-113.941
-112.86
-111.896
-111.009
-110.378
-109.762
-109.191
-108.611
-108.11
-107.662
-107.167
-106.71
-106.28
-105.867
-105.486
-104.968
-104.577
-104.133
-103.803
-103.488
-103.201
-102.922
-102.654
-102.437
-102.221
-102.02
-101.852
-101.681
-101.533
-101.368
-101.218
-101.065
-100.912
-100.775
-100.658
-100.549
-100.431
-100.315
-100.164
-100.06
-99.9463
-99.8327
-99.7232
-99.6067
-99.5023
-99.3847
-99.2918
-99.1783
-99.0692
-98.9745
-98.8627
-98.7511
-98.6517
-98.5229
-98.4115
-98.2914
-98.1844
-98.0899
-97.9796
-97.8632
-97.754
-97.6129
-97.4998
-97.3874
-97.2642
-97.1339
-97.0105
-96.8839
-96.7464
-96.5997
-96.4492
-96.3101
-96.1651
-96.0118
-95.8737
-95.6689
-95.5049
-95.3435
-95.1776
-94.9721
-94.7917
-94.6087
-94.4061
-94.1997
-93.9769
-93.8003
-93.5962
-93.3771
-93.0983
-92.8825
-92.6657
-92.4532
-92.2091
-91.9728
-91.714
-91.467
-91.0649
-90.4812
-85.9775
