-111.053
-105.034
-103.942
-102.919
-102.053
-101.453
-100.869
-100.284
-99.8305
-99.4808
-99.1829
-98.8815
-98.573
-98.3194
-98.0856
-97.849
-97.6751
-97.4939
-97.2808
-97.129
-96.9903
-96.8434
-96.6953
-96.5445
-96.4036
-96.265
-96.1452
-96.0148
-95.8849
-95.7679
-95.6368
-95.5144
-95.4032
-95.2886
-95.1712
-95.0451
-94.9114
-94.8088
-94.6987
-94.5808
-94.4417
-94.321
-94.2078
-94.0749
-93.9554
-93.8449
-93.7307
-93.5917
-93.481
-93.3484
-93.2365
-93.114
-92.9988
-92.8562
-92.7451
-92.6188
-92.5077
-92.3823
-92.2738
-92.1543
-92.0288
-91.8837
-91.7495
-91.6262
-91.4974
-91.3537
-91.221
-91.1004
-90.9663
-90.822
-90.6774
-90.5453
-90.4241
-90.3062
-90.2105
-90.0999
-89.9936
-89.8841
-89.7698
-89.6539
-89.5549
-89.4294
-89.2981
-89.1807
-89.0573
-88.9358
-88.8017
-88.6324
-88.4976
-88.3724
-88.1953
-88.0326
-87.865
-87.6559
-87.4241
-87.1738
-86.9015
-86.5668
-86.1763
-85.6225
-82.9651
