-122.349
-115.835
-114.043
-113.027
-111.915
-111.089
-110.434
-109.844
-109.266
-108.655
-108.154
-107.681
-107.206
-106.727
-106.315
-105.896
-105.49
-104.989
-104.583
-104.152
-103.811
-103.503
-103.203
-102.93
-102.674
-102.449
-102.239
-102.029
-101.854
-101.695
-101.538
-101.373
-101.227
-101.076
-100.916
-100.782
-100.663
-100.555
-100.437
-100.322
-100.17
-100.068
-99.9542
-99.8384
-99.7297
-99.6134
-99.5098
-99.3873
-99.296
-99.1895
-99.0767
-98.9795
-98.8668
-98.7567
-98.6546
-98.5264
-98.4146
-98.2955
-98.1899
-98.0923
-97.9825
-97.8639
-97.7569
-97.6179
-97.5052
-97.3895
-97.2701
-97.1395
-97.0141
-96.8879
-96.7504
-96.6055
-96.451
-96.3137
-96.1683
-96.0132
-95.875
-95.6724
-95.5076
-95.3449
-95.1784
-94.9734
-94.7936
-94.6126
-94.4071
-94.2
-93.978
-93.8063
-93.5996
-93.3772
-93.0995
-92.8864
-92.6681
-92.4541
-92.2093
-91.9737
-91.7146
-91.4696
-91.0654
-90.4813
-85.9776
