-109.663
-104.523
-103.166
-102.012
-101.315
-100.687
-100.12
-99.6898
-99.3241
-99.0395
-98.708
-98.4438
-98.1968
-97.9736
-97.7466
-97.5467
-97.3617
-97.1347
-96.931
-96.7359
-96.546
-96.3709
-96.188
-95.9853
-95.8166
-95.6531
-95.4695
-95.3104
-95.1454
-94.9844
-94.7958
-94.637
-94.4459
-94.2964
-94.1207
-93.9123
-93.7334
-93.5861
-93.4278
-93.2567
-93.1015
-92.9434
-92.7583
-92.5815
-92.41
-92.2113
-92.0547
-91.869
-91.6924
-91.5249
-91.3552
-91.1588
-90.965
-90.7625
-90.5819
-90.393
-90.22
-90.0492
-89.8774
-89.6562
-89.4106
-89.1995
-88.9981
-88.7779
-88.5218
-88.2706
-88.0353
-87.8097
-87.5813
-87.3483
-87.0841
-86.8467
-86.4943
-86.1281
-85.7616
-85.2744
-84.5177
-83.2918
-80.9864
-76.6711
-74.2208
-72.4693
-70.755
-69.7288
-68.8382
-68.1444
-67.6577
-67.3382
-67.0236
-66.744
-66.4761
-66.1441
-65.868
-65.6319
-65.3108
-64.962
-64.5784
-64.0927
-63.3434
-60.4642
-45.6293
