-122.394
-115.838
-114.049
-113.03
-111.925
-111.09
-110.441
-109.844
-109.266
-108.661
-108.156
-107.684
-107.21
-106.728
-106.315
-105.896
-105.491
-104.991
-104.584
-104.153
-103.812
-103.504
-103.205
-102.93
-102.675
-102.451
-102.239
-102.03
-101.855
-101.696
-101.539
-101.373
-101.229
-101.077
-100.917
-100.783
-100.663
-100.556
-100.437
-100.322
-100.17
-100.068
-99.9547
-99.839
-99.7301
-99.6134
-99.5103
-99.3875
-99.2963
-99.1898
-99.0772
-98.9797
-98.8674
-98.7568
-98.6548
-98.5267
-98.4154
-98.2957
-98.1904
-98.0924
-97.9825
-97.864
-97.7576
-97.6184
-97.5052
-97.3901
-97.2701
-97.1399
-97.0142
-96.8886
-96.7505
-96.6055
-96.4514
-96.3141
-96.1683
-96.0133
-95.8751
-95.6726
-95.5078
-95.3453
-95.1785
-94.974
-94.7936
-94.6127
-94.4072
-94.2
-93.9782
-93.8068
-93.5997
-93.3772
-93.0996
-92.8867
-92.6683
-92.4542
-92.2093
-91.9737
-91.7146
-91.4699
-91.0654
-90.4813
-85.9776
