-109.663
-104.523
-103.165
-102.011
-101.291
-100.644
-100.11
-99.6664
-99.3133
-99.0384
-98.6961
-98.4358
-98.1851
-97.9386
-97.7263
-97.533
-97.3423
-97.1258
-96.9174
-96.7178
-96.5361
-96.3487
-96.1745
-95.9719
-95.7956
-95.6253
-95.4444
-95.2868
-95.13
-94.9591
-94.7712
-94.6145
-94.4301
-94.2797
-94.1045
-93.9026
-93.7214
-93.5711
-93.4141
-93.2398
-93.0891
-92.937
-92.7539
-92.576
-92.4058
-92.2023
-92.0498
-91.8616
-91.6849
-91.5085
-91.338
-91.151
-90.9424
-90.7426
-90.545
-90.3735
-90.1882
-90.02
-89.8436
-89.6419
-89.3893
-89.1854
-88.984
-88.7559
-88.497
-88.2444
-88.0117
-87.7778
-87.5598
-87.3234
-87.0628
-86.8227
-86.467
-86.1171
-85.7538
-85.2553
-84.5066
-83.2196
-80.946
-76.6711
-74.2206
-72.4685
-70.7266
-69.726
-68.8284
-68.1253
-67.6343
-67.3247
-67.0195
-66.7282
-66.4656
-66.1345
-65.8655
-65.6246
-65.3091
-64.9547
-64.564
-64.0792
-63.2848
-60.4638
-45.6293
