-121.073
-114.518
-112.976
-111.996
-111.132
-110.479
-109.774
-109.244
-108.681
-108.219
-107.745
-107.328
-106.872
-106.476
-106.035
-105.653
-105.247
-104.772
-104.394
-104.001
-103.67
-103.357
-103.088
-102.797
-102.535
-102.328
-102.125
-101.936
-101.76
-101.608
-101.441
-101.284
-101.133
-100.982
-100.839
-100.718
-100.598
-100.487
-100.369
-100.245
-100.119
-100.008
-99.8779
-99.7655
-99.6507
-99.5606
-99.4462
-99.3354
-99.2317
-99.1271
-99.031
-98.9251
-98.8182
-98.71
-98.6092
-98.4808
-98.3636
-98.2515
-98.1423
-98.0536
-97.9533
-97.8283
-97.706
-97.5801
-97.4644
-97.3508
-97.2272
-97.1014
-96.9781
-96.8601
-96.7163
-96.5789
-96.4165
-96.2748
-96.1439
-95.9939
-95.8564
-95.6451
-95.4881
-95.3132
-95.155
-94.9493
-94.7744
-94.5872
-94.3892
-94.1837
-93.9706
-93.786
-93.584
-93.3627
-93.0823
-92.8677
-92.6587
-92.4347
-92.203
-91.9589
-91.6992
-91.4542
-91.0513
-90.48
-85.9773
