-118.33
-112.487
-111.071
-109.761
-108.922
-108.244
-107.613
-107.021
-106.486
-106.021
-105.539
-105.148
-104.731
-104.417
-104.044
-103.741
-103.407
-103.135
-102.902
-102.62
-102.384
-102.177
-101.953
-101.741
-101.582
-101.436
-101.263
-101.11
-100.957
-100.816
-100.677
-100.54
-100.411
-100.31
-100.198
-100.086
-99.9718
-99.8685
-99.768
-99.6614
-99.5499
-99.4307
-99.3215
-99.2217
-99.1349
-99.0179
-98.9141
-98.8133
-98.7198
-98.6026
-98.5075
-98.4059
-98.3131
-98.2242
-98.1313
-98.0369
-97.9488
-97.8546
-97.7647
-97.6736
-97.575
-97.4483
-97.3379
-97.212
-97.0927
-96.9949
-96.8853
-96.7752
-96.6452
-96.5416
-96.4151
-96.2663
-96.1342
-96.0189
-95.8843
-95.7395
-95.5856
-95.419
-95.2904
-95.1054
-94.9027
-94.7254
-94.5758
-94.3997
-94.2034
-94.0188
-93.8301
-93.6313
-93.44
-93.198
-92.9785
-92.7397
-92.5283
-92.3151
-92.0885
-91.8612
-91.6127
-91.3455
-90.9624
-90.3479
-85.9747
