-109.663
-104.524
-103.166
-102.046
-101.337
-100.71
-100.15
-99.7058
-99.3291
-99.0437
-98.7197
-98.4496
-98.21
-97.9775
-97.7584
-97.5594
-97.3664
-97.152
-96.9397
-96.7445
-96.5581
-96.3902
-96.2159
-96.006
-95.8279
-95.6708
-95.4767
-95.3179
-95.1543
-94.9893
-94.8019
-94.6381
-94.4528
-94.3009
-94.1232
-93.9195
-93.7518
-93.5892
-93.4378
-93.2628
-93.1135
-92.9466
-92.7682
-92.594
-92.4189
-92.2159
-92.0573
-91.8791
-91.7003
-91.5364
-91.3693
-91.1677
-90.9829
-90.7835
-90.5888
-90.4061
-90.2313
-90.0542
-89.8827
-89.6705
-89.4228
-89.2143
-89.0133
-88.8029
-88.5353
-88.2757
-88.0533
-87.8277
-87.5957
-87.3628
-87.0892
-86.8474
-86.5041
-86.1383
-85.7938
-85.2965
-84.5295
-83.3041
-80.9865
-76.6711
-74.2209
-72.4697
-70.7551
-69.7414
-68.8423
-68.1461
-67.6595
-67.3401
-67.0399
-66.7448
-66.481
-66.1486
-65.8831
-65.6361
-65.3233
-64.9627
-64.5792
-64.1174
-63.3435
-60.4644
-45.6293
