-109.662
-104.483
-103.157
-102.01
-101.279
-100.618
-100.087
-99.6227
-99.2897
-99.0056
-98.6785
-98.4063
-98.1662
-97.9214
-97.7053
-97.5136
-97.3126
-97.1001
-96.9073
-96.7006
-96.5109
-96.3166
-96.1285
-95.9324
-95.7599
-95.5889
-95.4023
-95.2513
-95.0991
-94.9257
-94.7299
-94.5822
-94.3876
-94.2526
-94.0636
-93.8736
-93.6964
-93.5385
-93.3785
-93.2153
-93.0581
-92.8903
-92.6963
-92.519
-92.3601
-92.1665
-92.007
-91.8312
-91.6482
-91.4741
-91.3065
-91.1021
-90.907
-90.7205
-90.5125
-90.3347
-90.1504
-89.9871
-89.8077
-89.5484
-89.3426
-89.1321
-88.9439
-88.6977
-88.4446
-88.2086
-87.9518
-87.7116
-87.5014
-87.2441
-87.0246
-86.7559
-86.4155
-86.0444
-85.6399
-85.1447
-84.4011
-82.9533
-80.8663
-76.6711
-74.2199
-72.4645
-70.7245
-69.7196
-68.8211
-68.1066
-67.623
-67.3064
-66.9911
-66.7119
-66.4341
-66.1133
-65.8478
-65.5918
-65.2877
-64.9302
-64.5495
-64.0615
-63.2104
-60.0904
-45.6291
