-121.798
-115.165
-113.684
-112.583
-111.691
-110.886
-110.186
-109.628
-109.077
-108.539
-108.043
-107.594
-107.074
-106.667
-106.246
-105.826
-105.428
-104.904
-104.531
-104.121
-103.769
-103.455
-103.174
-102.885
-102.635
-102.413
-102.193
-102.003
-101.828
-101.667
-101.512
-101.345
-101.2
-101.042
-100.891
-100.763
-100.639
-100.537
-100.423
-100.295
-100.155
-100.046
-99.9303
-99.818
-99.7061
-99.5966
-99.4901
-99.3689
-99.2716
-99.1652
-99.0595
-98.9618
-98.8487
-98.7438
-98.6413
-98.5115
-98.4034
-98.283
-98.1773
-98.0831
-97.9766
-97.8554
-97.7418
-97.6073
-97.4889
-97.3782
-97.2579
-97.1269
-96.9998
-96.8773
-96.7407
-96.5948
-96.4476
-96.3016
-96.1629
-96.0075
-95.8699
-95.6611
-95.5025
-95.3375
-95.1742
-94.9696
-94.7882
-94.5993
-94.4025
-94.1965
-93.9745
-93.7985
-93.5909
-93.3695
-93.0955
-92.8782
-92.661
-92.451
-92.2085
-91.9682
-91.7125
-91.462
-91.0636
-90.4809
-85.9775
