-109.657
-104.393
-102.964
-101.936
-101.154
-100.495
-99.9568
-99.5137
-99.1324
-98.8415
-98.575
-98.3111
-98.0224
-97.7991
-97.581
-97.3907
-97.1845
-96.9686
-96.7635
-96.5573
-96.3637
-96.1882
-95.9795
-95.803
-95.6404
-95.4496
-95.2692
-95.1026
-94.9135
-94.7226
-94.5727
-94.3839
-94.2227
-94.0567
-93.854
-93.6787
-93.5217
-93.3641
-93.1956
-93.0369
-92.8847
-92.6862
-92.5002
-92.3364
-92.1368
-91.9855
-91.7937
-91.635
-91.4437
-91.2831
-91.0956
-90.8712
-90.6877
-90.499
-90.3322
-90.1318
-89.9645
-89.7802
-89.5199
-89.2981
-89.098
-88.8975
-88.6595
-88.4103
-88.1966
-87.9485
-87.7121
-87.4943
-87.221
-87.0051
-86.7384
-86.4055
-86.0301
-85.6965
-85.2077
-84.5024
-83.5488
-81.6913
-79.2305
-76.0683
-73.9918
-72.275
-70.5982
-69.5868
-68.7528
-67.963
-67.5535
-67.228
-66.8797
-66.5749
-66.296
-66.0307
-65.7439
-65.4776
-65.1475
-64.8004
-64.4057
-63.9324
-62.7289
-59.1968
-45.6272
