-122.207
-115.828
-114.029
-113.019
-111.904
-111.059
-110.422
-109.816
-109.254
-108.641
-108.144
-107.673
-107.198
-106.726
-106.306
-105.889
-105.488
-104.983
-104.578
-104.144
-103.811
-103.499
-103.202
-102.929
-102.67
-102.447
-102.235
-102.028
-101.853
-101.691
-101.535
-101.369
-101.223
-101.074
-100.916
-100.78
-100.662
-100.554
-100.434
-100.321
-100.17
-100.066
-99.9527
-99.8378
-99.7284
-99.6117
-99.508
-99.3865
-99.2958
-99.1871
-99.0747
-98.9784
-98.8659
-98.7548
-98.6537
-98.5259
-98.4134
-98.2951
-98.1882
-98.0922
-97.9823
-97.8638
-97.7564
-97.6171
-97.5037
-97.3881
-97.2682
-97.1381
-97.0137
-96.8854
-96.7485
-96.6054
-96.4497
-96.3128
-96.1682
-96.0128
-95.8747
-95.6716
-95.5065
-95.3444
-95.1782
-94.9729
-94.7935
-94.6117
-94.4069
-94.1999
-93.9776
-93.8049
-93.5988
-93.3772
-93.0992
-92.8854
-92.6675
-92.4539
-92.2093
-91.9736
-91.7144
-91.4688
-91.0653
-90.4813
-85.9776
