-109.663
-104.524
-103.166
-102.014
-101.317
-100.709
-100.128
-99.7056
-99.329
-99.0435
-98.7136
-98.4487
-98.2068
-97.9765
-97.7582
-97.5557
-97.366
-97.1411
-96.9384
-96.7445
-96.5506
-96.3796
-96.208
-95.9961
-95.8269
-95.6701
-95.4741
-95.3155
-95.149
-94.9884
-94.7985
-94.6381
-94.4517
-94.3
-94.1222
-93.9147
-93.7514
-93.5886
-93.4354
-93.2586
-93.1135
-92.9434
-92.7647
-92.5894
-92.416
-92.2155
-92.0573
-91.8757
-91.6958
-91.5288
-91.3682
-91.1622
-90.9828
-90.7817
-90.5881
-90.4035
-90.229
-90.0522
-89.8797
-89.6693
-89.4131
-89.2076
-89.0127
-88.7997
-88.532
-88.2742
-88.0458
-87.8189
-87.5899
-87.36
-87.0892
-86.8472
-86.4956
-86.1313
-85.7937
-85.2894
-84.5278
-83.2992
-80.9865
-76.6711
-74.2208
-72.4696
-70.7551
-69.7394
-68.8423
-68.1461
-67.6577
-67.3383
-67.0398
-66.7447
-66.4761
-66.1447
-65.8818
-65.6345
-65.3224
-64.9623
-64.5784
-64.0955
-63.3435
-60.4644
-45.6293
