-109.642
-104.335
-102.833
-101.81
-100.968
-100.37
-99.8308
-99.3579
-99.0288
-98.6768
-98.4182
-98.159
-97.8859
-97.6487
-97.4388
-97.2611
-97.0514
-96.8583
-96.6426
-96.409
-96.2347
-96.0173
-95.8186
-95.6618
-95.472
-95.2759
-95.1179
-94.9348
-94.7354
-94.5661
-94.3897
-94.2158
-94.0551
-93.8597
-93.6952
-93.5259
-93.3412
-93.1684
-93.0198
-92.8566
-92.6682
-92.469
-92.303
-92.1222
-91.9426
-91.764
-91.5832
-91.4182
-91.2262
-91.018
-90.8098
-90.623
-90.4494
-90.2586
-90.0776
-89.9036
-89.7294
-89.4736
-89.2618
-89.054
-88.8587
-88.6242
-88.3795
-88.1622
-87.9253
-87.687
-87.4705
-87.2119
-86.9783
-86.6983
-86.3697
-86.0102
-85.6798
-85.2556
-84.6376
-83.849
-82.377
-80.3643
-77.7944
-75.3876
-73.5525
-71.8592
-70.363
-69.3488
-68.6068
-67.8156
-67.4463
-67.11
-66.8009
-66.4908
-66.1878
-65.8867
-65.6313
-65.3336
-64.9809
-64.6634
-64.2367
-63.6636
-61.9921
-58.4472
-45.3761
