-2.98974
-0.932598
-0.389505
-0.0287521
0.263659
0.495654
0.708993
0.881621
1.08486
1.27198
1.43143
1.60001
1.77725
1.93713
2.1194
2.27636
2.4185
2.57784
2.74116
2.89595
3.04331
3.21379
3.34518
3.49109
3.65063
3.80982
3.97938
4.12799
4.27832
4.41038
4.53671
4.69421
4.86624
5.02161
5.16001
5.2999
5.48125
5.63406
5.76975
5.92565
6.09864
6.24445
6.41389
6.55749
6.71521
6.85635
7.0373
7.2155
7.38074
7.54837
7.70958
7.88467
8.0606
8.2251
8.39739
8.57587
8.74753
8.93413
9.09832
9.28713
9.47953
9.67568
9.88233
10.058
10.2419
10.4347
10.6145
10.8195
11.0247
11.2573
11.5201
11.718
11.9824
12.2271
12.4781
12.7372
13.0206
13.2659
13.508
13.7614
14.0977
14.4098
14.698
15.0118
15.4342
15.8314
16.1869
16.5797
16.9534
17.4011
17.8839
18.3898
18.8933
19.456
20.0613
20.8061
21.7114
22.6825
24.0171
25.8366
29.2875
