-2.97865
-0.931645
-0.389466
-0.0261842
0.267877
0.496031
0.710423
0.885376
1.08512
1.27238
1.43248
1.6034
1.78501
1.94353
2.12824
2.27984
2.42036
2.58055
2.74191
2.89932
3.05048
3.2172
3.3506
3.49804
3.65844
3.81353
3.98101
4.14088
4.28005
4.41324
4.54126
4.70704
4.86696
5.02749
5.16485
5.31062
5.48406
5.64003
5.77793
5.93882
6.11111
6.2566
6.42035
6.56736
6.72441
6.87647
7.04544
7.2216
7.38814
7.56322
7.73003
7.89772
8.0662
8.2317
8.41622
8.58828
8.76397
8.94765
9.12305
9.30585
9.50264
9.69352
9.90724
10.0823
10.2738
10.4673
10.6441
10.8648
11.0607
11.2884
11.5525
11.7563
12.0233
12.2791
12.5515
12.8188
13.088
13.3384
13.5749
13.863
14.2238
14.5504
14.8352
15.2157
15.6152
16.0508
16.4596
16.8927
17.257
17.8341
18.3377
18.8707
19.465
20.0387
20.7108
21.5917
22.3115
23.4014
24.8511
26.4408
29.3074
