-24.7175
-20.1562
-18.909
-17.9884
-17.2653
-16.7242
-16.2226
-15.7968
-15.3842
-14.9949
-14.5551
-14.1454
-13.7878
-13.3957
-13.1293
-12.8517
-12.54
-12.2443
-11.9679
-11.742
-11.4439
-11.1796
-10.9307
-10.6757
-10.4462
-10.1652
-9.95322
-9.70633
-9.47589
-9.2807
-9.04881
-8.80409
-8.55751
-8.30878
-8.09408
-7.85525
-7.62728
-7.4017
-7.1463
-6.90679
-6.67656
-6.44946
-6.19682
-5.95433
-5.72786
-5.49736
-5.21656
-4.97646
-4.6917
-4.45282
-4.1578
-3.8478
-3.54804
-3.23472
-2.921
-2.57209
-2.21063
-1.8203
-1.42699
-1.07931
-0.719626
-0.387091
-0.0394915
0.320438
0.610617
0.978083
1.30127
1.55972
1.79742
2.04743
2.27863
2.5229
2.72929
2.96459
3.21335
3.45535
3.68857
3.90099
4.0835
4.32992
4.57572
4.84002
5.10226
5.33796
5.61702
5.88036
6.13537
6.39978
6.64829
6.92889
7.20898
7.49634
7.76923
8.05199
8.41197
8.82417
9.27354
9.89815
10.7271
11.5361
12.8698
