-3.01626
-0.93517
-0.392527
-0.031731
0.254112
0.49486
0.708295
0.876534
1.07893
1.26129
1.42069
1.59146
1.76855
1.92932
2.10565
2.26251
2.40988
2.56863
2.73259
2.88338
3.0325
3.20086
3.33851
3.47221
3.63569
3.8066
3.96839
4.11643
4.26483
4.39469
4.53
4.68705
4.84993
5.00246
5.14583
5.28476
5.46573
5.59617
5.74559
5.89706
6.07654
6.22188
6.38625
6.52638
6.67907
6.83193
7.01147
7.17848
7.35533
7.51745
7.67689
7.84864
8.01004
8.19473
8.3681
8.53853
8.69002
8.8722
9.02895
9.23448
9.40253
9.58887
9.77035
9.95336
10.1249
10.3219
10.5126
10.7216
10.9112
11.1218
11.3179
11.5564
11.7437
12.0015
12.2422
12.5085
12.7817
13.0067
13.2488
13.475
13.7503
14.0608
14.3662
14.6793
14.9689
15.3958
15.7931
16.1452
16.5933
16.9693
17.4762
17.9904
18.5695
19.0938
19.7065
20.4636
21.3255
22.291
23.4204
25.5255
29.24
