-2.97742
-0.931621
-0.389461
-0.0261683
0.267951
0.496063
0.71082
0.885383
1.08515
1.27252
1.43265
1.60343
1.78642
1.94357
2.1292
2.2799
2.42113
2.58055
2.74199
2.89935
3.05166
3.21727
3.35062
3.49825
3.65863
3.81357
3.98112
4.14089
4.28086
4.41327
4.54232
4.70705
4.86946
5.02771
5.16739
5.31095
5.48733
5.64034
5.7787
5.93886
6.11111
6.2567
6.42039
6.56737
6.72443
6.87927
7.04808
7.22534
7.38816
7.56322
7.73003
7.89797
8.06638
8.23911
8.41634
8.58832
8.76402
8.95288
9.12394
9.30972
9.50271
9.69528
9.90816
10.0853
10.2743
10.4754
10.6451
10.8675
11.0635
11.2911
11.5593
11.759
12.0238
12.2814
12.5533
12.8192
13.0994
13.3447
13.5823
13.871
14.2289
14.5636
14.8541
15.2364
15.6225
16.053
16.4698
16.9052
17.2846
17.8546
18.3847
18.9105
19.5202
20.1221
20.8252
21.7404
22.4766
23.6148
25.1487
26.8908
29.3996
