-23.2351
-18.4475
-16.7773
-15.7861
-15.102
-14.4936
-14.0072
-13.5608
-13.0485
-12.6723
-12.2503
-11.9121
-11.5596
-11.2353
-10.9307
-10.6428
-10.3267
-10.0605
-9.76997
-9.49564
-9.22176
-8.97856
-8.73565
-8.48308
-8.18243
-7.94253
-7.66908
-7.45878
-7.21725
-6.98791
-6.75555
-6.51062
-6.29384
-6.05569
-5.82804
-5.63724
-5.42392
-5.19458
-4.96992
-4.75159
-4.50225
-4.24298
-4.01866
-3.74487
-3.48974
-3.22146
-2.9302
-2.67636
-2.40062
-2.13701
-1.82531
-1.53665
-1.25391
-0.910557
-0.618535
-0.231861
0.0882999
0.438702
0.721183
1.03693
1.33917
1.64598
1.98102
2.27698
2.59518
2.86589
3.14075
3.40296
3.67326
3.97474
4.28914
4.58642
4.87968
5.20295
5.55179
5.84647
6.13731
6.44181
6.71094
6.96573
7.19001
7.44665
7.68003
7.91143
8.16311
8.35207
8.55861
8.78207
9.03613
9.29949
9.53262
9.79948
10.0791
10.3616
10.7934
11.2784
11.7187
12.1414
12.4755
12.7923
13.1183
