-2.98132
-0.931785
-0.389475
-0.0264769
0.26666
0.495961
0.709996
0.885361
1.08505
1.27201
1.43242
1.60332
1.78122
1.94346
2.1225
2.2797
2.41991
2.58054
2.74173
2.89925
3.04962
3.21582
3.35056
3.49795
3.65513
3.81201
3.98088
4.13937
4.27959
4.41168
4.54119
4.70338
4.86695
5.027
5.16281
5.30669
5.48225
5.63885
5.77569
5.93872
6.10306
6.25497
6.41679
6.56727
6.72434
6.8727
7.0435
7.21795
7.38809
7.55874
7.72697
7.89496
8.06428
8.23167
8.41356
8.58489
8.75663
8.9445
9.1207
9.30032
9.50097
9.69221
9.90111
10.0776
10.2732
10.4585
10.6375
10.8474
11.0543
11.2721
11.5382
11.7475
12.0108
12.2735
12.5427
12.8108
13.0737
13.3174
13.5705
13.8434
14.1997
14.5243
14.8248
15.181
15.585
16.0165
16.4053
16.8272
17.2169
17.7394
18.1869
18.7375
19.2829
19.7913
20.4889
21.2764
22.0594
23.0082
24.4309
26.2124
29.3026
