-23.2359
-18.49
-16.8775
-15.8619
-15.2023
-14.5843
-14.1094
-13.6661
-13.1368
-12.764
-12.3637
-11.9948
-11.6496
-11.3498
-11.0443
-10.7483
-10.4438
-10.1585
-9.86906
-9.61178
-9.33305
-9.09001
-8.87374
-8.60323
-8.30014
-8.06651
-7.78148
-7.55389
-7.33267
-7.11114
-6.87415
-6.64096
-6.39678
-6.21166
-5.95591
-5.73383
-5.54621
-5.30295
-5.07963
-4.89492
-4.65873
-4.35597
-4.12852
-3.89785
-3.61715
-3.36782
-3.07501
-2.82986
-2.54895
-2.28693
-1.9841
-1.69982
-1.40503
-1.06327
-0.750777
-0.408742
-0.0469976
0.283267
0.592797
0.903165
1.22048
1.52898
1.8888
2.16803
2.48219
2.72764
3.00547
3.28179
3.55134
3.87196
4.21753
4.48101
4.77759
5.09289
5.41627
5.73028
6.03134
6.29189
6.5821
6.85138
7.06898
7.30128
7.56151
7.81001
8.01402
8.2115
8.41335
8.65713
8.91094
9.14814
9.36257
9.64899
9.91585
10.2268
10.5655
11.0549
11.4819
11.8398
12.2341
12.6173
13.1034
