-23.2351
-18.4516
-16.7814
-15.7958
-15.1092
-14.4953
-14.0115
-13.5617
-13.0489
-12.6763
-12.2518
-11.9162
-11.564
-11.2406
-10.9343
-10.6431
-10.3313
-10.0625
-9.77693
-9.50026
-9.22629
-8.97944
-8.73945
-8.48778
-8.18823
-7.946
-7.67844
-7.45993
-7.22145
-6.9918
-6.76054
-6.52174
-6.30004
-6.06211
-5.8312
-5.64688
-5.42751
-5.19722
-4.97049
-4.75878
-4.5066
-4.24529
-4.02094
-3.74542
-3.49856
-3.22273
-2.93375
-2.6803
-2.40653
-2.14171
-1.83076
-1.55858
-1.25512
-0.9171
-0.622728
-0.240616
0.0846017
0.436265
0.717736
1.03558
1.33818
1.64056
1.97888
2.27624
2.5843
2.85978
3.13595
3.39906
3.66701
3.96248
4.28889
4.58524
4.87719
5.20011
5.55024
5.84153
6.13467
6.43624
6.70694
6.96196
7.18776
7.44135
7.67501
7.91101
8.1621
8.34879
8.55211
8.77999
9.03383
9.29756
9.52548
9.79502
10.0685
10.3519
10.7918
11.2752
11.7144
12.1276
12.4708
12.7813
13.1176
