-23.2352
-18.4536
-16.7904
-15.8024
-15.1143
-14.506
-14.0142
-13.5682
-13.0618
-12.687
-12.2591
-11.9189
-11.5714
-11.2502
-10.9434
-10.6539
-10.3366
-10.0665
-9.78079
-9.50406
-9.23664
-8.98988
-8.75174
-8.49165
-8.19473
-7.95165
-7.68636
-7.46255
-7.22526
-7.00319
-6.77272
-6.53791
-6.3077
-6.07462
-5.83506
-5.6537
-5.43837
-5.20021
-4.97482
-4.77155
-4.51481
-4.25836
-4.02775
-3.75109
-3.50618
-3.23342
-2.94349
-2.6893
-2.42027
-2.15119
-1.84644
-1.56211
-1.26274
-0.928147
-0.630446
-0.245627
0.0715925
0.422824
0.69661
1.0236
1.33516
1.63177
1.96876
2.2702
2.57507
2.85551
3.13407
3.38896
3.65507
3.95454
4.28079
4.57062
4.86051
5.18929
5.54507
5.82535
6.12214
6.42196
6.70083
6.95786
7.18067
7.43215
7.66519
7.89164
8.15115
8.33936
8.54138
8.77528
9.02383
9.28374
9.51922
9.77467
10.0663
10.3388
10.7787
11.2658
11.6954
12.0988
12.4432
12.7673
13.1161
