-2.97745
-0.931622
-0.389461
-0.0261688
0.267948
0.496062
0.710819
0.885383
1.08515
1.27252
1.43264
1.60343
1.78641
1.94357
2.12919
2.2799
2.42111
2.58055
2.74199
2.89935
3.05151
3.21727
3.35062
3.49821
3.65863
3.81356
3.98111
4.14088
4.28085
4.41327
4.54228
4.70705
4.86946
5.02771
5.16739
5.31094
5.48733
5.64033
5.7787
5.93886
6.11111
6.2567
6.42039
6.56737
6.72443
6.87927
7.04807
7.22534
7.38816
7.56322
7.73003
7.89797
8.06637
8.2391
8.41634
8.58832
8.76402
8.95288
9.12393
9.30972
9.50271
9.69504
9.90816
10.0853
10.2742
10.4754
10.6451
10.8675
11.0612
11.2911
11.5592
11.759
12.0234
12.2814
12.5533
12.8192
13.0994
13.3444
13.5823
13.871
14.2289
14.5636
14.8541
15.2363
15.6225
16.0528
16.4698
16.9049
17.2845
17.848
18.3845
18.9105
19.5202
20.1221
20.8248
21.7204
22.4689
23.6124
25.1025
26.8907
29.3836
