-23.2351
-18.4476
-16.7773
-15.7862
-15.1021
-14.4936
-14.0072
-13.5608
-13.0485
-12.6723
-12.2503
-11.9121
-11.5597
-11.2354
-10.9307
-10.6428
-10.3267
-10.0605
-9.76998
-9.49565
-9.22177
-8.97857
-8.73568
-8.48309
-8.18249
-7.9427
-7.66918
-7.45879
-7.21725
-6.98792
-6.75556
-6.51065
-6.29386
-6.05583
-5.82804
-5.63734
-5.42396
-5.19461
-4.96993
-4.75185
-4.50226
-4.243
-4.01866
-3.74487
-3.48987
-3.22149
-2.93027
-2.67637
-2.40062
-2.13704
-1.82536
-1.53689
-1.25392
-0.910562
-0.61857
-0.232027
0.0882792
0.438699
0.721149
1.03692
1.33916
1.64597
1.98102
2.27697
2.5951
2.86588
3.14074
3.40295
3.67325
3.97473
4.28914
4.58641
4.87967
5.20295
5.55179
5.84625
6.13724
6.4418
6.7109
6.96572
7.18987
7.4466
7.67999
7.91143
8.16305
8.35203
8.55855
8.78205
9.03611
9.29947
9.53261
9.7993
10.0791
10.3616
10.7934
11.2784
11.7187
12.1414
12.4751
12.792
13.1182
