-5.28688
-2.83339
-1.76073
-1.1808
-0.758
-0.410006
-0.158321
0.0941753
0.312189
0.540358
0.705999
0.855317
1.03559
1.19061
1.35288
1.49594
1.63921
1.8017
1.95209
2.10967
2.25525
2.39399
2.55307
2.69794
2.84402
2.98125
3.13943
3.26811
3.40912
3.56449
3.70497
3.86064
3.98698
4.15278
4.27507
4.41121
4.53518
4.67587
4.82983
4.97582
5.12457
5.25639
5.41039
5.54952
5.69498
5.85139
6.00426
6.15211
6.31053
6.47354
6.61134
6.75982
6.92094
7.09055
7.2615
7.42945
7.58291
7.76174
7.91437
8.0939
8.26034
8.43765
8.62995
8.81228
8.96175
9.12835
9.31979
9.52686
9.70439
9.88836
10.0608
10.2681
10.4624
10.6701
10.8831
11.1079
11.3383
11.5567
11.8136
12.0699
12.3004
12.5793
12.8102
13.0346
13.2633
13.5471
13.8715
14.1936
14.5126
14.8391
15.2759
15.7644
16.2222
16.7388
17.3364
18.0754
18.7753
19.8946
21.3363
23.3797
28.7735
