-28.8981
-23.1156
-21.7436
-20.9603
-20.1905
-19.4427
-18.8778
-18.3637
-17.8878
-17.394
-17.0446
-16.6156
-16.2161
-15.8646
-15.5741
-15.2603
-14.9349
-14.6148
-14.3264
-14.0099
-13.7101
-13.4222
-13.186
-12.934
-12.7002
-12.45
-12.2171
-12.0028
-11.7687
-11.5049
-11.289
-11.0483
-10.7831
-10.5348
-10.2734
-10.0267
-9.76215
-9.50097
-9.22889
-8.96112
-8.69304
-8.44057
-8.21218
-7.96531
-7.66146
-7.4424
-7.22357
-6.97009
-6.72992
-6.4304
-6.18398
-5.89654
-5.59202
-5.28003
-4.92786
-4.55337
-4.21027
-3.87769
-3.53143
-3.21152
-2.8768
-2.52378
-2.2252
-1.94386
-1.70946
-1.43339
-1.16781
-0.941426
-0.678862
-0.367244
-0.151272
0.0968937
0.367632
0.597103
0.846443
1.0665
1.31143
1.60779
1.87637
2.13676
2.39619
2.7143
3.01501
3.27449
3.56826
3.89019
4.19693
4.50139
4.82504
5.10799
5.39671
5.7283
6.06448
6.39064
6.82399
7.23747
7.7071
8.36684
9.14034
10.3254
12.494
