-23.2351
-18.4488
-16.7786
-15.7892
-15.1052
-14.4941
-14.0086
-13.5611
-13.0487
-12.6727
-12.2512
-11.9124
-11.561
-11.237
-10.9311
-10.6429
-10.3273
-10.0609
-9.77145
-9.49683
-9.22179
-8.97884
-8.7365
-8.48321
-8.18426
-7.94496
-7.67227
-7.45895
-7.21739
-6.98875
-6.75583
-6.51156
-6.29642
-6.06003
-5.83071
-5.63855
-5.42492
-5.19568
-4.97033
-4.75551
-4.50235
-4.24371
-4.01882
-3.74504
-3.49396
-3.22226
-2.93157
-2.67662
-2.40197
-2.13937
-1.82674
-1.54411
-1.25429
-0.912404
-0.620409
-0.235879
0.0865404
0.438593
0.720418
1.03654
1.33886
1.64266
1.98057
2.27674
2.59227
2.86575
3.13756
3.40286
3.66943
3.96567
4.28906
4.58624
4.8796
5.2018
5.55135
5.84308
6.13578
6.4383
6.70862
6.96538
7.18841
7.44497
7.6789
7.9113
8.16232
8.3508
8.55646
8.78141
9.0354
9.29888
9.53187
9.79796
10.0762
10.3597
10.7929
11.278
11.7173
12.1368
12.4715
12.7851
13.118
