-2.97754
-0.931623
-0.389462
-0.0261699
0.267943
0.49606
0.710817
0.885382
1.08514
1.27252
1.43261
1.60343
1.7864
1.94357
2.12915
2.2799
2.42105
2.58055
2.74198
2.89935
3.05118
3.21721
3.35062
3.49813
3.65863
3.81356
3.9811
4.14088
4.28083
4.41327
4.5422
4.70705
4.86946
5.02769
5.16739
5.31092
5.48733
5.64005
5.7787
5.93886
6.11111
6.2567
6.42039
6.56737
6.72443
6.87927
7.048
7.22534
7.38816
7.56322
7.73003
7.89797
8.06636
8.2391
8.41634
8.58831
8.76402
8.95288
9.12393
9.30971
9.5027
9.69453
9.90816
10.0853
10.274
10.4754
10.6451
10.8675
11.061
11.2911
11.5592
11.759
12.0233
12.2814
12.5533
12.8191
13.0994
13.3441
13.5823
13.871
14.2287
14.5623
14.8541
15.2349
15.6224
16.0524
16.4698
16.8992
17.2842
17.848
18.3842
18.9075
19.519
20.1215
20.8239
21.7098
22.4511
23.6026
25.0851
26.8702
29.3751
