-23.2377
-18.5495
-17.0326
-16.0743
-15.3627
-14.7623
-14.2961
-13.8145
-13.3202
-12.9432
-12.5569
-12.1817
-11.8786
-11.5623
-11.258
-10.962
-10.6734
-10.3807
-10.09
-9.83702
-9.58798
-9.31911
-9.07981
-8.81394
-8.57273
-8.27932
-8.01031
-7.75525
-7.56282
-7.35623
-7.10225
-6.87139
-6.66728
-6.44981
-6.2146
-5.95386
-5.74899
-5.55719
-5.34385
-5.13131
-4.89475
-4.65093
-4.38185
-4.15669
-3.8777
-3.62533
-3.37115
-3.09519
-2.81728
-2.53682
-2.25472
-1.97252
-1.67879
-1.34025
-1.00575
-0.689455
-0.290827
0.034136
0.347918
0.644989
0.982443
1.31088
1.63405
1.94001
2.24577
2.54064
2.83361
3.10405
3.3922
3.68272
3.99524
4.29107
4.55886
4.86891
5.21647
5.52511
5.78835
6.08251
6.35801
6.62645
6.85714
7.08869
7.32548
7.54926
7.7246
7.92656
8.15076
8.37899
8.58844
8.8354
9.07812
9.338
9.59607
9.85724
10.1971
10.5846
10.9894
11.4616
11.9673
12.4461
13.0745
