-15.2748
-12.1443
-10.343
-8.88105
-7.59149
-6.52928
-5.24428
-4.28025
-3.55228
-2.92254
-2.20301
-1.7466
-1.33134
-1.00175
-0.747799
-0.487281
-0.233394
-0.0200271
0.166813
0.342687
0.531448
0.69733
0.832114
1.00119
1.15125
1.31919
1.48119
1.63553
1.79582
1.94554
2.0863
2.2425
2.37967
2.5119
2.6578
2.826
2.95951
3.08374
3.21868
3.35766
3.51067
3.65093
3.79807
3.93765
4.07604
4.20926
4.33882
4.49365
4.67403
4.83845
4.97732
5.11798
5.25187
5.39888
5.53468
5.70792
5.85557
6.01933
6.15006
6.29773
6.42998
6.55939
6.68947
6.84523
6.98953
7.14308
7.29682
7.42623
7.59682
7.72434
7.89381
8.07032
8.22854
8.38723
8.56613
8.7417
8.90572
9.10518
9.28268
9.52317
9.7336
9.98023
10.202
10.4692
10.728
11.0077
11.3716
11.6763
12.0279
12.3668
12.7723
13.2332
13.7053
14.2116
14.7604
15.6352
16.3239
17.3545
18.9357
21.562
28.5688
