-23.2351
-18.4479
-16.7777
-15.7871
-15.1031
-14.4937
-14.0076
-13.5609
-13.0486
-12.6724
-12.2506
-11.9122
-11.5601
-11.2359
-10.9309
-10.6428
-10.3269
-10.0607
-9.77003
-9.49578
-9.22177
-8.97865
-8.73592
-8.48312
-8.18301
-7.94389
-7.66949
-7.45883
-7.21729
-6.98797
-6.75564
-6.51092
-6.29405
-6.05706
-5.82877
-5.6382
-5.42428
-5.19493
-4.97005
-4.75421
-4.50228
-4.24321
-4.01871
-3.74492
-3.49108
-3.22179
-2.93082
-2.67644
-2.40065
-2.13771
-1.82576
-1.53901
-1.25403
-0.910606
-0.618877
-0.233519
0.0882009
0.438667
0.720838
1.0368
1.33907
1.64591
1.98093
2.2769
2.59436
2.86585
3.14064
3.40292
3.67135
3.97472
4.28912
4.58636
4.87965
5.20275
5.5517
5.84514
6.13658
6.44176
6.71053
6.96562
7.18861
7.44612
7.67952
7.91139
8.16243
8.35167
8.55792
8.78186
9.0359
9.29929
9.53255
9.79807
10.079
10.361
10.7933
11.2782
11.7183
12.1404
12.4717
12.7889
13.1182
