-124.692
-117.279
-115.983
-114.831
-114.008
-113.252
-112.667
-112.143
-111.636
-111.193
-110.786
-110.384
-110.062
-109.752
-109.391
-109.138
-108.892
-108.668
-108.427
-108.206
-107.992
-107.785
-107.596
-107.376
-107.196
-107.012
-106.814
-106.64
-106.455
-106.306
-106.144
-105.975
-105.825
-105.672
-105.51
-105.342
-105.209
-105.1
-104.951
-104.793
-104.64
-104.48
-104.334
-104.18
-104.039
-103.908
-103.757
-103.608
-103.473
-103.342
-103.204
-103.047
-102.916
-102.801
-102.675
-102.508
-102.364
-102.208
-102.076
-101.955
-101.807
-101.658
-101.548
-101.412
-101.253
-101.106
-100.955
-100.811
-100.658
-100.511
-100.354
-100.194
-100.057
-99.8907
-99.7204
-99.5532
-99.3776
-99.1995
-99.0093
-98.8247
-98.6413
-98.4241
-98.235
-98.0545
-97.8291
-97.5701
-97.2775
-97.0404
-96.7776
-96.4611
-96.1409
-95.8108
-95.4892
-95.1454
-94.7195
-94.3633
-93.9274
-93.4588
-92.8925
-92.2151
-88.658
