-121.081
-115.463
-113.978
-112.928
-112.146
-111.348
-110.664
-110.157
-109.668
-109.235
-108.81
-108.428
-108.011
-107.672
-107.322
-106.988
-106.658
-106.338
-106.046
-105.753
-105.411
-105.121
-104.836
-104.556
-104.26
-104.019
-103.728
-103.443
-103.147
-102.829
-102.612
-102.342
-102.091
-101.784
-101.553
-101.28
-101.014
-100.75
-100.436
-100.121
-99.8564
-99.5652
-99.3024
-99.0449
-98.7559
-98.4651
-98.1369
-97.8396
-97.5454
-97.2518
-96.8767
-96.5562
-96.1901
-95.8384
-95.5303
-95.1569
-94.712
-94.3842
-93.9461
-93.5406
-93.1282
-92.6846
-92.2316
-91.703
-91.2308
-90.6838
-90.1248
-89.5921
-89.0922
-88.4745
-87.8113
-87.0483
-86.4387
-85.6815
-84.9136
-84.373
-83.7745
-83.1475
-82.4839
-81.8939
-81.3655
-80.7764
-80.2112
-79.6296
-79.0445
-78.3981
-77.8459
-77.1913
-76.5375
-75.8402
-75.0105
-74.2184
-73.2351
-71.9256
-70.6561
-68.9415
-67.1876
-64.3865
-61.0122
-56.9848
-41.6733
