-124.181
-116.803
-115.182
-114.164
-113.336
-112.654
-112.097
-111.565
-111.104
-110.661
-110.253
-109.911
-109.552
-109.2
-108.963
-108.74
-108.482
-108.268
-108.03
-107.849
-107.661
-107.437
-107.235
-107.065
-106.86
-106.69
-106.523
-106.347
-106.186
-106.034
-105.867
-105.72
-105.583
-105.422
-105.251
-105.133
-105.002
-104.862
-104.714
-104.577
-104.418
-104.278
-104.129
-103.994
-103.864
-103.717
-103.566
-103.431
-103.306
-103.184
-103.049
-102.91
-102.791
-102.651
-102.523
-102.37
-102.235
-102.081
-101.954
-101.828
-101.686
-101.564
-101.424
-101.273
-101.155
-100.991
-100.857
-100.706
-100.572
-100.399
-100.262
-100.105
-99.9436
-99.7746
-99.6167
-99.4593
-99.2861
-99.1052
-98.9218
-98.733
-98.5342
-98.3539
-98.1699
-97.9878
-97.7579
-97.4943
-97.1897
-96.9609
-96.6999
-96.3861
-96.0786
-95.7476
-95.431
-95.0772
-94.6771
-94.3165
-93.8901
-93.4148
-92.8847
-92.2151
-88.6579
