-128.89
-120.584
-118.335
-116.985
-115.696
-114.74
-113.895
-113.272
-112.661
-112.053
-111.611
-111.127
-110.582
-110.122
-109.604
-109.224
-108.867
-108.531
-108.191
-107.855
-107.46
-107.122
-106.784
-106.434
-106.07
-105.731
-105.449
-105.145
-104.798
-104.456
-104.148
-103.793
-103.508
-103.19
-102.9
-102.585
-102.274
-101.998
-101.68
-101.378
-101.073
-100.75
-100.399
-100.085
-99.7508
-99.4825
-99.1693
-98.8425
-98.5003
-98.1655
-97.8095
-97.4791
-97.1102
-96.7026
-96.2907
-95.936
-95.6148
-95.2111
-94.7367
-94.3241
-93.8553
-93.5011
-93.1059
-92.619
-92.1463
-91.6725
-91.211
-90.7615
-90.2382
-89.7144
-89.2321
-88.6394
-88.0454
-87.4783
-86.9295
-86.4245
-85.8576
-85.2064
-84.6269
-84.0855
-83.3969
-82.8491
-82.1913
-81.5496
-80.8232
-80.112
-79.4641
-78.8172
-77.981
-77.1537
-76.1667
-75.1308
-74.2294
-72.9533
-71.5616
-69.7604
-67.9987
-64.8204
-61.7395
-57.0416
-41.6811
