-127.085
-119.427
-117.516
-116.081
-114.858
-113.998
-113.325
-112.677
-112.061
-111.536
-111.056
-110.556
-110.115
-109.634
-109.207
-108.822
-108.515
-108.19
-107.815
-107.452
-107.141
-106.782
-106.427
-106.107
-105.783
-105.489
-105.187
-104.853
-104.555
-104.223
-103.883
-103.563
-103.231
-102.972
-102.702
-102.369
-102.117
-101.826
-101.523
-101.202
-100.932
-100.522
-100.244
-99.9535
-99.614
-99.3256
-99.0241
-98.6873
-98.3476
-98.0477
-97.7035
-97.3455
-96.9659
-96.5837
-96.1571
-95.8322
-95.454
-95.0164
-94.5792
-94.171
-93.7333
-93.3745
-92.9585
-92.4889
-91.9256
-91.4467
-90.9887
-90.4892
-89.9672
-89.4743
-88.94
-88.34
-87.6834
-87.0851
-86.5595
-86.0798
-85.4452
-84.8027
-84.2868
-83.6577
-83.0577
-82.4874
-81.9295
-81.262
-80.4963
-79.8491
-79.2023
-78.4935
-77.7579
-76.9657
-76.0075
-74.9964
-74.0857
-72.7423
-71.4443
-69.6953
-67.9787
-64.7623
-61.5345
-57.0392
-41.6803
