-102.946
-99.7838
-98.8419
-98.2585
-97.7751
-97.3425
-96.9301
-96.6107
-96.2635
-95.9121
-95.6144
-95.3128
-95.0258
-94.7918
-94.5239
-94.2967
-94.0576
-93.8235
-93.5836
-93.3362
-93.1286
-92.9015
-92.6621
-92.4436
-92.2049
-91.9682
-91.7634
-91.5491
-91.3663
-91.1847
-91.0079
-90.8169
-90.6229
-90.4254
-90.2456
-90.0583
-89.8728
-89.6597
-89.4982
-89.3051
-89.0954
-88.8924
-88.7163
-88.5029
-88.3091
-88.0893
-87.8599
-87.6401
-87.3844
-87.1832
-86.9614
-86.6975
-86.4395
-86.1767
-85.936
-85.6595
-85.3984
-85.1314
-84.8178
-84.4544
-84.124
-83.7203
-83.3224
-82.9088
-82.4462
-81.9956
-81.5493
-80.9879
-80.4361
-79.8499
-79.1797
-78.5873
-77.8484
-76.8177
-75.8717
-74.6967
-73.2355
-71.5737
-70.0657
-68.8503
-67.9517
-67.3426
-67.0544
-66.7119
-66.3711
-66.03
-65.6593
-65.2274
-64.7774
-64.3246
-63.6795
-62.939
-62.0746
-61.0862
-60.0433
-58.7266
-57.0162
-54.815
-52.1589
-48.5808
-39.4494
