-118.811
-114.174
-112.57
-111.499
-110.66
-109.929
-109.412
-108.958
-108.507
-108.197
-107.871
-107.6
-107.349
-107.109
-106.833
-106.613
-106.392
-106.158
-105.957
-105.726
-105.561
-105.367
-105.201
-105.032
-104.844
-104.69
-104.53
-104.35
-104.172
-104.032
-103.896
-103.761
-103.596
-103.427
-103.282
-103.148
-103.007
-102.861
-102.711
-102.587
-102.454
-102.307
-102.169
-102.046
-101.913
-101.773
-101.637
-101.49
-101.36
-101.217
-101.086
-100.972
-100.845
-100.725
-100.591
-100.451
-100.333
-100.188
-100.065
-99.9192
-99.7959
-99.6349
-99.4737
-99.3312
-99.1727
-99.0429
-98.8908
-98.7424
-98.5686
-98.4135
-98.2234
-98.0644
-97.9002
-97.7312
-97.5562
-97.3675
-97.1796
-96.9833
-96.7804
-96.5981
-96.3811
-96.1542
-95.9266
-95.7065
-95.4963
-95.2755
-95.0511
-94.8477
-94.5863
-94.3497
-94.1086
-93.8186
-93.5539
-93.3073
-93.0074
-92.7328
-92.4588
-92.0485
-91.5295
-90.7867
-78.7761
