-107.848
-104.275
-103.315
-102.681
-102.119
-101.651
-101.224
-100.865
-100.471
-100.114
-99.8142
-99.5223
-99.2772
-99.0098
-98.7395
-98.4778
-98.1797
-97.9518
-97.6818
-97.4411
-97.2276
-96.9824
-96.7398
-96.4796
-96.2731
-96.0546
-95.834
-95.6423
-95.4275
-95.2543
-95.0494
-94.8586
-94.6462
-94.4211
-94.2009
-94.0172
-93.7994
-93.5711
-93.3784
-93.1659
-92.9513
-92.7464
-92.5365
-92.3205
-92.0942
-91.85
-91.6283
-91.4284
-91.1756
-90.9685
-90.7246
-90.4882
-90.2385
-89.9668
-89.6965
-89.4195
-89.091
-88.7378
-88.4207
-88.0549
-87.6622
-87.2989
-86.8927
-86.4945
-86.0221
-85.5105
-85.023
-84.4873
-83.8935
-83.3311
-82.6233
-81.8487
-81.0964
-80.2784
-79.2113
-77.8876
-76.5484
-75.4914
-74.2256
-73.1688
-72.2992
-71.8647
-71.4784
-71.0811
-70.6629
-70.3059
-69.8869
-69.5052
-69.0314
-68.4382
-67.8076
-66.9982
-66.0819
-65.0674
-64.0448
-62.6528
-60.6896
-58.411
-55.7054
-51.9381
-41.4417
