-124.692
-118.036
-116.249
-114.9
-113.874
-113.068
-112.399
-111.779
-111.21
-110.758
-110.213
-109.828
-109.377
-108.964
-108.566
-108.215
-107.942
-107.605
-107.2
-106.884
-106.56
-106.264
-105.923
-105.581
-105.296
-105.008
-104.719
-104.435
-104.108
-103.812
-103.483
-103.156
-102.887
-102.686
-102.339
-102.025
-101.77
-101.48
-101.163
-100.909
-100.535
-100.25
-99.9514
-99.6611
-99.4061
-99.089
-98.7893
-98.448
-98.1375
-97.7754
-97.4922
-97.1133
-96.7559
-96.3677
-95.9724
-95.6168
-95.2686
-94.7778
-94.3707
-93.8814
-93.5398
-93.14
-92.7137
-92.2134
-91.6839
-91.1895
-90.7066
-90.1555
-89.6217
-89.1334
-88.5256
-87.9011
-87.2385
-86.6314
-85.9858
-85.4484
-84.8276
-84.2913
-83.7355
-83.0771
-82.4681
-81.9711
-81.3697
-80.6403
-80.017
-79.4532
-78.7988
-78.1577
-77.4068
-76.6326
-75.7312
-74.7491
-73.8181
-72.5219
-71.2216
-69.511
-67.8164
-64.7255
-61.4291
-57.034
-41.6786
