-6.54204
-1.58896
-0.202602
0.645205
1.45707
2.10121
2.65045
3.16396
3.54151
3.86048
4.21502
4.54854
4.91838
5.2639
5.57364
5.88767
6.16805
6.44495
6.71513
7.0168
7.27094
7.51124
7.76182
8.0271
8.27441
8.53335
8.80347
9.06252
9.32727
9.57014
9.83326
10.0495
10.2823
10.5543
10.7601
10.9915
11.1975
11.4059
11.6296
11.8441
12.1021
12.362
12.5922
12.7866
13.0729
13.3084
13.4837
13.7389
13.9935
14.2174
14.4546
14.7029
14.905
15.1396
15.3855
15.6115
15.8764
16.1365
16.4241
16.6999
17.0222
17.3483
17.619
17.9046
18.2127
18.519
18.8362
19.1724
19.5043
19.8298
20.2041
20.538
20.8751
21.19
21.5604
21.9483
22.3604
22.7091
23.0344
23.4062
23.8476
24.3867
24.9106
25.45
25.9543
26.4574
27.095
27.7338
28.3711
29.2274
30.0352
30.8738
31.9432
33.2213
34.4712
36.042
37.4019
38.6741
39.809
41.103
44.0237
