-28.1492
-18.0891
-15.9212
-14.5855
-13.6154
-12.7078
-11.8321
-11.0637
-10.551
-9.9504
-9.433
-8.94992
-8.41631
-7.97329
-7.48849
-7.01831
-6.56141
-6.01042
-5.61371
-5.20684
-4.82358
-4.3398
-3.95996
-3.57289
-3.19405
-2.85649
-2.51725
-2.09888
-1.66921
-1.23746
-0.83539
-0.481901
-0.117818
0.219179
0.642899
1.03716
1.43085
1.81058
2.1972
2.55918
2.85072
3.19248
3.56504
3.9456
4.25359
4.58022
4.83167
5.14207
5.45468
5.76175
6.0823
6.38587
6.68305
7.01749
7.29298
7.56346
7.82414
8.08399
8.32872
8.55932
8.79335
8.98788
9.20022
9.41869
9.62543
9.85534
10.0432
10.2521
10.4233
10.6039
10.7823
10.9726
11.1358
11.3149
11.4923
11.6775
11.868
12.0345
12.2002
12.3896
12.5576
12.7142
12.8978
13.0612
13.2104
13.3875
13.5556
13.7265
13.8775
14.042
14.1698
14.3401
14.5071
14.6543
14.8401
15.0169
15.2158
15.4091
15.6137
15.8259
16.1318
