-6.64688
-1.86562
-0.493271
0.28875
1.0602
1.67787
2.1481
2.59605
3.02645
3.33655
3.61425
3.96698
4.24783
4.56373
4.87095
5.15557
5.40785
5.66689
5.93598
6.19066
6.39069
6.63552
6.87153
7.09137
7.33517
7.55704
7.7647
7.96885
8.2329
8.46254
8.66222
8.89811
9.12471
9.34011
9.56823
9.75429
9.9331
10.1661
10.3666
10.5522
10.7266
10.9133
11.1533
11.3972
11.605
11.7965
12.0219
12.242
12.4875
12.7051
12.9403
13.1707
13.3965
13.6369
13.872
14.0959
14.334
14.6178
14.8573
15.1052
15.3751
15.5854
15.8866
16.1527
16.4382
16.7364
17.0212
17.3082
17.6112
17.9603
18.2219
18.5134
18.8548
19.1989
19.6159
19.9713
20.34
20.7191
21.1318
21.606
22.0412
22.4304
22.9413
23.6361
24.2109
24.988
25.6558
26.5144
27.2073
27.915
28.6718
29.4794
30.494
31.6275
32.9659
34.1401
35.2379
36.1461
37.2168
38.2542
40.2616
