-28.1492
-18.0891
-15.9218
-14.5855
-13.6155
-12.7079
-11.8321
-11.0684
-10.551
-9.95042
-9.43328
-8.94993
-8.41737
-7.9735
-7.48849
-7.01897
-6.56266
-6.01095
-5.61373
-5.20686
-4.82384
-4.3398
-3.96076
-3.57375
-3.19411
-2.85651
-2.5253
-2.09966
-1.67083
-1.23752
-0.835405
-0.483486
-0.118325
0.21239
0.640638
1.03703
1.43064
1.8077
2.19712
2.55909
2.8504
3.19248
3.56503
3.9456
4.25355
4.57984
4.83156
5.1412
5.44164
5.76138
6.08151
6.38568
6.68305
7.01748
7.29294
7.56324
7.82174
8.08196
8.32869
8.55136
8.79334
8.98379
9.19604
9.41706
9.62537
9.85523
10.0413
10.2492
10.423
10.6037
10.7823
10.9725
11.1349
11.3139
11.4923
11.6769
11.8678
12.0337
12.1999
12.3891
12.5569
12.714
12.8977
13.061
13.2096
13.3874
13.5547
13.7257
13.8743
14.0419
14.169
14.3366
14.5028
14.6523
14.8327
15.0136
15.2146
15.4075
15.6103
15.8253
16.1317
