-6.49284
-1.48261
-0.0825709
0.82339
1.61595
2.28592
2.86973
3.38226
3.76868
4.10963
4.48932
4.86375
5.25337
5.59783
5.93475
6.23769
6.5153
6.81595
7.10541
7.37954
7.6533
7.9013
8.17464
8.49066
8.74626
9.03002
9.33969
9.61448
9.89965
10.1678
10.4535
10.6972
10.9083
11.1429
11.4288
11.6773
11.9087
12.1412
12.4259
12.7121
12.9453
13.2119
13.4829
13.7523
13.9966
14.3077
14.5456
14.8439
15.1165
15.3681
15.6263
15.8916
16.2008
16.5024
16.7852
17.0511
17.3745
17.693
18.0397
18.3577
18.6135
18.9835
19.311
19.6728
20.0685
20.4834
20.8399
21.1779
21.554
21.9407
22.2825
22.646
22.9758
23.3793
23.7805
24.2759
24.7465
25.1558
25.6518
26.1563
26.7187
27.2788
27.8369
28.3764
28.9418
29.5239
30.2283
30.8535
31.6512
32.4122
33.4515
34.2087
35.115
36.4344
37.6309
38.833
39.9786
41.2182
42.5252
44.0972
48.5763
