-6.49425
-1.48561
-0.086049
0.817857
1.61285
2.2769
2.86533
3.37863
3.76467
4.10712
4.48517
4.85797
5.24121
5.58784
5.92563
6.2268
6.50443
6.80829
7.09695
7.36563
7.6453
7.89375
8.16083
8.46901
8.72695
9.02032
9.32066
9.60439
9.8837
10.1598
10.4461
10.682
10.8839
11.1298
11.4143
11.6585
11.8973
12.1189
12.4091
12.6822
12.9176
13.1883
13.4553
13.7257
13.9688
14.2582
14.5144
14.8058
15.0868
15.3203
15.5865
15.8583
16.161
16.4577
16.7364
17.0197
17.3151
17.6506
17.9605
18.3029
18.5469
18.9005
19.2557
19.5931
19.9911
20.3817
20.7472
21.087
21.4585
21.8336
22.2051
22.5205
22.8712
23.2238
23.6632
24.1408
24.5913
25.0159
25.535
25.9894
26.5293
27.1092
27.6617
28.1694
28.7398
29.2573
29.9396
30.5738
31.2883
32.103
33.032
33.8506
34.7561
35.8576
37.1022
38.2804
39.5116
40.7393
42.1718
43.9031
48.3388
