-6.49764
-1.49294
-0.0943941
0.804593
1.6054
2.26983
2.84659
3.36133
3.7508
4.08581
4.47693
4.84751
5.22486
5.56675
5.89366
6.20498
6.47643
6.78993
7.05764
7.3456
7.61849
7.86968
8.14517
8.45388
8.69033
9.00725
9.28389
9.5815
9.84886
10.1215
10.4035
10.6416
10.8531
11.0905
11.3566
11.6173
11.8401
12.0682
12.344
12.6102
12.8477
13.1308
13.3893
13.6451
13.9078
14.1805
14.4446
14.7317
14.9879
15.2617
15.5218
15.7735
16.0655
16.3441
16.6429
16.9274
17.1963
17.4796
17.8146
18.1395
18.4147
18.7624
19.0808
19.4279
19.7569
20.1743
20.5203
20.9006
21.2343
21.5668
21.951
22.2712
22.6075
23.0016
23.4449
23.8875
24.3177
24.7705
25.2223
25.6741
26.2448
26.7207
27.2711
27.7675
28.3203
28.8136
29.5037
30.1318
30.7463
31.5786
32.3108
33.2722
34.0238
34.9714
36.2203
37.6906
39.0994
40.4896
41.9479
43.651
47.8162
