-6.49273
-1.48238
-0.0823065
0.823811
1.61619
2.28603
2.87006
3.38229
3.76877
4.10963
4.49081
4.86487
5.25588
5.59802
5.93545
6.23817
6.51847
6.81759
7.10695
7.38003
7.65371
7.902
8.17525
8.49128
8.74773
9.03151
9.34361
9.61583
9.90023
10.1683
10.457
10.6973
10.9084
11.1439
11.4289
11.6774
11.9105
12.1422
12.4268
12.7127
12.9468
13.2141
13.4847
13.7533
13.9993
14.3079
14.546
14.8457
15.1184
15.372
15.6273
15.8919
16.2041
16.5031
16.7893
17.0514
17.3757
17.6991
18.04
18.3661
18.6188
18.9882
19.32
19.6736
20.0741
20.4885
20.8459
21.1854
21.5644
21.943
22.3098
22.6555
22.982
23.3899
23.8065
24.2849
24.7538
25.1567
25.6571
26.1665
26.7317
27.2941
27.8634
28.3831
28.9647
29.5441
30.2322
30.8989
31.6623
32.4197
33.471
34.2338
35.1476
36.4643
37.7202
38.8633
40.053
41.2792
42.5764
44.2649
48.5949
