-31.1168
-22.7876
-15.6707
-10.5226
-7.58447
-5.19506
-3.52899
-2.30664
-0.842962
0.521838
1.91347
3.05818
4.11141
5.09847
6.00296
7.17254
8.21555
9.13034
10.1495
11.1013
11.9577
12.6954
13.2883
13.9342
14.5797
15.1473
15.7725
16.3899
16.9302
17.4238
17.8992
18.4201
18.9346
19.4124
19.8393
20.265
20.6761
21.0932
21.4715
21.8243
22.1541
22.5201
22.8648
23
23
23
23
23
23
23
23
23
23
23
23
23
23
23
23
23
23
23
23
23
23
23
23
23
23
23
23
23
23
23
23
23
23
23
23
23
23
23
23
23
23
23
23
23
23
23
23
23
23
23
23
23
23
23
23
23
23
