-126.327
-119.532
-117.813
-116.296
-115.351
-114.445
-113.661
-112.953
-112.374
-111.776
-111.144
-110.651
-110.214
-109.738
-109.317
-108.867
-108.466
-108.095
-107.742
-107.299
-106.973
-106.686
-106.32
-105.994
-105.695
-105.35
-105.026
-104.747
-104.481
-104.22
-103.927
-103.615
-103.31
-103.003
-102.682
-102.382
-102.086
-101.78
-101.488
-101.172
-100.871
-100.592
-100.229
-99.8879
-99.5573
-99.2329
-98.9051
-98.5851
-98.2622
-97.9353
-97.5988
-97.2302
-96.8664
-96.5124
-96.0995
-95.7693
-95.3463
-95.0559
-94.5995
-94.218
-93.8402
-93.4178
-92.9085
-92.4288
-91.9185
-91.4863
-91.0596
-90.6245
-89.9912
-89.3914
-88.868
-88.324
-87.7773
-87.22
-86.6308
-86.1553
-85.5175
-84.9216
-84.2787
-83.6315
-83.0832
-82.4056
-81.8511
-81.2758
-80.6775
-80.0284
-79.3421
-78.6538
-78.066
-77.3258
-76.4406
-75.4163
-74.3742
-73.4217
-72.17
-70.6234
-68.8522
-66.1531
-62.2912
-57.3218
-43.6251
