-128.038
-122.75
-121.286
-120.231
-119.362
-118.587
-117.998
-117.472
-116.969
-116.486
-116.093
-115.728
-115.376
-115.087
-114.769
-114.452
-114.198
-113.913
-113.648
-113.395
-113.183
-112.974
-112.757
-112.497
-112.286
-112.094
-111.894
-111.728
-111.544
-111.374
-111.169
-110.976
-110.811
-110.596
-110.4
-110.224
-110.039
-109.872
-109.713
-109.545
-109.387
-109.201
-108.999
-108.852
-108.707
-108.542
-108.352
-108.22
-108.007
-107.809
-107.637
-107.498
-107.314
-107.145
-106.991
-106.842
-106.683
-106.494
-106.312
-106.159
-105.967
-105.752
-105.605
-105.4
-105.218
-105.059
-104.877
-104.692
-104.501
-104.323
-104.14
-103.938
-103.737
-103.54
-103.352
-103.159
-102.948
-102.723
-102.501
-102.263
-102.055
-101.801
-101.593
-101.35
-101.103
-100.835
-100.546
-100.215
-99.8906
-99.5441
-99.1725
-98.7224
-98.242
-97.7682
-97.296
-96.6227
-95.9974
-95.2549
-94.3633
-93.5062
-90.0836
