-128.518
-123.327
-121.867
-120.896
-120.139
-119.327
-118.705
-118.121
-117.657
-117.173
-116.746
-116.319
-115.97
-115.632
-115.323
-115.032
-114.748
-114.46
-114.215
-113.915
-113.673
-113.465
-113.249
-113.039
-112.836
-112.595
-112.396
-112.189
-111.976
-111.802
-111.619
-111.469
-111.287
-111.083
-110.884
-110.693
-110.463
-110.295
-110.123
-109.944
-109.803
-109.632
-109.457
-109.251
-109.049
-108.909
-108.761
-108.591
-108.427
-108.258
-108.025
-107.836
-107.664
-107.518
-107.349
-107.171
-106.998
-106.846
-106.663
-106.491
-106.3
-106.139
-105.92
-105.734
-105.56
-105.342
-105.16
-104.977
-104.789
-104.606
-104.413
-104.219
-104.023
-103.817
-103.615
-103.411
-103.191
-102.98
-102.75
-102.523
-102.27
-102.056
-101.806
-101.587
-101.352
-101.07
-100.808
-100.469
-100.149
-99.7926
-99.4628
-99.019
-98.4846
-97.9636
-97.4431
-96.7857
-96.1442
-95.3719
-94.4908
-93.5161
-90.0861
