-128.641
-123.48
-122.003
-121.04
-120.284
-119.524
-118.915
-118.319
-117.762
-117.292
-116.836
-116.434
-116.073
-115.723
-115.39
-115.131
-114.822
-114.553
-114.292
-114.014
-113.765
-113.541
-113.332
-113.125
-112.896
-112.686
-112.472
-112.284
-112.068
-111.872
-111.707
-111.531
-111.354
-111.144
-110.963
-110.782
-110.546
-110.367
-110.195
-110.007
-109.852
-109.677
-109.513
-109.34
-109.127
-108.962
-108.82
-108.67
-108.493
-108.332
-108.123
-107.895
-107.71
-107.566
-107.418
-107.249
-107.058
-106.89
-106.729
-106.53
-106.366
-106.189
-105.982
-105.786
-105.604
-105.383
-105.2
-105.01
-104.825
-104.655
-104.449
-104.252
-104.069
-103.856
-103.646
-103.43
-103.226
-102.991
-102.782
-102.536
-102.295
-102.067
-101.82
-101.598
-101.372
-101.081
-100.82
-100.494
-100.156
-99.7996
-99.4628
-99.03
-98.4847
-97.9637
-97.4505
-96.7859
-96.1572
-95.3739
-94.4909
-93.5162
-90.0863
