-126.923
-121.43
-119.814
-118.643
-117.766
-117.079
-116.458
-115.9
-115.464
-115.029
-114.684
-114.315
-113.992
-113.674
-113.375
-113.115
-112.866
-112.553
-112.312
-112.065
-111.842
-111.632
-111.438
-111.238
-111.049
-110.839
-110.644
-110.439
-110.261
-110.062
-109.895
-109.68
-109.52
-109.323
-109.149
-108.961
-108.792
-108.624
-108.469
-108.296
-108.113
-107.934
-107.761
-107.602
-107.442
-107.257
-107.103
-106.947
-106.789
-106.622
-106.452
-106.267
-106.121
-105.972
-105.804
-105.632
-105.453
-105.25
-105.107
-104.912
-104.736
-104.549
-104.35
-104.163
-103.978
-103.798
-103.626
-103.428
-103.246
-103.056
-102.882
-102.681
-102.474
-102.286
-102.1
-101.871
-101.658
-101.483
-101.318
-101.102
-100.868
-100.619
-100.366
-100.12
-99.8561
-99.5842
-99.3205
-99.0097
-98.6178
-98.2678
-97.9055
-97.5573
-97.169
-96.678
-96.251
-95.6806
-95.0642
-94.2678
-93.4671
-92.0914
-83.8699
