-122.593
-115.86
-114.438
-113.416
-112.41
-111.712
-111.023
-110.364
-109.822
-109.246
-108.779
-108.374
-108.044
-107.641
-107.264
-106.873
-106.546
-106.176
-105.873
-105.571
-105.351
-105.049
-104.716
-104.415
-104.138
-103.849
-103.618
-103.364
-103.085
-102.817
-102.567
-102.291
-102.022
-101.751
-101.474
-101.248
-100.983
-100.657
-100.385
-100.058
-99.8161
-99.562
-99.285
-98.9568
-98.6643
-98.354
-98.0844
-97.8006
-97.4423
-97.1753
-96.8141
-96.4715
-96.1174
-95.7893
-95.4246
-95.0813
-94.7725
-94.3632
-93.955
-93.5673
-93.1132
-92.6847
-92.1465
-91.6823
-91.1944
-90.7025
-90.1329
-89.4903
-88.9331
-88.2929
-87.7174
-87.1234
-86.4341
-85.6596
-85.0207
-84.4437
-83.758
-83.1933
-82.5743
-81.98
-81.4057
-80.8395
-80.202
-79.5916
-79.0118
-78.4156
-77.8814
-77.3372
-76.7043
-76.0516
-75.2781
-74.3451
-73.6585
-72.566
-71.4617
-69.8015
-68.0925
-65.3756
-61.9239
-57.0082
-43.6196
