-128.416
-120.647
-118.721
-117.323
-116.068
-115.228
-114.312
-113.689
-113.04
-112.46
-111.755
-111.238
-110.794
-110.235
-109.791
-109.339
-108.907
-108.509
-108.102
-107.705
-107.298
-107.001
-106.69
-106.337
-105.977
-105.645
-105.334
-105.018
-104.716
-104.464
-104.17
-103.86
-103.556
-103.246
-102.9
-102.574
-102.255
-101.969
-101.695
-101.392
-101.059
-100.741
-100.387
-100.04
-99.6988
-99.3769
-99.0614
-98.6863
-98.3565
-98.0422
-97.7221
-97.3739
-97.0124
-96.6708
-96.28
-95.8957
-95.514
-95.1703
-94.8074
-94.3954
-93.9664
-93.6323
-93.1168
-92.6494
-92.1832
-91.6882
-91.314
-90.8422
-90.3105
-89.7061
-89.1574
-88.643
-88.1375
-87.5718
-87.0701
-86.5302
-85.934
-85.2998
-84.6845
-84.0024
-83.4643
-82.8344
-82.2284
-81.6046
-80.9794
-80.3185
-79.5595
-78.8654
-78.2935
-77.533
-76.6313
-75.5769
-74.4937
-73.5687
-72.2573
-70.7781
-68.8974
-66.181
-62.2979
-57.327
-43.6257
