-109.499
-104.592
-103.517
-102.961
-102.298
-101.784
-101.341
-100.962
-100.599
-100.275
-99.9718
-99.6724
-99.3182
-99.0185
-98.7579
-98.5044
-98.2406
-97.9815
-97.7578
-97.4739
-97.258
-97.0203
-96.7494
-96.5088
-96.2531
-96.0616
-95.8293
-95.6175
-95.3492
-95.1593
-94.9482
-94.7537
-94.5792
-94.343
-94.1777
-93.9687
-93.7555
-93.5298
-93.3206
-93.1288
-92.8716
-92.6606
-92.4409
-92.1895
-91.9942
-91.7862
-91.5241
-91.2843
-91.0337
-90.7821
-90.5716
-90.3022
-90.0075
-89.7398
-89.4968
-89.2269
-88.9103
-88.567
-88.1703
-87.8358
-87.4846
-87.1214
-86.7406
-86.2986
-85.8879
-85.3883
-84.8406
-84.3379
-83.6916
-83.1333
-82.4264
-81.6654
-80.8964
-80.0501
-79.1305
-78.0738
-76.5179
-75.366
-74.1507
-73.188
-72.3359
-71.8925
-71.4752
-71.0871
-70.7083
-70.2897
-69.8843
-69.5074
-69.0694
-68.5805
-67.9644
-67.1047
-66.2734
-65.1707
-64.0169
-62.6119
-61.2976
-59.3807
-56.5475
-52.2757
-43.4355
