-128.693
-123.561
-122.104
-121.2
-120.42
-119.589
-119.028
-118.379
-117.835
-117.386
-116.961
-116.511
-116.136
-115.803
-115.473
-115.183
-114.89
-114.641
-114.361
-114.076
-113.815
-113.618
-113.406
-113.186
-112.972
-112.747
-112.527
-112.332
-112.125
-111.913
-111.738
-111.563
-111.411
-111.195
-110.999
-110.822
-110.585
-110.401
-110.231
-110.043
-109.884
-109.716
-109.562
-109.39
-109.157
-108.992
-108.849
-108.697
-108.517
-108.354
-108.141
-107.921
-107.732
-107.586
-107.438
-107.267
-107.077
-106.905
-106.74
-106.544
-106.385
-106.205
-106.01
-105.806
-105.625
-105.401
-105.209
-105.022
-104.831
-104.665
-104.457
-104.259
-104.076
-103.863
-103.662
-103.44
-103.235
-102.996
-102.789
-102.539
-102.312
-102.086
-101.832
-101.605
-101.376
-101.087
-100.82
-100.496
-100.156
-99.8017
-99.4628
-99.03
-98.4857
-97.9637
-97.4547
-96.786
-96.1573
-95.3739
-94.4909
-93.5162
-90.0864
