-123.476
-118.389
-116.661
-115.547
-114.674
-114.033
-113.515
-113.065
-112.681
-112.262
-111.924
-111.573
-111.231
-110.964
-110.669
-110.366
-110.099
-109.835
-109.617
-109.363
-109.14
-108.88
-108.682
-108.492
-108.28
-108.036
-107.824
-107.614
-107.424
-107.218
-107.036
-106.875
-106.706
-106.511
-106.337
-106.141
-105.986
-105.798
-105.619
-105.466
-105.301
-105.142
-104.964
-104.768
-104.621
-104.461
-104.286
-104.128
-103.961
-103.795
-103.625
-103.462
-103.3
-103.123
-102.955
-102.78
-102.61
-102.459
-102.279
-102.123
-101.917
-101.714
-101.537
-101.372
-101.212
-101.047
-100.847
-100.647
-100.48
-100.295
-100.068
-99.8436
-99.6339
-99.4375
-99.2243
-98.9904
-98.761
-98.5136
-98.2496
-97.9909
-97.724
-97.4318
-97.1457
-96.7591
-96.411
-96.0059
-95.6434
-95.2297
-94.8422
-94.2923
-93.8798
-93.3589
-92.8651
-92.2881
-91.6332
-90.7995
-89.8251
-88.8276
-87.3672
-83.6396
-73.918
