-118.847
-112.721
-111.3
-110.46
-109.742
-109.065
-108.42
-107.862
-107.376
-106.933
-106.533
-106.165
-105.829
-105.431
-105.123
-104.855
-104.549
-104.239
-103.953
-103.67
-103.431
-103.169
-102.937
-102.679
-102.409
-102.121
-101.865
-101.589
-101.394
-101.165
-100.948
-100.677
-100.466
-100.224
-99.9334
-99.6533
-99.3983
-99.1086
-98.8816
-98.6347
-98.401
-98.1297
-97.8909
-97.6075
-97.305
-97.0621
-96.7768
-96.501
-96.2249
-95.8827
-95.5793
-95.2639
-94.9854
-94.6808
-94.3895
-94.0965
-93.7621
-93.4068
-93.0106
-92.6132
-92.1697
-91.6867
-91.2665
-90.7625
-90.3414
-89.6954
-89.135
-88.4878
-87.9077
-87.2531
-86.5435
-85.8452
-85.0943
-84.3736
-83.6235
-82.8331
-81.9833
-81.1714
-80.5473
-79.9095
-79.3635
-78.8568
-78.3162
-77.7137
-77.2149
-76.6298
-76.1293
-75.5858
-75.0246
-74.2926
-73.7379
-73.1182
-72.167
-71.2626
-69.9971
-68.5417
-66.7757
-64.0582
-61.0319
-56.2439
-43.6063
