-125.038
-120.211
-118.412
-117.233
-116.41
-115.792
-115.252
-114.74
-114.317
-113.905
-113.536
-113.16
-112.858
-112.531
-112.179
-111.913
-111.647
-111.369
-111.159
-110.951
-110.702
-110.489
-110.253
-110.053
-109.837
-109.668
-109.493
-109.292
-109.059
-108.86
-108.705
-108.533
-108.335
-108.168
-107.988
-107.821
-107.626
-107.477
-107.313
-107.135
-106.965
-106.81
-106.64
-106.466
-106.27
-106.093
-105.923
-105.768
-105.613
-105.46
-105.27
-105.113
-104.936
-104.75
-104.612
-104.426
-104.245
-104.078
-103.906
-103.76
-103.628
-103.434
-103.271
-103.097
-102.941
-102.76
-102.581
-102.377
-102.161
-101.996
-101.778
-101.592
-101.404
-101.204
-101.03
-100.817
-100.607
-100.368
-100.087
-99.8394
-99.6359
-99.3801
-99.0751
-98.734
-98.3422
-97.9871
-97.617
-97.3359
-96.9749
-96.5531
-96.1656
-95.7697
-95.3373
-94.9477
-94.4847
-93.9943
-93.4532
-92.7356
-91.9198
-88.6334
-78.9064
