-128.681
-123.511
-122.071
-121.158
-120.344
-119.582
-118.991
-118.361
-117.811
-117.347
-116.88
-116.476
-116.097
-115.777
-115.443
-115.172
-114.867
-114.613
-114.339
-114.064
-113.805
-113.602
-113.392
-113.176
-112.955
-112.736
-112.516
-112.323
-112.104
-111.907
-111.731
-111.557
-111.395
-111.184
-110.983
-110.811
-110.576
-110.39
-110.224
-110.035
-109.873
-109.709
-109.553
-109.382
-109.151
-108.989
-108.842
-108.691
-108.507
-108.348
-108.14
-107.913
-107.732
-107.585
-107.429
-107.258
-107.073
-106.898
-106.736
-106.538
-106.376
-106.2
-106.003
-105.806
-105.615
-105.395
-105.209
-105.022
-104.83
-104.663
-104.457
-104.259
-104.072
-103.863
-103.655
-103.439
-103.235
-102.996
-102.788
-102.539
-102.304
-102.086
-101.832
-101.605
-101.373
-101.081
-100.82
-100.495
-100.156
-99.7996
-99.4628
-99.03
-98.4856
-97.9637
-97.4547
-96.7859
-96.1573
-95.3739
-94.4909
-93.5162
-90.0864
