-7.13605
-1.94344
-0.255705
0.710823
1.48603
2.1374
2.70165
3.12297
3.52099
3.94189
4.38638
4.77405
5.13217
5.44709
5.75877
6.06228
6.35918
6.7052
6.991
7.30471
7.62509
7.91017
8.18584
8.50382
8.7773
9.03095
9.32981
9.67518
9.9231
10.1849
10.4648
10.7219
10.9568
11.1869
11.4613
11.7101
11.938
12.1888
12.4891
12.7438
13.0159
13.2433
13.5309
13.7904
14.0863
14.371
14.6395
14.8902
15.2059
15.5162
15.8124
16.0642
16.3655
16.6458
16.9704
17.3058
17.6254
17.8959
18.228
18.5409
18.8738
19.1939
19.5344
19.9071
20.233
20.557
20.951
21.3071
21.6772
22.0437
22.3923
22.7781
23.1866
23.6014
23.9905
24.4765
24.9514
25.3833
25.8947
26.4736
26.8967
27.3893
27.8351
28.3227
28.9113
29.4524
30.0678
30.6705
31.3537
32.0771
32.941
33.5705
34.407
35.4328
36.6772
37.7712
38.9912
40.4483
42.0104
43.5861
47.9717
