-7.1317
-1.93177
-0.250385
0.735529
1.49648
2.15382
2.71147
3.12955
3.53936
3.95284
4.39347
4.79848
5.15011
5.46879
5.78057
6.07572
6.3781
6.7221
7.02094
7.32203
7.64264
7.94272
8.20753
8.53319
8.81299
9.05807
9.35738
9.70726
9.97161
10.2246
10.5314
10.7795
11.0148
11.2122
11.4863
11.7669
12.0024
12.2401
12.5314
12.8011
13.0622
13.3175
13.5988
13.8436
14.1637
14.4505
14.6979
15.0027
15.2946
15.6178
15.8897
16.1864
16.4584
16.7409
17.0962
17.3996
17.7657
18.0551
18.3866
18.7507
19.0558
19.3753
19.7218
20.087
20.4427
20.8049
21.1507
21.5404
21.8819
22.2764
22.6407
23.0563
23.4933
23.8373
24.2838
24.8104
25.2
25.676
26.2952
26.7718
27.2416
27.771
28.2078
28.7688
29.364
29.9173
30.4978
31.1098
31.9136
32.7141
33.5605
34.3687
35.2321
36.3416
37.3933
38.4087
39.4615
40.6958
42.2218
43.7892
48.5202
