-7.12971
-1.92641
-0.247948
0.74155
1.50127
2.15871
2.71978
3.14435
3.54597
3.96106
4.39981
4.80544
5.15836
5.48089
5.78954
6.08174
6.39248
6.7294
7.03497
7.3415
7.65602
7.9591
8.22882
8.54559
8.82477
9.06921
9.37797
9.72922
9.99156
10.2418
10.5466
10.8
11.0344
11.2304
11.504
11.789
12.0188
12.2689
12.5619
12.8329
13.0995
13.3383
13.6294
13.8679
14.1938
14.4847
14.735
15.0459
15.3354
15.66
15.9293
16.2361
16.5038
16.8047
17.138
17.4548
17.8061
18.1138
18.4697
18.8169
19.1459
19.4718
19.8131
20.1672
20.5308
20.9066
21.2724
21.6327
21.9956
22.373
22.7626
23.1886
23.6062
23.9865
24.4698
24.9669
25.41
25.8708
26.4411
26.9061
27.4237
27.9409
28.4381
29.0005
29.5664
30.1633
30.7778
31.5158
32.3023
33.0665
33.8968
34.7709
35.8579
37.0659
37.9703
38.9677
39.99
41.3318
42.5972
44.2363
48.7965
