-7.14976
-1.98016
-0.307428
0.679093
1.45314
2.09153
2.65248
3.06955
3.47526
3.91138
4.32605
4.72988
5.07012
5.3977
5.69985
5.99027
6.30168
6.64723
6.90165
7.21653
7.53533
7.80385
8.09522
8.39637
8.69165
8.92546
9.22182
9.51401
9.78224
10.0458
10.2943
10.5862
10.8284
11.0494
11.3002
11.5084
11.7692
12.0129
12.2819
12.547
12.8051
13.0627
13.3224
13.555
13.8115
14.0904
14.361
14.6463
14.9304
15.2507
15.5082
15.7929
16.0281
16.3452
16.5912
16.9062
17.2041
17.4697
17.761
18.0417
18.3866
18.6959
19.0109
19.3294
19.7152
20.0053
20.3255
20.7275
21.0852
21.5024
21.8491
22.2089
22.5579
22.9881
23.3614
23.7068
24.1089
24.6013
25.0128
25.5162
26.0495
26.5458
26.9791
27.4794
27.9841
28.5039
29.0682
29.6073
30.1832
30.9121
31.6304
32.5472
33.4817
34.5979
35.9913
37.2747
38.56
39.787
41.2631
42.6935
46.588
