-8.78239
-5.14846
-4.09575
-3.64146
-3.21684
-2.87587
-2.5253
-2.14653
-1.79864
-1.48458
-1.14675
-0.84283
-0.616154
-0.363076
-0.0841401
0.156936
0.409946
0.650325
0.888948
1.12659
1.36991
1.56268
1.76699
1.98455
2.20394
2.37469
2.56127
2.76763
2.9904
3.1683
3.38363
3.57708
3.75334
3.93626
4.12138
4.33183
4.52141
4.71675
4.86925
5.05282
5.23938
5.4212
5.62586
5.81371
6.03029
6.22599
6.44254
6.63233
6.82871
7.03117
7.23587
7.44708
7.69188
7.91252
8.17524
8.42246
8.65683
8.90379
9.12671
9.37846
9.62277
9.8826
10.1809
10.4246
10.7173
11.0501
11.3149
11.6295
11.988
12.3278
12.7562
13.2274
13.6712
14.1987
14.6929
15.3378
15.8392
16.3856
17.0608
17.6342
18.3499
18.9616
19.5339
20.0692
20.66
21.2453
21.7739
22.32
22.7753
23.2451
23.7706
24.3458
24.9622
25.6813
26.451
27.1156
27.8988
28.7527
29.4996
30.205
31.0618
