-7.1297
-1.92638
-0.247931
0.741591
1.50131
2.15876
2.71982
3.14451
3.54599
3.96108
4.39983
4.80547
5.15842
5.48113
5.78961
6.08178
6.39253
6.72945
7.03523
7.34168
7.65611
7.95915
8.22893
8.54562
8.8248
9.06929
9.37798
9.72933
9.99166
10.2418
10.5467
10.8001
11.0345
11.2305
11.5041
11.7891
12.0188
12.269
12.5619
12.8331
13.1001
13.3385
13.6294
13.8681
14.194
14.4847
14.7353
15.046
15.3354
15.6601
15.9293
16.2362
16.5042
16.8048
17.138
17.4552
17.8083
18.1143
18.4699
18.8172
19.1466
19.4719
19.8136
20.1711
20.5312
20.9067
21.2728
21.6329
21.9957
22.3733
22.7627
23.1886
23.6062
23.9866
24.4698
24.9669
25.4101
25.8773
26.4415
26.9075
27.4254
27.941
28.4382
29.0006
29.5665
30.1642
30.7778
31.5247
32.3026
33.0689
33.8973
34.7839
35.8652
37.0665
37.9705
38.9782
40.0175
41.3331
42.5989
44.2617
48.7985
