-7.12989
-1.9269
-0.248169
0.741002
1.50084
2.1581
2.71931
3.14219
3.54576
3.96086
4.39956
4.80497
5.15761
5.47783
5.78873
6.08119
6.39181
6.72872
7.03158
7.3391
7.6548
7.95765
8.22739
8.54525
8.82439
9.06732
9.37793
9.72782
9.99007
10.2385
10.5456
10.7991
11.0333
11.2303
11.5032
11.7849
12.0184
12.2682
12.5593
12.8289
13.0937
13.3364
13.6293
13.8661
14.1902
14.4797
14.7336
15.0436
15.3314
15.6542
15.9259
16.2316
16.4983
16.8033
17.1365
17.4441
17.8037
18.1075
18.4585
18.8133
19.1426
19.4632
19.8018
20.1579
20.5195
20.9029
21.2565
21.6292
21.9866
22.3657
22.7449
23.1796
23.5873
23.9838
24.4413
24.953
25.3987
25.8643
26.4368
26.8877
27.4016
27.931
28.4269
28.9946
29.5654
30.1353
30.765
31.4887
32.2487
33.0282
33.8754
34.7576
35.7656
36.9462
37.8937
38.8824
39.9451
41.1888
42.5601
44.0486
48.7707
