-37.9115
-21.6977
-19.1909
-17.5146
-16.2544
-15.2676
-14.3082
-13.4947
-12.9215
-12.2266
-11.6255
-11.0618
-10.557
-10.0316
-9.5444
-9.01407
-8.51024
-8.04353
-7.70098
-7.3371
-6.9963
-6.60994
-6.23071
-5.8224
-5.36914
-4.95883
-4.54774
-4.16477
-3.72365
-3.30746
-2.94114
-2.56854
-2.1857
-1.81759
-1.47199
-1.11777
-0.737415
-0.342689
0.0865942
0.436568
0.789065
1.22078
1.63921
2.05763
2.44719
2.85399
3.22655
3.53449
3.83946
4.21384
4.5609
4.8689
5.2028
5.4914
5.8262
6.12284
6.43785
6.71937
7.01016
7.26202
7.51671
7.7647
8.00225
8.23643
8.45487
8.69866
8.92413
9.16651
9.349
9.5454
9.71308
9.86591
10.0467
10.2085
10.3716
10.5364
10.6778
10.8046
10.9448
11.091
11.2115
11.3382
11.4553
11.5583
11.6833
11.78
11.8944
11.9858
12.0858
12.1848
12.2852
12.3694
12.4457
12.5304
12.6146
12.6854
12.7658
12.8414
12.9138
13.0093
13.1494
