-27.9714
-18.108
-16.1089
-14.9074
-13.7977
-13.0782
-12.3959
-11.6994
-11.0828
-10.5867
-9.98618
-9.43387
-8.89485
-8.39039
-7.86728
-7.49228
-7.11815
-6.68432
-6.306
-5.89796
-5.5073
-5.11063
-4.652
-4.23389
-3.81647
-3.4031
-2.99151
-2.61646
-2.17392
-1.81955
-1.47101
-1.1247
-0.736756
-0.360027
0.095603
0.493211
0.849933
1.22563
1.68424
2.19639
2.65613
3.08613
3.51036
3.89002
4.27711
4.62803
4.99523
5.34289
5.6931
6.05216
6.38726
6.71315
7.02815
7.31437
7.63164
7.91028
8.19068
8.45834
8.72308
8.97243
9.20751
9.44064
9.59947
9.79056
9.94706
10.1345
10.3018
10.4919
10.6293
10.7804
10.9189
11.0442
11.1688
11.3289
11.4273
11.5492
11.6585
11.7451
11.8482
11.9376
12.0271
12.0966
12.1775
12.2451
12.3146
12.3832
12.4468
12.5056
12.5575
12.6172
12.6681
12.7164
12.7646
12.8175
12.8651
12.9125
12.9511
12.9983
13.0486
13.0953
13.1628
