-26.2105
-17.2923
-15.4233
-14.1603
-13.1707
-12.4695
-11.7267
-11.0328
-10.4856
-9.85596
-9.31313
-8.7989
-8.32824
-7.85099
-7.47755
-7.10178
-6.68809
-6.28829
-5.86813
-5.44928
-5.04157
-4.57601
-4.20345
-3.79608
-3.34739
-2.96563
-2.55473
-2.12211
-1.73735
-1.41925
-1.0582
-0.669035
-0.260049
0.195848
0.561837
0.959081
1.38916
1.82076
2.34949
2.79904
3.26612
3.70446
4.07766
4.48876
4.819
5.17674
5.50114
5.89258
6.24833
6.60722
6.9618
7.27214
7.59537
7.91894
8.24332
8.52754
8.82271
9.12038
9.3504
9.57631
9.77323
9.9615
10.1485
10.3467
10.5388
10.6981
10.8401
10.9795
11.1178
11.2516
11.3795
11.5052
11.6111
11.7296
11.8221
11.931
12.0093
12.0943
12.1619
12.2493
12.319
12.3726
12.4463
12.5015
12.5538
12.6183
12.6667
12.7072
12.7457
12.7895
12.8282
12.8684
12.9028
12.9356
12.9674
12.9976
13.0301
13.0644
13.0925
13.1253
13.1705
