-26.2045
-17.2891
-15.3992
-14.142
-13.1414
-12.4056
-11.697
-10.981
-10.439
-9.83938
-9.27809
-8.7787
-8.27649
-7.81215
-7.43055
-7.04848
-6.65962
-6.23768
-5.83712
-5.39457
-5.00712
-4.55451
-4.16733
-3.73195
-3.30751
-2.92879
-2.53249
-2.09652
-1.70178
-1.39886
-1.0326
-0.64891
-0.23708
0.208889
0.601699
1.00117
1.44086
1.85661
2.38611
2.8116
3.30575
3.72483
4.10482
4.51742
4.8333
5.22243
5.51558
5.91123
6.29046
6.62857
6.99162
7.29016
7.63044
7.93469
8.26023
8.55835
8.8709
9.16178
9.39627
9.60758
9.81422
10.0148
10.1994
10.3876
10.5823
10.7455
10.8808
11.0328
11.1591
11.2981
11.425
11.548
11.6641
11.7727
11.8789
11.9686
12.0578
12.1248
12.2174
12.2843
12.3491
12.4101
12.4743
12.5276
12.5818
12.646
12.6952
12.7282
12.7719
12.8132
12.8505
12.889
12.9217
12.9518
12.9842
13.0176
13.0443
13.0759
13.1066
13.1337
13.1718
