-30.9311
-22.2251
-14.7362
-9.82065
-6.66684
-4.78068
-3.19866
-1.989
-0.783609
0.312495
1.32823
2.63288
3.78335
4.81195
5.9041
6.97021
7.98273
9.035
9.97982
10.8073
11.5604
12.1912
12.9431
13.606
14.2126
14.7912
15.4846
15.9595
16.4864
17.0611
17.5944
18.0322
18.5691
18.9964
19.4117
19.8404
20.2821
20.6972
21.038
21.392
21.7534
22.1138
22.4545
22.8781
23
23
23
23
23
23
23
23
23
23
23
23
23
23
23
23
23
23
23
23
23
23
23
23
23
23
23
23
23
23
23
23
23
23
23
23
23
23
23
23
23
23
23
23
23
23
23
23
23
23
23
23
23
23
23
23
23
