-104.201
-99.7225
-98.8475
-98.3263
-97.8676
-97.4944
-97.101
-96.7886
-96.4485
-96.113
-95.7862
-95.5111
-95.2688
-94.9977
-94.7387
-94.4922
-94.256
-93.9994
-93.7985
-93.5532
-93.3171
-93.0966
-92.8973
-92.6692
-92.4943
-92.2942
-92.06
-91.8313
-91.5772
-91.3752
-91.166
-90.9528
-90.7565
-90.5604
-90.3592
-90.1534
-89.9562
-89.769
-89.5569
-89.3307
-89.1433
-88.9263
-88.7496
-88.5428
-88.3433
-88.1427
-87.9387
-87.7316
-87.5186
-87.3587
-87.1263
-86.8908
-86.6624
-86.4398
-86.2285
-85.9856
-85.7145
-85.4558
-85.1521
-84.8281
-84.5201
-84.2282
-83.842
-83.4209
-82.9795
-82.6098
-82.16
-81.6712
-81.1347
-80.6223
-80.0206
-79.345
-78.6496
-77.8393
-77.0128
-76.1313
-74.9699
-73.6249
-72.0571
-70.2134
-68.6531
-67.8133
-67.3185
-66.9757
-66.6271
-66.2827
-65.9828
-65.5392
-65.0882
-64.5452
-63.9534
-63.2327
-62.3728
-61.4504
-60.2745
-59.1153
-57.5566
-55.505
-52.775
-48.676
-39.7018
