-142.617
-133.499
-131.781
-130.559
-129.759
-129.099
-128.417
-127.873
-127.389
-126.927
-126.569
-126.154
-125.741
-125.409
-125.062
-124.764
-124.48
-124.175
-123.87
-123.608
-123.365
-123.131
-122.898
-122.695
-122.459
-122.268
-122.042
-121.804
-121.573
-121.382
-121.173
-120.961
-120.745
-120.516
-120.3
-120.088
-119.861
-119.663
-119.443
-119.259
-119.046
-118.867
-118.664
-118.445
-118.234
-118.022
-117.824
-117.617
-117.359
-117.171
-116.962
-116.747
-116.529
-116.302
-116.08
-115.856
-115.667
-115.471
-115.266
-115.061
-114.862
-114.641
-114.423
-114.233
-113.948
-113.719
-113.49
-113.252
-112.982
-112.742
-112.51
-112.216
-111.945
-111.653
-111.356
-111.023
-110.715
-110.343
-109.992
-109.634
-109.32
-108.9
-108.539
-108.136
-107.67
-107.216
-106.77
-106.261
-105.703
-105.223
-104.672
-104.099
-103.59
-103.003
-102.272
-101.512
-100.718
-99.6769
-97.9803
-95.8237
-91.9208
