-134.662
-120.587
-118.496
-116.986
-115.873
-115.019
-114.261
-113.469
-112.891
-112.329
-111.783
-111.299
-110.833
-110.336
-109.894
-109.514
-109.08
-108.692
-108.351
-108.001
-107.68
-107.351
-107.06
-106.685
-106.379
-105.988
-105.652
-105.322
-105.006
-104.655
-104.31
-104.028
-103.694
-103.395
-103.077
-102.777
-102.445
-102.145
-101.84
-101.533
-101.224
-100.931
-100.569
-100.223
-99.9041
-99.613
-99.3036
-99.0173
-98.6897
-98.3736
-98.0657
-97.6828
-97.3846
-97.0748
-96.6983
-96.394
-96.0531
-95.6925
-95.369
-94.9168
-94.5159
-94.097
-93.6853
-93.1838
-92.7643
-92.3205
-91.8411
-91.3501
-90.8477
-90.3755
-89.8155
-89.267
-88.7135
-88.1434
-87.5438
-87.0143
-86.414
-85.7975
-85.2058
-84.6108
-83.9774
-83.3641
-82.7906
-82.1974
-81.6021
-80.8542
-80.2183
-79.414
-78.5478
-77.6632
-76.7827
-75.8065
-74.7458
-73.5465
-71.9176
-70.2336
-67.9788
-65.1328
-61.5013
-57.2235
-46.547
