-141.756
-132.858
-131.065
-130.033
-129.18
-128.356
-127.727
-127.253
-126.824
-126.411
-125.953
-125.522
-125.166
-124.85
-124.546
-124.261
-123.963
-123.628
-123.365
-123.111
-122.889
-122.65
-122.404
-122.192
-121.973
-121.737
-121.517
-121.292
-121.088
-120.869
-120.651
-120.426
-120.23
-120.022
-119.793
-119.589
-119.41
-119.207
-118.989
-118.809
-118.61
-118.403
-118.191
-117.99
-117.779
-117.594
-117.35
-117.134
-116.935
-116.709
-116.528
-116.276
-116.044
-115.838
-115.641
-115.448
-115.228
-115.023
-114.833
-114.599
-114.39
-114.185
-113.929
-113.691
-113.427
-113.24
-112.941
-112.715
-112.477
-112.189
-111.926
-111.653
-111.353
-111.069
-110.753
-110.433
-110.093
-109.777
-109.459
-109.103
-108.744
-108.395
-107.994
-107.598
-107.171
-106.778
-106.325
-105.866
-105.416
-104.992
-104.517
-103.989
-103.555
-102.946
-102.253
-101.498
-100.715
-99.6564
-97.9675
-95.8221
-91.9207
