-142.69
-133.847
-131.929
-130.748
-129.942
-129.27
-128.572
-127.984
-127.49
-127.056
-126.709
-126.312
-125.883
-125.518
-125.191
-124.886
-124.6
-124.295
-123.987
-123.723
-123.49
-123.253
-123.015
-122.776
-122.564
-122.372
-122.142
-121.932
-121.668
-121.48
-121.287
-121.097
-120.858
-120.65
-120.393
-120.207
-119.977
-119.787
-119.566
-119.378
-119.178
-118.977
-118.778
-118.579
-118.367
-118.155
-117.961
-117.763
-117.538
-117.294
-117.093
-116.882
-116.684
-116.449
-116.231
-116.002
-115.794
-115.59
-115.391
-115.158
-114.968
-114.736
-114.523
-114.306
-114.07
-113.817
-113.559
-113.305
-113.026
-112.773
-112.545
-112.261
-111.983
-111.69
-111.38
-111.042
-110.733
-110.38
-110.014
-109.653
-109.323
-108.912
-108.559
-108.148
-107.683
-107.23
-106.778
-106.261
-105.704
-105.226
-104.673
-104.102
-103.591
-103.006
-102.272
-101.515
-100.718
-99.677
-97.9808
-95.8238
-91.9208
