-123.042
-115.9
-114.251
-113.061
-112.234
-111.446
-110.807
-110.354
-109.909
-109.454
-109.05
-108.629
-108.25
-107.846
-107.501
-107.165
-106.815
-106.541
-106.239
-105.961
-105.694
-105.363
-105.094
-104.818
-104.514
-104.167
-103.872
-103.623
-103.322
-103.078
-102.81
-102.554
-102.278
-102.006
-101.735
-101.48
-101.25
-100.956
-100.659
-100.401
-100.092
-99.7759
-99.4919
-99.1965
-98.9218
-98.6452
-98.3518
-98.0705
-97.768
-97.4874
-97.1634
-96.8425
-96.5266
-96.1736
-95.8641
-95.5339
-95.224
-94.804
-94.4441
-94.0429
-93.6552
-93.2277
-92.8201
-92.3207
-91.8124
-91.3442
-90.8241
-90.3664
-89.801
-89.1798
-88.568
-87.8468
-87.1658
-86.4923
-85.7239
-85.0391
-84.46
-83.7915
-83.1883
-82.5476
-82.0322
-81.4874
-80.8667
-80.2906
-79.5413
-78.9739
-78.2885
-77.6834
-77.0896
-76.37
-75.5872
-74.6243
-73.8148
-72.5878
-70.9237
-69.3655
-67.2817
-64.7078
-60.8823
-56.7642
-46.5096
