-130.458
-119.356
-117.541
-116.209
-115.144
-114.267
-113.543
-112.92
-112.272
-111.751
-111.293
-110.873
-110.358
-109.867
-109.507
-109.065
-108.696
-108.339
-107.985
-107.671
-107.36
-107.053
-106.734
-106.407
-106.021
-105.711
-105.411
-105.052
-104.73
-104.428
-104.096
-103.786
-103.488
-103.218
-102.871
-102.59
-102.265
-101.994
-101.674
-101.366
-101.069
-100.782
-100.451
-100.104
-99.7438
-99.4618
-99.1678
-98.869
-98.547
-98.2432
-97.8808
-97.5573
-97.228
-96.9002
-96.5608
-96.2603
-95.9106
-95.5807
-95.1961
-94.7425
-94.3499
-93.9549
-93.51
-93.0033
-92.6185
-92.1057
-91.6228
-91.153
-90.6689
-90.1055
-89.5201
-89.0311
-88.3389
-87.7937
-87.2626
-86.7247
-86.1139
-85.4647
-84.8259
-84.2729
-83.6098
-83.0063
-82.4098
-81.8279
-81.1967
-80.554
-79.9111
-79.1597
-78.3641
-77.5217
-76.6729
-75.7054
-74.6171
-73.4454
-71.8026
-70.1745
-67.9472
-65.106
-61.383
-57.2093
-46.5433
