-140.197
-132.391
-130.563
-129.582
-128.693
-127.779
-127.222
-126.735
-126.291
-125.783
-125.357
-124.989
-124.661
-124.344
-124.026
-123.693
-123.44
-123.149
-122.88
-122.645
-122.399
-122.173
-121.961
-121.716
-121.495
-121.256
-121.033
-120.796
-120.555
-120.343
-120.157
-119.926
-119.707
-119.486
-119.308
-119.102
-118.915
-118.731
-118.515
-118.296
-118.098
-117.893
-117.712
-117.478
-117.244
-117.03
-116.828
-116.607
-116.412
-116.202
-115.966
-115.769
-115.583
-115.405
-115.204
-114.996
-114.808
-114.605
-114.384
-114.207
-113.988
-113.743
-113.509
-113.28
-112.986
-112.74
-112.537
-112.272
-111.999
-111.726
-111.438
-111.163
-110.901
-110.59
-110.298
-109.98
-109.641
-109.378
-108.973
-108.651
-108.293
-107.88
-107.5
-107.092
-106.681
-106.189
-105.701
-105.285
-104.848
-104.36
-103.867
-103.438
-102.86
-102.218
-101.596
-101.012
-100.265
-99.4318
-97.9402
-95.7278
-91.9205
