-142.721
-133.997
-132.258
-130.85
-130.066
-129.433
-128.787
-128.171
-127.637
-127.23
-126.831
-126.437
-126.049
-125.65
-125.322
-125.001
-124.712
-124.443
-124.124
-123.843
-123.611
-123.364
-123.13
-122.897
-122.693
-122.466
-122.264
-122.043
-121.79
-121.578
-121.374
-121.184
-120.976
-120.755
-120.516
-120.311
-120.098
-119.887
-119.671
-119.459
-119.271
-119.052
-118.875
-118.657
-118.437
-118.234
-118.024
-117.813
-117.605
-117.357
-117.152
-116.938
-116.711
-116.491
-116.264
-116.035
-115.809
-115.611
-115.411
-115.185
-114.982
-114.777
-114.545
-114.334
-114.12
-113.832
-113.579
-113.319
-113.041
-112.787
-112.55
-112.272
-111.984
-111.693
-111.392
-111.056
-110.742
-110.391
-110.014
-109.673
-109.323
-108.913
-108.563
-108.154
-107.69
-107.243
-106.778
-106.261
-105.706
-105.226
-104.673
-104.102
-103.591
-103.006
-102.273
-101.515
-100.718
-99.677
-97.981
-95.8238
-91.9208
