-142.394
-133.159
-131.471
-130.36
-129.524
-128.86
-128.146
-127.635
-127.194
-126.75
-126.359
-125.918
-125.537
-125.19
-124.85
-124.586
-124.283
-123.941
-123.662
-123.439
-123.191
-122.949
-122.721
-122.486
-122.296
-122.076
-121.852
-121.586
-121.389
-121.199
-120.984
-120.775
-120.55
-120.353
-120.126
-119.91
-119.711
-119.499
-119.312
-119.078
-118.89
-118.69
-118.486
-118.273
-118.071
-117.857
-117.663
-117.431
-117.209
-116.976
-116.761
-116.541
-116.308
-116.086
-115.883
-115.685
-115.489
-115.282
-115.081
-114.865
-114.642
-114.43
-114.235
-113.972
-113.725
-113.478
-113.249
-112.982
-112.738
-112.513
-112.238
-111.974
-111.694
-111.396
-111.105
-110.793
-110.462
-110.134
-109.872
-109.527
-109.203
-108.824
-108.496
-108.072
-107.62
-107.17
-106.721
-106.222
-105.685
-105.218
-104.672
-104.095
-103.587
-102.985
-102.272
-101.508
-100.718
-99.6765
-97.9676
-95.8233
-91.9208
