-134.122
-120.515
-118.38
-116.9
-115.766
-114.986
-114.143
-113.412
-112.841
-112.292
-111.754
-111.272
-110.786
-110.287
-109.868
-109.468
-109.038
-108.675
-108.322
-107.972
-107.653
-107.317
-107.039
-106.664
-106.357
-105.976
-105.64
-105.301
-104.985
-104.635
-104.294
-104.012
-103.683
-103.379
-103.058
-102.76
-102.426
-102.129
-101.836
-101.524
-101.209
-100.909
-100.561
-100.213
-99.8812
-99.5974
-99.2889
-99.0086
-98.6835
-98.3704
-98.0346
-97.6794
-97.3703
-97.0584
-96.6915
-96.3886
-96.0469
-95.6836
-95.3247
-94.9118
-94.5047
-94.0787
-93.6796
-93.174
-92.7589
-92.2922
-91.8057
-91.3407
-90.8359
-90.3664
-89.7862
-89.2456
-88.6942
-88.1144
-87.5051
-86.9889
-86.3855
-85.7556
-85.1795
-84.5892
-83.9685
-83.3483
-82.7452
-82.172
-81.5482
-80.8479
-80.1859
-79.4139
-78.5234
-77.6629
-76.7693
-75.796
-74.745
-73.5463
-71.9108
-70.231
-67.9766
-65.1326
-61.4843
-57.2225
-46.5467
