-127.267
-118.023
-116.307
-115.07
-114.1
-113.291
-112.559
-112.004
-111.461
-110.952
-110.547
-110.076
-109.586
-109.184
-108.807
-108.421
-108.064
-107.742
-107.41
-107.102
-106.819
-106.52
-106.212
-105.846
-105.513
-105.239
-104.861
-104.593
-104.293
-104.014
-103.706
-103.438
-103.159
-102.851
-102.523
-102.253
-101.973
-101.658
-101.371
-101.046
-100.757
-100.47
-100.154
-99.8282
-99.5084
-99.2352
-98.9294
-98.6325
-98.338
-98.0525
-97.7045
-97.3541
-97.0469
-96.7025
-96.3527
-96.0394
-95.6803
-95.3523
-94.9304
-94.4988
-94.0815
-93.6964
-93.2207
-92.7968
-92.3631
-91.8397
-91.332
-90.8511
-90.3768
-89.7771
-89.1883
-88.5914
-87.9525
-87.3284
-86.754
-86.1493
-85.5311
-84.9448
-84.3084
-83.7332
-83.0671
-82.5339
-81.9527
-81.2559
-80.6619
-79.9766
-79.3896
-78.6602
-77.9933
-77.1928
-76.3765
-75.3672
-74.4478
-73.1495
-71.6188
-69.9138
-67.7787
-65.0287
-61.077
-57.102
-46.5352
