-113.913
-108.805
-107.556
-106.796
-106.136
-105.645
-105.156
-104.686
-104.313
-104
-103.63
-103.307
-103.032
-102.764
-102.463
-102.164
-101.892
-101.614
-101.361
-101.146
-100.893
-100.654
-100.482
-100.248
-100.026
-99.8294
-99.5912
-99.3696
-99.1016
-98.8311
-98.6265
-98.3969
-98.1441
-97.9325
-97.7425
-97.4734
-97.2685
-97.0365
-96.8458
-96.6306
-96.4013
-96.1764
-95.9452
-95.7166
-95.4647
-95.2105
-94.9543
-94.7246
-94.4768
-94.1973
-93.9491
-93.7006
-93.4681
-93.1106
-92.7896
-92.5196
-92.2175
-91.9027
-91.5464
-91.2272
-90.8935
-90.5436
-90.1668
-89.685
-89.2428
-88.8349
-88.3131
-87.7072
-87.1335
-86.6335
-86.0086
-85.2222
-84.4811
-83.6552
-82.7827
-81.8829
-80.7682
-79.5546
-78.5542
-77.6592
-76.9344
-76.4268
-75.9119
-75.3954
-74.8933
-74.36
-73.8359
-73.3596
-72.8057
-72.2426
-71.5698
-70.7072
-69.8957
-68.7726
-67.4941
-65.9866
-64.2001
-61.5791
-58.4632
-54.6992
-46.1856
