-25.8137
-19.8643
-18.0879
-17.1029
-16.2892
-15.5169
-14.7949
-14.1383
-13.6367
-13.0925
-12.5408
-12.062
-11.6041
-11.1664
-10.6817
-10.2803
-9.88063
-9.52895
-9.15842
-8.78934
-8.4248
-8.04254
-7.6022
-7.21046
-6.7841
-6.42647
-6.03725
-5.67716
-5.28494
-4.94466
-4.60807
-4.26093
-3.84286
-3.39616
-3.06541
-2.64012
-2.22671
-1.8417
-1.48842
-1.03697
-0.582359
-0.105994
0.292253
0.718695
1.15808
1.59038
2.11254
2.54998
2.99826
3.44856
3.95653
4.38518
4.76801
5.15543
5.57208
5.97603
6.37875
6.72278
6.99569
7.26221
7.48457
7.61915
7.75903
7.88515
7.98276
8.06678
8.1274
8.17114
8.20691
8.23307
8.25859
8.27713
8.29327
8.30871
8.32162
8.33116
8.33993
8.3459
8.35305
8.36002
8.3656
8.3704
8.37457
8.37836
8.38171
8.38465
8.38754
8.38989
8.39235
8.39432
8.39615
8.39767
8.39909
8.40078
8.40235
8.40354
8.40497
8.40595
8.40715
8.40826
8.41016
