-7.12734
-1.6882
-0.277157
0.713087
1.61324
2.20315
2.80004
3.26964
3.70354
4.11972
4.51968
4.87628
5.19804
5.52057
5.86521
6.17628
6.53862
6.87759
7.12693
7.42661
7.72215
7.953
8.25072
8.50957
8.81208
9.08424
9.33281
9.58192
9.88465
10.1703
10.3974
10.6617
10.9434
11.1873
11.4123
11.655
11.932
12.1964
12.4
12.6671
12.9399
13.1953
13.4151
13.6789
13.9565
14.2281
14.5409
14.8338
15.1435
15.3975
15.6689
15.9275
16.2277
16.4863
16.7823
17.1055
17.3633
17.6846
17.9819
18.2566
18.6143
18.979
19.3267
19.6839
20.0087
20.3848
20.774
21.1716
21.5235
21.9323
22.3588
22.7084
23.1003
23.4861
23.877
24.2692
24.6869
25.2121
25.708
26.1607
26.6301
27.162
27.6395
28.2596
28.9047
29.5611
30.1499
30.7783
31.6499
32.3677
33.238
34.2063
35.2184
36.3005
37.3946
38.4823
39.8541
40.9256
42.6751
44.4357
48.7939
