-8.97119
-5.01987
-4.16729
-3.54068
-3.11811
-2.71426
-2.3759
-2.03158
-1.65498
-1.32786
-1.02334
-0.777483
-0.50025
-0.246327
0.00626642
0.245804
0.445975
0.71013
0.926555
1.15725
1.39594
1.58612
1.78676
2.00451
2.19735
2.37988
2.59629
2.79299
2.97104
3.19857
3.40222
3.59731
3.75087
3.89259
4.0481
4.24731
4.46514
4.66471
4.82878
4.99807
5.20143
5.39169
5.58613
5.77868
5.97686
6.18532
6.42361
6.61845
6.81976
6.98896
7.19468
7.41637
7.62051
7.88039
8.07966
8.3353
8.55917
8.81219
9.04493
9.30925
9.57329
9.83775
10.115
10.3789
10.6864
10.9866
11.3183
11.7027
12.0389
12.3679
12.7317
13.2073
13.6807
14.0651
14.5652
15.1372
15.6613
16.1811
16.8023
17.4048
17.9733
18.5542
19.1634
19.7123
20.3188
20.8367
21.4003
21.953
22.4938
22.9381
23.4971
24.0749
24.7951
25.6055
26.329
27.1394
27.7916
28.4568
29.1992
30.1375
31.1309
