-7.13136
-1.69864
-0.29147
0.705446
1.603
2.18831
2.7866
3.25457
3.68117
4.08881
4.48978
4.8438
5.16053
5.49076
5.82923
6.15057
6.50726
6.8382
7.08186
7.38394
7.67422
7.91318
8.20749
8.46802
8.75652
9.04518
9.28343
9.52959
9.82984
10.1039
10.3457
10.61
10.8773
11.1129
11.3428
11.5852
11.8357
12.1199
12.3357
12.5938
12.8346
13.1132
13.331
13.5714
13.8481
14.1164
14.4145
14.7151
15.0289
15.2661
15.5385
15.7858
16.0589
16.3334
16.6061
16.9302
17.1958
17.4876
17.8036
18.1104
18.4321
18.7746
19.1238
19.4546
19.7964
20.0956
20.4347
20.8278
21.2113
21.5675
21.947
22.2999
22.7143
23.1414
23.4381
23.8453
24.2893
24.7605
25.236
25.7004
26.136
26.6287
27.1607
27.6583
28.1822
28.8369
29.4729
30.0666
30.6666
31.5604
32.3055
33.1418
34.0296
34.8822
36.0051
37.3632
38.869
40.1865
41.8413
43.8416
47.9934
