-7.14004
-1.72117
-0.313493
0.669359
1.55973
2.15357
2.73103
3.21476
3.64071
4.02269
4.43157
4.78116
5.09673
5.42353
5.75366
6.08635
6.43092
6.74441
6.98364
7.28547
7.59139
7.8499
8.11036
8.35148
8.66697
8.93237
9.1785
9.41783
9.7023
9.98048
10.2221
10.4714
10.7256
10.962
11.1808
11.4282
11.669
11.941
12.1773
12.4027
12.6601
12.8813
13.1416
13.3682
13.6389
13.8899
14.1988
14.4743
14.7623
15.0054
15.2354
15.5013
15.7576
16.0148
16.3339
16.6266
16.8977
17.1544
17.4268
17.725
18.0391
18.3389
18.6253
18.9821
19.2823
19.5971
19.8866
20.1925
20.6199
20.9451
21.3608
21.7168
22.1164
22.4789
22.8809
23.2508
23.6354
24.0219
24.4449
24.9112
25.3939
25.8902
26.357
26.8873
27.3558
27.9677
28.587
29.103
29.7783
30.3702
31.2021
31.9454
32.9343
34.0465
35.2003
36.7844
38.3121
39.7212
41.2295
42.9936
46.6441
