-7.12861
-1.69149
-0.283418
0.711208
1.6107
2.19818
2.79671
3.2641
3.69958
4.10898
4.51196
4.86644
5.19074
5.51058
5.85407
6.16864
6.52835
6.86127
7.11454
7.41149
7.70445
7.94352
8.23743
8.50064
8.79947
9.07171
9.31985
9.5591
9.85919
10.1437
10.3794
10.6462
10.9205
11.1549
11.39
11.6379
11.9063
12.1719
12.381
12.6448
12.9127
13.1699
13.3772
13.6455
13.9208
14.1789
14.524
14.7856
15.11
15.3429
15.6347
15.8961
16.1818
16.4344
16.7462
17.0414
17.319
17.619
17.917
18.2058
18.5762
18.9035
19.2655
19.6024
19.9436
20.2944
20.6714
21.0768
21.4342
21.8166
22.2205
22.578
23.0056
23.3898
23.7324
24.0915
24.5643
25.0335
25.5283
26.0249
26.4897
26.9942
27.4825
28.0801
28.6473
29.25
29.9408
30.5513
31.2002
31.9763
32.9664
33.8648
34.8496
35.6212
36.7545
37.921
39.4174
40.4658
42.1464
44.0734
48.525
