-25.8137
-19.8643
-18.0878
-17.1029
-16.284
-15.486
-14.7948
-14.132
-13.6367
-13.0893
-12.5331
-12.062
-11.604
-11.1648
-10.6812
-10.2734
-9.87471
-9.52657
-9.15419
-8.78614
-8.42091
-8.03674
-7.60153
-7.20969
-6.78395
-6.42282
-6.02025
-5.67022
-5.28327
-4.93799
-4.60203
-4.25389
-3.84208
-3.39362
-3.05871
-2.63703
-2.22103
-1.83712
-1.48842
-1.02738
-0.582033
-0.105961
0.294112
0.718869
1.16088
1.59041
2.11596
2.55708
2.99826
3.44862
3.96452
4.38875
4.76863
5.15543
5.57215
5.97616
6.37881
6.72278
6.9957
7.26377
7.48483
7.62229
7.75904
7.89353
7.99149
8.07165
8.13844
8.18047
8.21959
8.24547
8.26843
8.28758
8.30323
8.31765
8.3276
8.3374
8.34424
8.35072
8.35823
8.36448
8.36925
8.37354
8.3777
8.38104
8.384
8.38729
8.38969
8.39211
8.39404
8.39588
8.39735
8.39881
8.40028
8.40195
8.40306
8.40426
8.40551
8.4065
8.40768
8.40861
8.41017
