-7.12747
-1.68852
-0.277766
0.712442
1.61272
2.20266
2.79963
3.26928
3.70342
4.1193
4.51866
4.87544
5.19752
5.51943
5.86475
6.17469
6.53826
6.87629
7.12598
7.42531
7.72043
7.95208
8.24788
8.50951
8.81137
9.08275
9.33244
9.58032
9.88319
10.1694
10.396
10.6611
10.9408
11.1836
11.4068
11.6547
11.9294
12.195
12.3996
12.6647
12.9376
13.1926
13.4118
13.6758
13.9481
14.2226
14.5403
14.8291
15.1386
15.3939
15.6687
15.9273
16.2236
16.4759
16.78
17.099
17.3606
17.6797
17.9771
18.2559
18.6118
18.9728
19.3128
19.6796
19.9967
20.3782
20.7713
21.1464
21.5229
21.9247
22.3412
22.6908
23.077
23.4809
23.8649
24.2474
24.6803
25.1929
25.6983
26.1492
26.6215
27.1287
27.6289
28.2562
28.8807
29.5278
30.1288
30.7576
31.5939
32.3313
33.1753
34.186
35.1502
36.2408
37.3286
38.3823
39.8313
40.8797
42.5843
44.3469
48.767
