-29.2387
-20.2224
-18.3607
-17.3835
-16.5199
-15.8118
-15.115
-14.4811
-13.8862
-13.3422
-12.8505
-12.341
-11.8413
-11.4043
-10.9531
-10.4867
-10.0702
-9.7045
-9.36985
-8.98579
-8.63669
-8.25554
-7.84804
-7.40189
-6.99278
-6.6539
-6.26674
-5.86178
-5.5086
-5.1472
-4.81232
-4.44253
-4.04302
-3.64868
-3.22521
-2.79769
-2.40038
-2.00473
-1.61071
-1.17546
-0.723982
-0.338854
0.102908
0.523507
0.938776
1.33412
1.77217
2.19543
2.61397
3.02029
3.44833
3.91175
4.36927
4.70699
5.06877
5.43738
5.80277
6.1265
6.48416
6.78084
6.99472
7.21648
7.41987
7.55168
7.67434
7.79028
7.877
7.96656
8.03351
8.08889
8.13185
8.16846
8.20504
8.22852
8.24983
8.26797
8.28358
8.29746
8.30777
8.319
8.32873
8.3372
8.34355
8.35158
8.35866
8.36341
8.36811
8.37263
8.37673
8.38012
8.38409
8.38754
8.39033
8.39311
8.39535
8.39775
8.40006
8.40223
8.40468
8.40649
8.40984
