-7.12734
-1.68819
-0.277138
0.713117
1.61325
2.20316
2.80005
3.26965
3.70354
4.11974
4.51973
4.8763
5.19804
5.52058
5.86523
6.1763
6.53863
6.87763
7.12696
7.42665
7.72216
7.95303
8.25073
8.50957
8.81211
9.08429
9.33282
9.58196
9.88469
10.1703
10.3974
10.6617
10.9435
11.1873
11.4123
11.655
11.932
12.1964
12.4
12.6672
12.9399
13.1954
13.4153
13.679
13.9568
14.2281
14.5409
14.8342
15.1435
15.3981
15.6689
15.9275
16.2278
16.4863
16.7824
17.1055
17.3635
17.6847
17.9819
18.2566
18.6143
18.9792
19.3271
19.6842
20.0093
20.3848
20.7745
21.1718
21.5235
21.9323
22.3596
22.7084
23.1017
23.4861
23.877
24.2695
24.6869
25.2121
25.7082
26.1607
26.6302
27.162
27.6415
28.2597
28.9065
29.5611
30.1499
30.7785
31.65
32.3687
33.2383
34.2064
35.2185
36.3006
37.3948
38.4825
39.8543
40.9415
42.6753
44.4363
48.7948
