-7.25272
-2.02568
-0.722135
0.250496
1.01533
1.6169
2.19685
2.68023
2.99948
3.31263
3.65366
3.98321
4.28779
4.58308
4.83879
5.10018
5.41079
5.65352
5.9225
6.15907
6.41
6.60982
6.82887
7.07523
7.31271
7.53827
7.75852
7.99252
8.22347
8.44214
8.6301
8.86476
9.07704
9.29502
9.54584
9.75061
9.96256
10.1156
10.3207
10.5519
10.7818
10.9719
11.1852
11.3818
11.5988
11.824
12.0459
12.2703
12.4812
12.7121
12.999
13.1958
13.4514
13.6669
13.9014
14.1542
14.3892
14.6374
14.862
15.1324
15.3625
15.6244
15.8802
16.1333
16.4328
16.7221
17.031
17.3637
17.6887
18.0138
18.3702
18.6753
19.0334
19.399
19.7073
20.1284
20.5078
20.9921
21.4313
21.8744
22.2926
22.8
23.2821
23.785
24.5425
25.1397
25.8031
26.5242
27.1636
27.9078
28.7678
29.5736
30.5231
31.4839
32.7355
34.0401
35.1052
36.1171
37.1114
38.2354
40.2376
