-7.12774
-1.68923
-0.279125
0.712146
1.61227
2.20159
2.79871
3.26847
3.70252
4.11835
4.51518
4.87358
5.19629
5.51659
5.86371
6.17311
6.53733
6.87139
7.12387
7.42241
7.71767
7.94949
8.24689
8.50839
8.80845
9.07941
9.3296
9.57345
9.87797
10.1669
10.3943
10.6576
10.9385
11.1798
11.4058
11.6534
11.9256
12.1905
12.3926
12.6633
12.9326
13.1883
13.4068
13.668
13.9416
14.2162
14.5388
14.8232
15.132
15.3779
15.666
15.9185
16.2184
16.4714
16.7758
17.0847
17.3555
17.662
17.96
18.2387
18.6016
18.9589
19.298
19.6674
19.9843
20.3597
20.7495
21.1358
21.5028
21.9046
22.327
22.6414
23.0636
23.4543
23.8337
24.2091
24.6381
25.1808
25.6573
26.1235
26.6062
27.0988
27.5893
28.2165
28.8275
29.4476
30.0527
30.721
31.5199
32.2133
33.0905
34.1156
35.0904
36.069
37.0977
38.2807
39.7259
40.7866
42.3875
44.1901
48.7077
