-109.061
-104.741
-103.064
-101.95
-101.099
-100.568
-99.9893
-99.5323
-99.152
-98.8402
-98.5313
-98.2802
-98.0054
-97.7961
-97.5197
-97.2918
-97.1151
-96.9287
-96.7069
-96.5145
-96.2843
-96.125
-95.9729
-95.8055
-95.6261
-95.4584
-95.2747
-95.1103
-94.9387
-94.7288
-94.5492
-94.3942
-94.2199
-94.0606
-93.8889
-93.7341
-93.5622
-93.3976
-93.2231
-93.0425
-92.862
-92.6673
-92.51
-92.2976
-92.1281
-91.9477
-91.7652
-91.5884
-91.4324
-91.2557
-91.0757
-90.8963
-90.7014
-90.5179
-90.2751
-90.0472
-89.8316
-89.6615
-89.4809
-89.2734
-89.0638
-88.9014
-88.7143
-88.516
-88.3007
-88.0992
-87.885
-87.6576
-87.396
-87.0976
-86.8253
-86.5325
-86.1492
-85.7367
-85.3054
-84.6791
-83.788
-82.2241
-79.7861
-76.6013
-74.4776
-72.8126
-71.0091
-69.7696
-68.8214
-68.0052
-67.5214
-67.1975
-66.8542
-66.543
-66.2563
-65.9514
-65.6161
-65.3216
-65.0093
-64.7086
-64.2941
-63.6389
-62.2805
-58.5863
-44.1368
