-109.05
-104.532
-102.804
-101.662
-100.839
-100.155
-99.6347
-99.1818
-98.8325
-98.4752
-98.1556
-97.8969
-97.5947
-97.3387
-97.1665
-96.9511
-96.7269
-96.541
-96.2905
-96.0943
-95.9395
-95.7324
-95.5661
-95.3429
-95.1564
-94.9956
-94.8092
-94.595
-94.4356
-94.2551
-94.0926
-93.911
-93.7602
-93.6051
-93.4209
-93.2443
-93.0881
-92.905
-92.6998
-92.5163
-92.3289
-92.1558
-91.9801
-91.7713
-91.5917
-91.4236
-91.244
-91.0645
-90.8651
-90.6733
-90.4736
-90.2774
-90.0628
-89.8466
-89.6902
-89.4942
-89.2844
-89.0546
-88.87
-88.6709
-88.4771
-88.2464
-88.0477
-87.8047
-87.5695
-87.3358
-87.0599
-86.817
-86.5517
-86.2016
-85.818
-85.4241
-84.9554
-84.3021
-83.5479
-82.466
-80.9951
-79.0349
-76.4738
-74.693
-73.2892
-71.6101
-69.9723
-69.0596
-68.1722
-67.5706
-67.2012
-66.898
-66.5919
-66.2586
-65.9519
-65.6254
-65.2775
-64.9818
-64.6462
-64.2006
-63.4739
-62.4921
-60.5734
-56.5078
-40.8236
