-109.024
-104.213
-102.379
-101.327
-100.59
-99.8521
-99.2462
-98.8623
-98.4939
-98.1456
-97.8661
-97.5334
-97.2454
-97.021
-96.8039
-96.5916
-96.3521
-96.0952
-95.9405
-95.7512
-95.5543
-95.3664
-95.1695
-94.9891
-94.7698
-94.5551
-94.3775
-94.1965
-94.0185
-93.8499
-93.6577
-93.509
-93.3339
-93.1394
-92.9514
-92.7916
-92.5778
-92.4103
-92.1981
-92.0289
-91.8283
-91.6386
-91.4405
-91.2279
-91.029
-90.8401
-90.6405
-90.4254
-90.2353
-90.0112
-89.8041
-89.6279
-89.4642
-89.2674
-89.0694
-88.8853
-88.6674
-88.4428
-88.2286
-88.0402
-87.8072
-87.5649
-87.3453
-87.0876
-86.8374
-86.5371
-86.2343
-85.8841
-85.5551
-85.165
-84.6182
-84.0823
-83.3438
-82.455
-81.3781
-80.1838
-78.197
-76.2543
-74.7239
-73.3724
-72.0389
-70.462
-69.3537
-68.4363
-67.6477
-67.1858
-66.8396
-66.5052
-66.2224
-65.9043
-65.5919
-65.257
-64.9609
-64.63
-64.2425
-63.6683
-62.4326
-60.7595
-58.2973
-53.9628
-35.8347
