-112.296
-106.619
-105.113
-104.207
-103.524
-103.009
-102.567
-102.137
-101.869
-101.504
-101.184
-100.816
-100.411
-100.046
-99.7062
-99.4044
-99.0806
-98.8016
-98.5513
-98.2927
-98.034
-97.8721
-97.688
-97.5056
-97.3392
-97.2021
-97.0599
-96.9368
-96.8059
-96.67
-96.5461
-96.4125
-96.2971
-96.1809
-96.0803
-95.9835
-95.8871
-95.7943
-95.7071
-95.6001
-95.5092
-95.4206
-95.3348
-95.2402
-95.1376
-95.0404
-94.9459
-94.8517
-94.7581
-94.6649
-94.5566
-94.4696
-94.3875
-94.2951
-94.2015
-94.1011
-94.0077
-93.914
-93.8205
-93.7294
-93.6368
-93.5527
-93.4539
-93.3709
-93.2814
-93.1828
-93.0853
-92.9948
-92.8855
-92.7833
-92.6828
-92.5764
-92.4855
-92.3731
-92.2816
-92.1952
-92.0772
-91.9751
-91.8735
-91.7825
-91.6869
-91.5879
-91.4858
-91.3771
-91.2671
-91.1605
-91.0697
-90.9661
-90.8372
-90.7042
-90.5869
-90.4516
-90.3152
-90.1484
-89.9736
-89.7757
-89.562
-89.2358
-88.8722
-88.2905
-86.3711
