-103.994
-99.3051
-97.9025
-96.944
-96.207
-95.5214
-94.929
-94.5336
-94.2458
-93.981
-93.6964
-93.4478
-93.2412
-93.0675
-92.8902
-92.7285
-92.5469
-92.3911
-92.2536
-92.1127
-91.9735
-91.8459
-91.7296
-91.622
-91.5048
-91.3859
-91.2597
-91.1456
-91.0567
-90.9678
-90.8603
-90.7563
-90.6586
-90.5666
-90.482
-90.3908
-90.3147
-90.2353
-90.1441
-90.0499
-89.9718
-89.8925
-89.811
-89.728
-89.6607
-89.5858
-89.5068
-89.4169
-89.3399
-89.2615
-89.1833
-89.1086
-89.0404
-88.9695
-88.8995
-88.8332
-88.769
-88.6905
-88.6097
-88.5318
-88.4577
-88.3913
-88.311
-88.238
-88.1636
-88.0935
-88.0176
-87.9252
-87.8423
-87.759
-87.6969
-87.6154
-87.542
-87.4734
-87.3998
-87.3123
-87.2298
-87.1409
-87.0716
-86.984
-86.8982
-86.8139
-86.734
-86.6601
-86.5808
-86.4819
-86.3952
-86.2991
-86.2071
-86.0895
-85.9756
-85.8442
-85.7286
-85.58
-85.4211
-85.2677
-85.0742
-84.8363
-84.5059
-84.0583
-82.0523
