-109.062
-104.795
-103.129
-102.041
-101.215
-100.634
-100.087
-99.6451
-99.2556
-98.931
-98.6326
-98.3644
-98.0896
-97.8866
-97.6114
-97.3844
-97.1825
-97.0168
-96.8064
-96.6175
-96.3986
-96.1942
-96.0464
-95.9027
-95.7308
-95.5515
-95.3706
-95.2062
-95.0501
-94.8447
-94.6452
-94.4824
-94.3171
-94.1554
-93.9876
-93.8085
-93.6435
-93.4892
-93.3154
-93.1499
-92.9858
-92.7891
-92.6046
-92.4336
-92.24
-92.0688
-91.8998
-91.7199
-91.5474
-91.3781
-91.2167
-91.0225
-90.8561
-90.6429
-90.4369
-90.2227
-90.0059
-89.8186
-89.6497
-89.4503
-89.2586
-89.0617
-88.8958
-88.6982
-88.508
-88.2608
-88.0559
-87.8251
-87.621
-87.3252
-87.0415
-86.7304
-86.4236
-85.9881
-85.5689
-84.9585
-84.1342
-82.9244
-80.9737
-77.2878
-74.7142
-72.9624
-71.142
-69.8562
-68.9096
-68.123
-67.5728
-67.231
-66.9098
-66.6092
-66.3374
-66.027
-65.6997
-65.387
-65.1264
-64.8005
-64.4024
-63.8363
-62.6011
-59.3501
-44.1385
