-117.445
-110.432
-108.451
-107.315
-106.472
-105.89
-105.315
-104.744
-104.197
-103.728
-103.249
-102.794
-102.247
-101.857
-101.327
-100.82
-100.349
-99.945
-99.578
-99.2465
-98.9847
-98.7595
-98.5347
-98.2742
-98.0757
-97.9278
-97.7396
-97.5988
-97.4534
-97.3215
-97.1996
-97.0684
-96.9289
-96.8156
-96.6965
-96.5718
-96.4453
-96.3311
-96.2125
-96.0959
-95.996
-95.8969
-95.7954
-95.6996
-95.5919
-95.506
-95.399
-95.3005
-95.2097
-95.1134
-95.0133
-94.9045
-94.7892
-94.6774
-94.5795
-94.4842
-94.3716
-94.2685
-94.1756
-94.0646
-93.9698
-93.8674
-93.7643
-93.6563
-93.554
-93.4681
-93.3685
-93.2674
-93.1701
-93.0498
-92.9303
-92.8344
-92.7172
-92.6358
-92.5349
-92.4319
-92.3097
-92.2026
-92.1068
-91.9961
-91.8928
-91.7724
-91.6824
-91.5748
-91.4564
-91.3384
-91.2389
-91.1382
-91.0296
-90.8903
-90.7492
-90.6076
-90.4642
-90.2897
-90.0832
-89.91
-89.676
-89.3671
-89
-88.3835
-86.4184
