-117.556
-110.483
-108.561
-107.384
-106.549
-105.917
-105.357
-104.764
-104.225
-103.758
-103.256
-102.811
-102.278
-101.873
-101.336
-100.834
-100.375
-99.9516
-99.5915
-99.2665
-98.9997
-98.7706
-98.5398
-98.2799
-98.0903
-97.9385
-97.7473
-97.6045
-97.4619
-97.3279
-97.2094
-97.077
-96.9359
-96.8198
-96.703
-96.5802
-96.4509
-96.3358
-96.2162
-96.0999
-96.0001
-95.9015
-95.7999
-95.7017
-95.5951
-95.5096
-95.4046
-95.3088
-95.2143
-95.1195
-95.0174
-94.908
-94.7928
-94.6821
-94.5834
-94.49
-94.3746
-94.2721
-94.1802
-94.0686
-93.9713
-93.8721
-93.7681
-93.6587
-93.5567
-93.4702
-93.3717
-93.269
-93.171
-93.0507
-92.9316
-92.8363
-92.7206
-92.6373
-92.5362
-92.4338
-92.3123
-92.2053
-92.1103
-91.9967
-91.8943
-91.7746
-91.6832
-91.5756
-91.4569
-91.3398
-91.2407
-91.1402
-91.0308
-90.8917
-90.751
-90.6086
-90.4655
-90.2924
-90.0847
-89.9125
-89.6798
-89.3684
-89.0001
-88.3843
-86.4185
