-117.569
-110.505
-108.579
-107.395
-106.558
-105.919
-105.358
-104.765
-104.226
-103.758
-103.256
-102.814
-102.279
-101.875
-101.337
-100.836
-100.38
-99.952
-99.593
-99.2685
-99.0014
-98.7719
-98.5416
-98.2803
-98.0919
-97.9395
-97.7477
-97.6051
-97.4632
-97.3285
-97.2099
-97.0775
-96.9365
-96.8199
-96.7041
-96.5807
-96.4516
-96.3359
-96.2173
-96.1
-96.0011
-95.9017
-95.8007
-95.7026
-95.5954
-95.51
-95.4051
-95.3097
-95.2144
-95.1199
-95.0179
-94.9081
-94.7932
-94.6824
-94.5837
-94.4901
-94.3754
-94.2723
-94.1803
-94.0691
-93.9714
-93.8722
-93.7685
-93.6589
-93.557
-93.4704
-93.3718
-93.2692
-93.1711
-93.051
-92.9318
-92.8363
-92.7211
-92.6374
-92.5367
-92.4339
-92.3123
-92.2057
-92.1105
-91.9969
-91.8943
-91.7749
-91.6832
-91.5758
-91.4574
-91.34
-91.2407
-91.1403
-91.0309
-90.8918
-90.7512
-90.6088
-90.4655
-90.2928
-90.0849
-89.9128
-89.6803
-89.3686
-89.0001
-88.3844
-86.4185
