-108.697
-103.056
-101.411
-100.207
-99.3284
-98.5787
-98.1003
-97.6467
-97.2815
-96.9059
-96.5764
-96.2788
-95.991
-95.744
-95.503
-95.2493
-95.0022
-94.7847
-94.5275
-94.2988
-94.0665
-93.8279
-93.629
-93.4564
-93.2495
-93.0369
-92.8251
-92.5902
-92.3503
-92.1395
-91.9486
-91.7387
-91.5375
-91.3334
-91.1395
-90.933
-90.7098
-90.4574
-90.2202
-89.9885
-89.7523
-89.552
-89.3637
-89.1297
-88.9285
-88.7106
-88.5101
-88.2747
-88.0409
-87.8308
-87.6259
-87.376
-87.1151
-86.8855
-86.6583
-86.4292
-86.1489
-85.8298
-85.5605
-85.2466
-84.9054
-84.5265
-84.0834
-83.632
-82.9752
-82.4398
-81.8163
-81.0743
-80.3385
-79.4112
-78.5554
-77.676
-76.4295
-75.5211
-74.5296
-73.5368
-72.5334
-71.4795
-70.4344
-69.2933
-68.35
-67.5498
-67.0165
-66.5672
-66.229
-65.8565
-65.4999
-65.2137
-64.8965
-64.6315
-64.2627
-63.8018
-63.0386
-62.0227
-60.9952
-59.4387
-57.1818
-53.8744
-50.4751
-45.727
-25.8393
