-109.059
-104.624
-102.981
-101.857
-100.999
-100.415
-99.846
-99.3721
-99.0421
-98.6825
-98.3793
-98.0953
-97.8541
-97.6207
-97.3376
-97.1541
-96.9702
-96.7426
-96.5305
-96.3171
-96.126
-95.9852
-95.8099
-95.6441
-95.455
-95.28
-95.1077
-94.9366
-94.7279
-94.5502
-94.3858
-94.2347
-94.0707
-93.8889
-93.7315
-93.5787
-93.4071
-93.2254
-93.0416
-92.8591
-92.6674
-92.4922
-92.2863
-92.1209
-91.9432
-91.7526
-91.5781
-91.3944
-91.2214
-91.0311
-90.8644
-90.6449
-90.4641
-90.255
-90.0299
-89.8244
-89.6458
-89.4468
-89.2546
-89.0429
-88.8474
-88.6603
-88.4894
-88.2505
-88.0245
-87.7975
-87.5927
-87.3178
-87.0389
-86.7432
-86.4554
-86.0689
-85.693
-85.304
-84.6329
-83.9274
-82.8613
-81.0286
-78.4464
-75.5449
-73.92
-72.3644
-70.6066
-69.5142
-68.6301
-67.8754
-67.4286
-67.0995
-66.742
-66.4524
-66.1553
-65.8239
-65.4955
-65.2072
-64.8914
-64.5423
-64.1096
-63.2954
-61.6485
-57.8176
-44.1316
