-109.062
-104.797
-103.174
-102.082
-101.24
-100.71
-100.149
-99.6695
-99.3226
-99.0015
-98.6858
-98.4056
-98.1415
-97.9264
-97.6606
-97.4495
-97.2459
-97.0631
-96.8556
-96.672
-96.4489
-96.2345
-96.0813
-95.9364
-95.7724
-95.6078
-95.4305
-95.2658
-95.0863
-94.9039
-94.7141
-94.5475
-94.3833
-94.2103
-94.0394
-93.8732
-93.7136
-93.5375
-93.3783
-93.2089
-93.0327
-92.8632
-92.6778
-92.5221
-92.3241
-92.1433
-91.9845
-91.8028
-91.6314
-91.4668
-91.2937
-91.1101
-90.9236
-90.7364
-90.5603
-90.3031
-90.0855
-89.911
-89.7312
-89.5498
-89.3444
-89.1356
-88.9658
-88.7869
-88.5648
-88.363
-88.1332
-87.9204
-87.6838
-87.4266
-87.1094
-86.8209
-86.5415
-86.1145
-85.7026
-85.1947
-84.4176
-83.3438
-81.4517
-77.5796
-74.7209
-72.9894
-71.17
-69.8935
-68.9508
-68.1755
-67.6203
-67.277
-66.9561
-66.6486
-66.3895
-66.0895
-65.7495
-65.445
-65.1799
-64.8496
-64.4734
-63.883
-62.7607
-59.7916
-44.139
