-107.352
-102.359
-101.116
-100.114
-99.1539
-98.4455
-97.8989
-97.3988
-96.9842
-96.5924
-96.2683
-96.0515
-95.8288
-95.6119
-95.4266
-95.2674
-95.1223
-94.9564
-94.8256
-94.6754
-94.5499
-94.4314
-94.3142
-94.1909
-94.1043
-94.0068
-93.8989
-93.8021
-93.7035
-93.6105
-93.5112
-93.4059
-93.3205
-93.2383
-93.1457
-93.0654
-92.9822
-92.8978
-92.805
-92.7272
-92.6529
-92.582
-92.5048
-92.42
-92.3463
-92.2665
-92.199
-92.1276
-92.0643
-92.0031
-91.9208
-91.8387
-91.7645
-91.6903
-91.6215
-91.5606
-91.494
-91.4311
-91.3684
-91.3006
-91.23
-91.1743
-91.1188
-91.0621
-90.9936
-90.929
-90.8661
-90.7933
-90.7189
-90.6539
-90.5899
-90.5166
-90.455
-90.376
-90.3071
-90.2376
-90.1596
-90.0912
-90.0299
-89.9535
-89.8838
-89.8119
-89.7387
-89.6391
-89.5551
-89.4643
-89.383
-89.2869
-89.1967
-89.1097
-89.0057
-88.8913
-88.7683
-88.6359
-88.495
-88.3439
-88.1616
-87.9391
-87.6402
-87.2476
-84.6419
