-26.1945
-21.0637
-19.9892
-19.0637
-18.353
-17.7991
-17.3226
-16.8354
-16.4725
-16.075
-15.6963
-15.3212
-14.9677
-14.6451
-14.3096
-14.0311
-13.723
-13.4241
-13.183
-12.9288
-12.6668
-12.4213
-12.1814
-11.9077
-11.6476
-11.4093
-11.1514
-10.9049
-10.6688
-10.4126
-10.1628
-9.9544
-9.71409
-9.48384
-9.27901
-9.00952
-8.79414
-8.56618
-8.32221
-8.06917
-7.78791
-7.58029
-7.31114
-7.08717
-6.80741
-6.57619
-6.33022
-6.02575
-5.75658
-5.4365
-5.16751
-4.90807
-4.57955
-4.27646
-3.99002
-3.66498
-3.35335
-3.06532
-2.72439
-2.39334
-2.00169
-1.68276
-1.31501
-0.924458
-0.585027
-0.188784
0.103177
0.41685
0.725111
1.01709
1.26502
1.48529
1.69746
1.92238
2.15536
2.36348
2.58303
2.8261
3.07493
3.30458
3.52837
3.72245
3.92272
4.14074
4.39445
4.63333
4.84737
5.12687
5.38476
5.64245
5.84655
6.1025
6.40171
6.73985
7.06293
7.48392
8.0126
8.83033
9.8585
11.3219
15.0692
