-2.55251
-0.888666
-0.394464
-0.0429502
0.241056
0.474965
0.678331
0.868669
1.07187
1.24407
1.43361
1.61541
1.74377
1.89443
2.06587
2.23407
2.39517
2.54377
2.70545
2.8529
3.00975
3.13861
3.32246
3.45683
3.62315
3.78182
3.92656
4.05879
4.20334
4.3937
4.579
4.74903
4.88803
5.04703
5.22759
5.37778
5.51505
5.6601
5.82306
5.96838
6.12105
6.28751
6.45789
6.63355
6.79058
6.93692
7.1023
7.26974
7.42007
7.60263
7.75585
7.91164
8.06532
8.2771
8.4392
8.61595
8.78773
8.96354
9.16706
9.34627
9.55734
9.76479
9.97081
10.1703
10.3337
10.5086
10.691
10.9258
11.0972
11.2938
11.5091
11.7287
11.9639
12.2172
12.4926
12.7454
13.0242
13.2654
13.5757
13.8482
14.1726
14.5645
14.8503
15.2499
15.5639
15.9057
16.3091
16.7793
17.1709
17.6595
18.2535
18.8412
19.4445
20.091
20.7827
21.6279
22.6177
23.7093
25.1038
26.3744
29.4828
