-25.9651
-20.53
-19.3622
-18.3201
-17.6027
-17.0311
-16.5252
-16.0182
-15.5234
-15.1442
-14.7328
-14.3767
-14.0524
-13.6623
-13.3169
-12.97
-12.7075
-12.4116
-12.1195
-11.8206
-11.5396
-11.3134
-11.0271
-10.7746
-10.5017
-10.2464
-9.98284
-9.73099
-9.47639
-9.15808
-8.92532
-8.69937
-8.45267
-8.26424
-8.015
-7.7448
-7.46123
-7.21286
-6.98078
-6.70639
-6.49541
-6.23246
-5.9426
-5.69628
-5.41499
-5.11926
-4.85569
-4.59927
-4.30868
-4.03419
-3.75438
-3.41723
-3.13232
-2.80727
-2.45998
-2.1427
-1.82622
-1.53773
-1.20056
-0.834361
-0.510076
-0.162578
0.143161
0.426451
0.739293
1.05589
1.34815
1.59236
1.86454
2.07048
2.3086
2.53672
2.74949
2.98331
3.23692
3.47513
3.73643
3.97183
4.19022
4.42945
4.68603
4.93044
5.21968
5.5391
5.79996
6.08686
6.31039
6.57596
6.86599
7.17012
7.49565
7.83543
8.20552
8.70163
9.37369
10.1598
11.0822
12.0094
12.9924
14.0007
15.8343
