-5.19302
-2.85851
-1.7405
-1.15977
-0.745156
-0.432282
-0.172605
0.0902118
0.323321
0.510068
0.668997
0.830301
0.970902
1.1319
1.29516
1.46474
1.62657
1.76448
1.90703
2.06042
2.21787
2.35266
2.49975
2.623
2.7716
2.91045
3.05192
3.1999
3.36356
3.49185
3.64496
3.80892
3.93788
4.08127
4.25089
4.41915
4.55372
4.70113
4.85515
4.99421
5.15072
5.30127
5.43189
5.58782
5.72826
5.85874
6.0114
6.17298
6.31851
6.46212
6.62865
6.78006
6.92792
7.08911
7.25584
7.42374
7.5924
7.77237
7.9395
8.10184
8.2964
8.44917
8.60301
8.77125
8.97528
9.16973
9.35527
9.56904
9.76427
9.97694
10.1552
10.3341
10.513
10.6878
10.9154
11.1196
11.3152
11.5518
11.8139
12.0067
12.2496
12.5182
12.7569
12.9971
13.2636
13.5393
13.8065
14.0656
14.4181
14.7532
15.1606
15.5124
15.953
16.5825
17.1281
17.9554
18.7217
19.8695
21.3883
23.1402
29.0085
