-25.9654
-20.531
-19.3628
-18.3203
-17.6028
-17.0314
-16.5256
-16.0228
-15.5236
-15.1444
-14.733
-14.3773
-14.0526
-13.6636
-13.3178
-12.9705
-12.7076
-12.4146
-12.1208
-11.824
-11.5401
-11.3146
-11.0277
-10.7776
-10.5025
-10.2472
-9.98375
-9.73188
-9.47767
-9.15983
-8.92605
-8.7001
-8.45467
-8.26735
-8.01527
-7.74608
-7.46382
-7.21611
-6.9812
-6.70885
-6.49643
-6.23428
-5.94578
-5.69659
-5.42066
-5.12029
-4.85677
-4.60087
-4.30957
-4.03563
-3.75512
-3.41825
-3.13628
-2.80947
-2.46434
-2.14316
-1.83102
-1.53867
-1.20292
-0.83652
-0.513357
-0.163857
0.142041
0.426208
0.738118
1.05386
1.34673
1.59213
1.86428
2.0698
2.30764
2.53574
2.74728
2.98205
3.23512
3.47432
3.73625
3.97147
4.19
4.42608
4.68567
4.93009
5.21914
5.53602
5.79965
6.08658
6.30921
6.57094
6.86557
7.16884
7.49145
7.83501
8.203
8.70019
9.37306
10.158
11.0756
12.0088
12.9882
13.9935
15.8301
