-2.90303
-1.03848
-0.567896
-0.191331
0.0915307
0.34006
0.527022
0.713893
0.871452
1.04632
1.20774
1.36236
1.53101
1.68691
1.83341
1.97946
2.12642
2.27254
2.43175
2.57716
2.72891
2.85845
2.99352
3.11251
3.25011
3.40306
3.53316
3.69499
3.84286
3.96222
4.10239
4.2454
4.41437
4.59093
4.75717
4.88562
5.03809
5.19528
5.33767
5.46516
5.61402
5.76271
5.88885
6.0396
6.19017
6.32926
6.49821
6.66146
6.7918
6.93144
7.09109
7.25409
7.39981
7.56477
7.71983
7.8949
8.05434
8.25301
8.40287
8.57109
8.73956
8.91576
9.09307
9.26315
9.47387
9.66749
9.87277
10.0652
10.2362
10.4011
10.6047
10.7639
10.9867
11.2263
11.4256
11.6577
11.8982
12.1457
12.425
12.6582
12.9279
13.2223
13.5151
13.7981
14.1159
14.5062
14.7925
15.1692
15.4946
15.8554
16.2195
16.6655
17.1154
17.6201
18.1487
18.8199
19.6032
20.6154
22.2142
24.1115
29.1027
