-2.5525
-0.88866
-0.394413
-0.0429319
0.243457
0.474992
0.678951
0.868673
1.07189
1.24409
1.43362
1.61542
1.74378
1.89455
2.06596
2.2341
2.3997
2.54379
2.70551
2.85304
3.00975
3.13871
3.32298
3.45684
3.62381
3.78216
3.92683
4.06081
4.20354
4.39398
4.57904
4.74908
4.89083
5.04836
5.22825
5.37778
5.51505
5.66194
5.82346
5.96838
6.12321
6.28759
6.45798
6.63356
6.79085
6.93697
7.10242
7.27214
7.42214
7.60366
7.76067
7.91277
8.06536
8.27716
8.43931
8.61596
8.79368
8.96594
9.16716
9.34642
9.56093
9.76491
9.97551
10.1746
10.3361
10.5138
10.6932
10.9266
11.1068
11.2954
11.5159
11.7325
11.9709
12.2245
12.4961
12.7605
13.0288
13.2746
13.5775
13.8564
14.1793
14.5674
14.8704
15.2565
15.5759
15.915
16.3397
16.8046
17.1907
17.6951
18.3045
18.8807
19.4982
20.1953
20.8943
21.8052
22.8065
23.8821
25.4096
26.726
29.494
