-26.039
-20.7299
-19.5489
-18.5791
-17.8426
-17.298
-16.7513
-16.3044
-15.8242
-15.4468
-15.0539
-14.7357
-14.3468
-14.0158
-13.6449
-13.3376
-13.0336
-12.7519
-12.512
-12.2341
-11.9044
-11.6605
-11.4393
-11.1858
-10.883
-10.6433
-10.405
-10.1715
-9.96255
-9.66711
-9.40999
-9.16798
-8.92098
-8.71084
-8.45162
-8.24842
-8.0119
-7.73089
-7.4843
-7.22558
-6.99059
-6.74425
-6.48401
-6.25348
-5.96822
-5.70475
-5.41005
-5.14036
-4.89114
-4.62256
-4.29367
-4.00157
-3.68634
-3.38244
-3.04627
-2.74748
-2.43036
-2.13996
-1.82305
-1.50529
-1.17909
-0.812057
-0.434745
-0.112783
0.188014
0.505649
0.840792
1.16691
1.39118
1.6523
1.9083
2.09842
2.31455
2.57036
2.81351
3.07299
3.29168
3.51583
3.75915
3.99055
4.21749
4.46463
4.73607
4.99377
5.26734
5.54553
5.79408
6.02517
6.2935
6.54705
6.81475
7.14457
7.50249
7.91125
8.39739
9.04207
9.68794
10.5841
11.4215
12.5049
15.419
