-2.55258
-0.888721
-0.396195
-0.0456831
0.236196
0.471615
0.677923
0.867511
1.06881
1.23647
1.42945
1.60639
1.74045
1.8906
2.06398
2.22522
2.39143
2.54038
2.69927
2.85124
3.00823
3.13654
3.316
3.45082
3.6163
3.7792
3.92462
4.04993
4.19861
4.39265
4.57532
4.74447
4.88602
5.03596
5.21901
5.36372
5.5101
5.65156
5.81939
5.96238
6.12009
6.28092
6.44899
6.62268
6.777
6.92054
7.09426
7.26269
7.41362
7.58943
7.73477
7.89908
8.05532
8.25106
8.42635
8.58971
8.769
8.94942
9.14401
9.31747
9.54392
9.73679
9.9491
10.1513
10.3014
10.4748
10.6708
10.8823
11.0509
11.2633
11.4643
11.6793
11.9117
12.1466
12.4381
12.6695
12.9458
13.2006
13.4737
13.7766
14.0481
14.3656
14.7143
15.0492
15.3796
15.6917
16.0243
16.452
16.8715
17.2682
17.794
18.4002
18.8839
19.4981
20.1484
20.8194
21.7947
22.872
24.2312
25.7011
29.3837
