-2.5525
-0.888661
-0.394418
-0.0429338
0.243217
0.474989
0.678918
0.868672
1.07189
1.24409
1.43362
1.61542
1.74378
1.89454
2.06596
2.2341
2.3997
2.54379
2.70551
2.85302
3.00975
3.13867
3.32288
3.45684
3.62381
3.78213
3.92683
4.06064
4.20352
4.39397
4.57904
4.74908
4.89083
5.04823
5.2282
5.37778
5.51505
5.66159
5.82342
5.96838
6.12321
6.28758
6.45797
6.63356
6.79081
6.93697
7.1024
7.27213
7.42193
7.60274
7.75988
7.91274
8.06536
8.27716
8.4393
8.61596
8.79359
8.96591
9.16715
9.3464
9.5609
9.7649
9.97549
10.1746
10.3361
10.5133
10.6932
10.926
11.1067
11.2952
11.5153
11.7325
11.9699
12.2245
12.4953
12.7586
13.0288
13.2746
13.5774
13.8563
14.1791
14.5674
14.8702
15.2529
15.5759
15.915
16.3366
16.8046
17.1884
17.6941
18.3042
18.8807
19.4884
20.1845
20.8931
21.7811
22.8004
23.8737
25.4071
26.7212
29.4928
