-10.1873
-7.20771
-5.7057
-4.30191
-3.28086
-2.41998
-1.65503
-1.20724
-0.839401
-0.505751
-0.225128
0.000308513
0.227145
0.415964
0.581085
0.745404
0.90011
1.06639
1.21725
1.3959
1.55952
1.70411
1.83847
2.0088
2.1568
2.29182
2.44351
2.55603
2.68796
2.84753
2.98764
3.13344
3.29742
3.44203
3.57277
3.74066
3.87699
4.01616
4.17945
4.33866
4.4901
4.63075
4.81393
4.96258
5.10366
5.2642
5.43397
5.57188
5.73862
5.85788
5.99927
6.15888
6.3062
6.45327
6.62117
6.79392
6.95826
7.10104
7.25483
7.43129
7.59693
7.75216
7.89331
8.04951
8.22682
8.40706
8.56209
8.70576
8.88871
9.07315
9.23313
9.42122
9.61409
9.80586
9.98445
10.1475
10.3159
10.5126
10.7194
10.9127
11.1127
11.2842
11.5283
11.7694
12.0044
12.3073
12.5871
12.8721
13.1949
13.6142
13.9808
14.4849
15.0062
15.5883
16.2142
16.8933
17.7486
18.8687
20.1911
22.2312
28.7233
