-120.152
-113.784
-112.071
-111.015
-110.071
-109.407
-108.862
-108.323
-107.79
-107.333
-106.931
-106.607
-106.245
-105.844
-105.483
-105.09
-104.679
-104.312
-103.947
-103.613
-103.33
-103.056
-102.771
-102.517
-102.295
-102.093
-101.907
-101.732
-101.578
-101.407
-101.249
-101.109
-100.948
-100.791
-100.669
-100.555
-100.45
-100.331
-100.209
-100.079
-99.9792
-99.8738
-99.7474
-99.6145
-99.5078
-99.4061
-99.3058
-99.2103
-99.1024
-99.011
-98.8981
-98.8185
-98.6993
-98.5995
-98.494
-98.3937
-98.2712
-98.1515
-98.0537
-97.966
-97.8725
-97.7508
-97.6041
-97.4886
-97.3808
-97.269
-97.1385
-97.0236
-96.8989
-96.7836
-96.6424
-96.5124
-96.359
-96.21
-96.0829
-95.9529
-95.789
-95.5962
-95.4372
-95.2586
-95.1049
-94.9058
-94.7192
-94.5457
-94.3538
-94.1368
-93.9332
-93.7496
-93.5496
-93.3345
-93.0629
-92.8348
-92.6347
-92.4084
-92.1687
-91.934
-91.6744
-91.439
-91.039
-90.4267
-85.9767
