-109.461
-103.77
-102.361
-101.318
-100.503
-99.843
-99.2905
-98.8376
-98.4776
-98.1563
-97.853
-97.5946
-97.3688
-97.1234
-96.8711
-96.657
-96.4508
-96.2349
-96.0195
-95.8152
-95.6222
-95.3992
-95.161
-94.9773
-94.7686
-94.5667
-94.3571
-94.1898
-93.9906
-93.795
-93.6184
-93.4404
-93.2529
-93.0662
-92.9204
-92.753
-92.5728
-92.3769
-92.1751
-91.9908
-91.819
-91.616
-91.449
-91.2769
-91.0879
-90.8573
-90.6641
-90.4733
-90.284
-90.0758
-89.8952
-89.7174
-89.4995
-89.2931
-89.0681
-88.8573
-88.6308
-88.3735
-88.1797
-87.9531
-87.7519
-87.4847
-87.2603
-86.9954
-86.7543
-86.4612
-86.1624
-85.8303
-85.5345
-85.09
-84.5164
-83.8419
-83.1495
-82.226
-81.1145
-79.7219
-78.1424
-76.3148
-74.5618
-73.0109
-71.4511
-70.1384
-69.0388
-68.3324
-67.6744
-67.2731
-66.8605
-66.5039
-66.1956
-65.9268
-65.6568
-65.3309
-64.964
-64.6578
-64.2466
-63.7383
-62.9017
-61.3014
-58.8482
-54.0485
-35.4239
