-113.834
-108.121
-106.838
-105.908
-105.062
-104.401
-103.892
-103.344
-102.832
-102.27
-101.82
-101.41
-100.994
-100.723
-100.448
-100.214
-99.985
-99.7597
-99.5725
-99.3737
-99.2161
-99.0685
-98.92
-98.7626
-98.6166
-98.4936
-98.3774
-98.2511
-98.1294
-98.0227
-97.8983
-97.7895
-97.6705
-97.5551
-97.4454
-97.3056
-97.2042
-97.0758
-96.9641
-96.85
-96.7349
-96.6255
-96.5167
-96.4316
-96.3347
-96.2151
-96.1031
-95.9896
-95.8847
-95.7696
-95.6585
-95.5406
-95.44
-95.3228
-95.219
-95.1088
-94.9854
-94.8955
-94.7869
-94.6952
-94.6048
-94.5019
-94.3915
-94.2969
-94.1906
-94.0908
-93.9982
-93.8986
-93.7971
-93.7079
-93.6032
-93.5157
-93.4276
-93.3385
-93.2389
-93.1277
-93.0376
-92.9259
-92.8097
-92.6963
-92.5886
-92.4745
-92.3495
-92.2474
-92.1193
-92.0007
-91.8451
-91.7318
-91.6069
-91.4966
-91.3646
-91.2185
-91.063
-90.8779
-90.7246
-90.5297
-90.2769
-90.0283
-89.6666
-89.1509
-85.9486
