-109.598
-104.045
-102.717
-101.588
-100.765
-100.156
-99.5784
-99.1157
-98.802
-98.4727
-98.1807
-97.9026
-97.661
-97.4406
-97.23
-97.0107
-96.8057
-96.5815
-96.3988
-96.2184
-95.9783
-95.7796
-95.5952
-95.3894
-95.171
-95.0114
-94.8208
-94.6331
-94.4288
-94.2732
-94.1175
-93.9151
-93.7344
-93.5539
-93.3986
-93.2125
-93.0655
-92.9059
-92.7062
-92.5116
-92.3325
-92.1414
-91.9544
-91.7706
-91.6139
-91.4247
-91.2759
-91.0775
-90.8473
-90.6571
-90.4453
-90.2738
-90.0875
-89.8944
-89.7236
-89.4972
-89.2828
-89.0607
-88.8556
-88.6375
-88.3766
-88.1662
-87.9379
-87.6803
-87.4647
-87.2307
-86.9709
-86.7084
-86.4018
-86.1039
-85.7543
-85.3601
-84.9325
-84.3348
-83.5173
-82.2898
-80.7265
-78.6825
-76.0575
-74.1945
-72.7874
-71.3104
-69.8868
-68.9112
-68.198
-67.5799
-67.2032
-66.8478
-66.5435
-66.238
-65.9685
-65.7109
-65.4063
-65.0567
-64.7514
-64.3832
-63.8864
-63.0232
-61.1896
-56.6512
-40.4124
