-122.416
-115.839
-114.049
-113.034
-111.929
-111.094
-110.446
-109.847
-109.268
-108.662
-108.156
-107.686
-107.211
-106.728
-106.316
-105.898
-105.491
-104.992
-104.585
-104.153
-103.813
-103.504
-103.207
-102.93
-102.676
-102.451
-102.24
-102.03
-101.855
-101.696
-101.54
-101.373
-101.23
-101.077
-100.917
-100.783
-100.663
-100.556
-100.437
-100.323
-100.17
-100.068
-99.955
-99.8392
-99.7304
-99.6134
-99.5103
-99.3875
-99.2963
-99.1899
-99.0773
-98.9799
-98.8677
-98.7568
-98.655
-98.5267
-98.4157
-98.2957
-98.1906
-98.0924
-97.9825
-97.864
-97.7579
-97.6184
-97.5052
-97.3904
-97.2701
-97.1401
-97.0143
-96.889
-96.7505
-96.6055
-96.4516
-96.3143
-96.1683
-96.0134
-95.8751
-95.6728
-95.5079
-95.3454
-95.1785
-94.974
-94.7936
-94.6128
-94.4072
-94.2
-93.9783
-93.807
-93.5997
-93.3772
-93.0996
-92.8868
-92.6684
-92.4542
-92.2093
-91.9737
-91.7146
-91.47
-91.0655
-90.4813
-85.9776
