-109.661
-104.443
-103.093
-101.973
-101.259
-100.584
-100.046
-99.6047
-99.2539
-98.9534
-98.6433
-98.3665
-98.1204
-97.8745
-97.6592
-97.4554
-97.2762
-97.0388
-96.8586
-96.6483
-96.4509
-96.2729
-96.0774
-95.882
-95.7309
-95.5255
-95.349
-95.1926
-95.0217
-94.8316
-94.6736
-94.4997
-94.3352
-94.162
-93.9862
-93.7916
-93.6339
-93.4871
-93.3146
-93.1478
-92.9736
-92.8233
-92.6403
-92.4504
-92.2898
-92.1122
-91.941
-91.7446
-91.5786
-91.4061
-91.2338
-91.0377
-90.834
-90.6457
-90.4394
-90.2488
-90.0798
-89.898
-89.7166
-89.4507
-89.2364
-89.0486
-88.8463
-88.5773
-88.3397
-88.1195
-87.8683
-87.632
-87.4047
-87.178
-86.9233
-86.5987
-86.2709
-85.9264
-85.5567
-84.9504
-84.0733
-82.4694
-80.1615
-76.6396
-74.1407
-72.4305
-70.6362
-69.6752
-68.8065
-68.0552
-67.5966
-67.2767
-66.9506
-66.6646
-66.3742
-66.0734
-65.796
-65.5564
-65.2311
-64.8758
-64.4955
-64.0219
-63.0728
-59.9382
-45.6286
