-108.504
-102.718
-101.111
-100.025
-99.1655
-98.5676
-98.1174
-97.6381
-97.2987
-96.9721
-96.6643
-96.4075
-96.1297
-95.8908
-95.6123
-95.3561
-95.0901
-94.8559
-94.6202
-94.3814
-94.1174
-93.8962
-93.6118
-93.383
-93.1678
-92.9502
-92.7284
-92.5064
-92.2985
-92.0782
-91.8686
-91.66
-91.4544
-91.2701
-91.0839
-90.8791
-90.6374
-90.4011
-90.1771
-89.9872
-89.7835
-89.5906
-89.3741
-89.1098
-88.8919
-88.7032
-88.4753
-88.2664
-88.0238
-87.81
-87.5912
-87.3097
-87.0888
-86.8167
-86.5638
-86.306
-86.0532
-85.7824
-85.4644
-85.1466
-84.7965
-84.4236
-84.0339
-83.4884
-82.9605
-82.3958
-81.7421
-81.0865
-80.391
-79.3422
-78.4158
-77.394
-76.3403
-75.3638
-74.3913
-73.3063
-72.2424
-71.2568
-70.0857
-69.1127
-68.1972
-67.4455
-66.9692
-66.5552
-66.115
-65.8136
-65.5185
-65.2333
-64.8678
-64.5267
-64.1365
-63.6769
-62.8764
-61.5888
-60.3155
-59.0016
-56.9985
-54.6249
-51.4796
-46.6485
-25.4287
