-109.053
-103.376
-101.885
-100.752
-99.9661
-99.2889
-98.8436
-98.4293
-98.0512
-97.6698
-97.4264
-97.1578
-96.8588
-96.6046
-96.3523
-96.1513
-95.8997
-95.6846
-95.4681
-95.2481
-95.0302
-94.7955
-94.5682
-94.3296
-94.1297
-93.9061
-93.6924
-93.5124
-93.3187
-93.1074
-92.9189
-92.7317
-92.5641
-92.3824
-92.2004
-91.9953
-91.7721
-91.5744
-91.3892
-91.2011
-91.0078
-90.788
-90.5812
-90.3941
-90.1753
-89.9957
-89.8124
-89.5937
-89.3883
-89.1721
-88.9773
-88.7638
-88.5049
-88.2809
-88.0577
-87.8336
-87.6079
-87.3733
-87.1531
-86.922
-86.636
-86.352
-86.1257
-85.8348
-85.5119
-85.1909
-84.7571
-84.2505
-83.6181
-82.9246
-82.0628
-81.1026
-80.1959
-78.9694
-77.776
-76.3766
-75.1404
-73.9474
-72.6662
-71.2966
-69.8964
-68.9164
-68.066
-67.4581
-67.0448
-66.6232
-66.3089
-65.9614
-65.6621
-65.3708
-64.954
-64.6743
-64.3283
-63.8887
-63.1718
-62.1625
-60.4402
-58.5381
-55.489
-50.6551
-30.4276
