-10.2777
-7.20938
-5.67868
-4.24637
-3.21797
-2.2129
-1.63809
-1.12646
-0.738961
-0.442799
-0.180555
0.0432876
0.264929
0.451124
0.629757
0.786914
0.942845
1.09738
1.24384
1.38562
1.54536
1.68972
1.83795
2.00157
2.16533
2.31738
2.47584
2.61964
2.77183
2.91918
3.05026
3.19567
3.34914
3.48931
3.62346
3.79533
3.93759
4.07647
4.21529
4.33342
4.48709
4.62597
4.76471
4.9091
5.06454
5.19922
5.3335
5.47757
5.63615
5.79268
5.94828
6.10292
6.2659
6.43314
6.59267
6.7279
6.88158
7.04612
7.20972
7.38161
7.55371
7.73493
7.88006
8.05569
8.24324
8.4145
8.59561
8.75649
8.92081
9.06448
9.27457
9.41092
9.60136
9.77834
9.96832
10.1316
10.324
10.5119
10.7097
10.9345
11.1227
11.376
11.6134
11.8244
12.11
12.3697
12.6566
12.9303
13.2339
13.6173
14.0469
14.502
15.0802
15.6501
16.2195
16.8687
17.7793
18.7026
20.1706
22.4542
28.7235
