-3.09907
-0.944991
-0.402578
-0.0604532
0.230943
0.474327
0.689617
0.851183
1.05349
1.22713
1.39619
1.55927
1.74505
1.90142
2.07195
2.23294
2.37497
2.53499
2.67563
2.84536
3.00231
3.15502
3.30339
3.44455
3.60314
3.76317
3.92096
4.07748
4.22347
4.34989
4.4905
4.62846
4.78034
4.92801
5.0682
5.21052
5.34995
5.50319
5.63975
5.77471
5.92925
6.07735
6.22793
6.39335
6.52397
6.67128
6.80821
6.97192
7.13207
7.29869
7.46669
7.61888
7.77366
7.94756
8.1171
8.27338
8.4446
8.60631
8.78484
8.94629
9.10403
9.27974
9.46373
9.66017
9.83945
10.0192
10.1746
10.4053
10.5827
10.7926
10.963
11.1659
11.4018
11.6342
11.8639
12.127
12.3759
12.6263
12.8886
13.1505
13.374
13.6318
13.9723
14.293
14.5878
14.8825
15.3599
15.7397
16.2119
16.6051
17.0445
17.6095
18.1509
18.6531
19.249
19.8414
20.569
21.6786
22.8853
24.9369
29.1006
