-23.2433
-18.9782
-17.552
-16.6542
-15.8249
-15.2589
-14.7985
-14.4099
-13.9148
-13.5206
-13.1248
-12.7993
-12.4721
-12.1795
-11.8504
-11.5518
-11.2574
-10.9841
-10.7337
-10.4236
-10.1667
-9.89628
-9.63346
-9.37068
-9.14759
-8.87859
-8.65169
-8.38103
-8.13625
-7.92477
-7.71861
-7.48734
-7.25393
-7.03521
-6.81907
-6.59725
-6.36436
-6.13179
-5.94294
-5.73862
-5.49529
-5.26613
-5.04901
-4.8173
-4.51519
-4.27132
-3.99882
-3.71385
-3.43958
-3.16161
-2.91447
-2.60239
-2.29946
-1.98811
-1.6753
-1.31545
-0.922738
-0.593938
-0.251729
0.0621686
0.390791
0.697306
1.09923
1.44678
1.76613
2.10546
2.36944
2.64668
2.92508
3.22897
3.49631
3.78462
4.0739
4.322
4.59691
4.88751
5.18262
5.47307
5.69698
5.93265
6.1573
6.36599
6.56148
6.7813
7.00521
7.24984
7.43923
7.61107
7.85884
8.10887
8.34697
8.60048
8.85162
9.12863
9.46186
9.80799
10.2315
10.8872
11.5817
12.171
12.9957
