-23.2351
-18.4476
-16.7774
-15.7864
-15.1024
-14.4936
-14.0073
-13.5608
-13.0486
-12.6724
-12.2504
-11.9121
-11.5598
-11.2355
-10.9308
-10.6428
-10.3268
-10.0606
-9.76999
-9.49568
-9.22177
-8.97859
-8.73574
-8.4831
-8.18261
-7.94307
-7.66929
-7.4588
-7.21726
-6.98793
-6.75558
-6.51071
-6.2939
-6.05612
-5.82816
-5.63754
-5.42403
-5.19469
-4.96996
-4.75242
-4.50226
-4.24305
-4.01867
-3.74489
-3.49016
-3.22156
-2.9304
-2.67638
-2.40063
-2.13718
-1.82545
-1.5374
-1.25395
-0.910573
-0.618643
-0.232385
0.0882362
0.438691
0.721074
1.03689
1.33914
1.64596
1.98101
2.27695
2.59492
2.86588
3.14071
3.40295
3.67292
3.97473
4.28913
4.5864
4.87967
5.20294
5.55178
5.84577
6.13708
6.44179
6.71081
6.9657
7.18957
7.44648
7.67988
7.91142
8.1629
8.35194
8.5584
8.782
9.03606
9.29942
9.5326
9.79889
10.0791
10.3614
10.7934
11.2783
11.7186
12.1414
12.4743
12.7912
13.1182
