-23.2353
-18.4566
-16.8186
-15.8105
-15.1287
-14.5122
-14.0477
-13.5887
-13.0814
-12.6992
-12.2797
-11.932
-11.5906
-11.2696
-10.9696
-10.6732
-10.3635
-10.0835
-9.79611
-9.52383
-9.26967
-9.01075
-8.77551
-8.53322
-8.21551
-7.97148
-7.71397
-7.49321
-7.24984
-7.02861
-6.79776
-6.56049
-6.32557
-6.10295
-5.87503
-5.67233
-5.47376
-5.2179
-5.00286
-4.79915
-4.5615
-4.28151
-4.04452
-3.78819
-3.53062
-3.253
-2.97516
-2.72891
-2.44829
-2.18506
-1.88631
-1.59034
-1.29318
-0.960114
-0.655983
-0.265266
0.0282683
0.38193
0.677277
0.997691
1.31055
1.61092
1.94769
2.23357
2.55158
2.81626
3.10233
3.3547
3.6292
3.93172
4.2549
4.54993
4.83055
5.16767
5.51512
5.79628
6.09964
6.3839
6.68536
6.93302
7.16087
7.3896
7.64027
7.86658
8.10907
8.3128
8.51348
8.74465
9.00268
9.24985
9.49194
9.72685
10.0105
10.3142
10.712
11.1893
11.6354
12.028
12.3872
12.7046
13.1126
