-2.97781
-0.931628
-0.389463
-0.0261733
0.267927
0.496053
0.710812
0.885381
1.08514
1.27252
1.43253
1.60342
1.7863
1.94356
2.12904
2.27988
2.42089
2.58055
2.74197
2.89934
3.05088
3.21721
3.35062
3.49807
3.65862
3.81355
3.98106
4.14088
4.28078
4.41326
4.54192
4.70705
4.86945
5.02764
5.16738
5.31085
5.48637
5.64005
5.77869
5.93885
6.11111
6.2567
6.42038
6.56737
6.72442
6.87912
7.04762
7.2229
7.38815
7.56322
7.73003
7.89796
8.06632
8.23674
8.41634
8.5883
8.76401
8.94867
9.12323
9.30968
9.50269
9.69444
9.90815
10.0851
10.2738
10.4753
10.6451
10.8675
11.0609
11.2911
11.5589
11.759
12.0233
12.2814
12.5533
12.819
13.0994
13.3441
13.5823
13.8709
14.2284
14.5613
14.8473
15.2249
15.6201
16.0512
16.4661
16.8984
17.2813
17.8472
18.3831
18.9061
19.4876
20.1165
20.8074
21.6697
22.435
23.5462
25.0726
26.7496
29.3483
