-3.35102
-1.04172
-0.513286
-0.172915
0.100266
0.324214
0.546182
0.736385
0.89203
1.07228
1.21903
1.38468
1.52968
1.70441
1.85267
2.00927
2.16853
2.30379
2.4579
2.58937
2.73503
2.88898
3.02223
3.16578
3.30863
3.44888
3.59595
3.75604
3.90637
4.0485
4.19473
4.31576
4.43879
4.56459
4.71713
4.85819
5.00273
5.14025
5.27599
5.42658
5.56029
5.70622
5.85075
6.02648
6.17273
6.30802
6.4763
6.61939
6.77557
6.94307
7.08873
7.2736
7.445
7.59085
7.73438
7.89954
8.06844
8.23493
8.39741
8.58353
8.74447
8.90377
9.07639
9.25856
9.45963
9.63817
9.81669
9.98441
10.169
10.3976
10.5867
10.7879
10.9816
11.2143
11.4649
11.6897
11.9536
12.2121
12.4775
12.7246
12.9736
13.2118
13.4694
13.7691
14.0959
14.4469
14.7353
15.2062
15.614
16.0014
16.3908
16.849
17.2617
17.775
18.3161
18.9046
19.7555
20.7679
22.2061
24.0388
28.9265
