-145.511
-139.931
-138.214
-137.216
-136.435
-135.582
-134.89
-134.253
-133.704
-133.186
-132.669
-132.168
-131.706
-131.251
-130.759
-130.385
-130.02
-129.706
-129.313
-128.985
-128.537
-128.159
-127.713
-127.291
-126.912
-126.535
-126.173
-125.785
-125.438
-125.113
-124.794
-124.453
-124.021
-123.554
-123.148
-122.753
-122.363
-121.988
-121.6
-121.14
-120.698
-120.255
-119.835
-119.385
-118.935
-118.482
-118.022
-117.567
-117.102
-116.607
-116.058
-115.609
-115.146
-114.593
-114.127
-113.669
-113.172
-112.674
-112.197
-111.693
-111.306
-110.968
-110.514
-110.092
-109.656
-109.283
-108.896
-108.359
-107.962
-107.43
-106.984
-106.588
-106.084
-105.616
-105.148
-104.542
-103.946
-103.465
-102.73
-102.013
-101.275
-100.672
-99.8858
-99.0629
-98.1461
-97.2021
-96.2274
-95.0964
-93.7829
-92.583
-91.5443
-90.175
-88.6446
-87.2007
-85.7902
-84.2302
-81.9722
-78.7931
-74.4214
-65.6327
-58.1216
