-142.713
-133.954
-132.143
-130.831
-130.022
-129.346
-128.706
-128.086
-127.567
-127.184
-126.794
-126.396
-125.992
-125.604
-125.267
-124.969
-124.677
-124.372
-124.077
-123.784
-123.558
-123.325
-123.094
-122.853
-122.636
-122.431
-122.225
-122.016
-121.754
-121.559
-121.355
-121.153
-120.937
-120.732
-120.503
-120.293
-120.081
-119.857
-119.657
-119.44
-119.259
-119.033
-118.859
-118.639
-118.434
-118.222
-118.013
-117.801
-117.584
-117.341
-117.145
-116.92
-116.704
-116.487
-116.259
-116.027
-115.799
-115.609
-115.41
-115.181
-114.977
-114.765
-114.535
-114.33
-114.093
-113.83
-113.573
-113.317
-113.035
-112.786
-112.55
-112.272
-111.984
-111.692
-111.386
-111.056
-110.74
-110.389
-110.014
-109.673
-109.323
-108.913
-108.562
-108.152
-107.69
-107.243
-106.778
-106.261
-105.706
-105.226
-104.673
-104.102
-103.591
-103.006
-102.272
-101.515
-100.718
-99.677
-97.981
-95.8238
-91.9208
