-136.043
-124.678
-123.02
-121.946
-121.009
-120.291
-119.545
-118.955
-118.493
-118.037
-117.655
-117.239
-116.859
-116.583
-116.241
-115.916
-115.643
-115.33
-115.085
-114.818
-114.526
-114.267
-113.996
-113.764
-113.548
-113.284
-113.06
-112.861
-112.623
-112.382
-112.151
-111.898
-111.713
-111.528
-111.299
-111.07
-110.86
-110.595
-110.385
-110.17
-109.956
-109.713
-109.484
-109.248
-109.018
-108.775
-108.551
-108.339
-108.13
-107.909
-107.68
-107.43
-107.219
-106.979
-106.727
-106.465
-106.175
-105.94
-105.72
-105.476
-105.25
-104.996
-104.735
-104.502
-104.245
-104.016
-103.761
-103.497
-103.254
-102.983
-102.714
-102.459
-102.152
-101.822
-101.46
-101.155
-100.821
-100.51
-100.087
-99.7024
-99.3175
-98.87
-98.419
-97.9374
-97.4516
-96.9834
-96.4265
-95.8266
-95.1977
-94.5578
-93.9047
-93.1511
-92.3374
-91.384
-90.2886
-88.5793
-86.849
-84.586
-81.392
-77.6228
-73.5836
