-134.936
-120.62
-118.514
-117
-115.911
-115.038
-114.284
-113.5
-112.909
-112.348
-111.799
-111.314
-110.859
-110.362
-109.909
-109.539
-109.1
-108.71
-108.376
-108.009
-107.687
-107.365
-107.068
-106.722
-106.389
-105.99
-105.666
-105.327
-105.008
-104.664
-104.312
-104.034
-103.702
-103.396
-103.086
-102.788
-102.45
-102.149
-101.848
-101.537
-101.23
-100.934
-100.58
-100.233
-99.9106
-99.6217
-99.3062
-99.02
-98.6989
-98.3748
-98.0683
-97.687
-97.3913
-97.0799
-96.702
-96.3956
-96.0678
-95.6955
-95.3737
-94.9266
-94.5282
-94.0985
-93.6867
-93.187
-92.7663
-92.3209
-91.8717
-91.3561
-90.8572
-90.3929
-89.8374
-89.2832
-88.7228
-88.1608
-87.5618
-87.0264
-86.4512
-85.8136
-85.2272
-84.6208
-83.9928
-83.3769
-82.8043
-82.219
-81.6168
-80.8575
-80.2268
-79.4204
-78.55
-77.6697
-76.7958
-75.8086
-74.7665
-73.5485
-71.93
-70.2348
-67.9799
-65.1329
-61.5071
-57.224
-46.5471
