-118.319
-112.68
-111.358
-110.353
-109.49
-108.88
-108.291
-107.905
-107.459
-107.054
-106.725
-106.409
-106.018
-105.696
-105.387
-105.113
-104.813
-104.512
-104.258
-103.93
-103.696
-103.455
-103.174
-102.911
-102.633
-102.404
-102.141
-101.9
-101.669
-101.407
-101.186
-100.975
-100.723
-100.468
-100.247
-100.008
-99.6955
-99.4329
-99.1729
-98.9463
-98.6837
-98.4551
-98.1593
-97.8796
-97.6291
-97.3975
-97.1347
-96.8773
-96.5902
-96.3077
-96.0131
-95.7241
-95.4082
-95.1379
-94.8403
-94.4781
-94.1579
-93.7762
-93.3866
-93.0302
-92.6285
-92.253
-91.8668
-91.4059
-90.9326
-90.4891
-89.987
-89.4359
-88.9041
-88.1912
-87.5105
-86.8144
-86.0966
-85.2369
-84.4517
-83.6384
-82.6849
-81.9544
-81.1794
-80.553
-79.9892
-79.4651
-78.9397
-78.3758
-77.8072
-77.0954
-76.534
-76.0135
-75.4048
-74.6879
-74.0879
-73.3012
-72.2234
-71.2198
-69.7598
-68.0998
-66.1723
-63.4573
-60.2374
-56.0117
-46.4295
