-138.048
-127.148
-125.472
-124.329
-123.393
-122.65
-121.968
-121.476
-121.051
-120.562
-120.146
-119.812
-119.463
-119.147
-118.828
-118.531
-118.207
-117.943
-117.656
-117.388
-117.123
-116.878
-116.631
-116.4
-116.159
-115.952
-115.702
-115.458
-115.183
-114.95
-114.72
-114.528
-114.296
-114.074
-113.856
-113.651
-113.412
-113.206
-113.015
-112.802
-112.565
-112.377
-112.155
-111.935
-111.752
-111.499
-111.309
-111.062
-110.816
-110.61
-110.367
-110.134
-109.94
-109.693
-109.476
-109.264
-109.053
-108.859
-108.631
-108.427
-108.191
-107.992
-107.741
-107.523
-107.29
-107.017
-106.743
-106.455
-106.165
-105.864
-105.566
-105.243
-104.914
-104.58
-104.254
-103.918
-103.555
-103.294
-102.914
-102.545
-102.244
-101.898
-101.539
-101.181
-100.804
-100.339
-99.8025
-99.3441
-98.7406
-98.1426
-97.5727
-96.8204
-96.0978
-95.287
-94.3883
-93.1401
-91.7454
-89.4729
-86.3918
-82.6227
-78.5821
