-132.756
-120.138
-118.178
-116.693
-115.578
-114.79
-113.979
-113.285
-112.682
-112.133
-111.634
-111.162
-110.668
-110.179
-109.747
-109.361
-108.968
-108.599
-108.234
-107.9
-107.565
-107.265
-106.976
-106.577
-106.249
-105.893
-105.576
-105.238
-104.907
-104.582
-104.237
-103.944
-103.627
-103.344
-103.015
-102.718
-102.381
-102.089
-101.795
-101.48
-101.178
-100.859
-100.53
-100.18
-99.8345
-99.5664
-99.2454
-98.9525
-98.6275
-98.3307
-97.9941
-97.6377
-97.3329
-97.0256
-96.6619
-96.3514
-96.0152
-95.6508
-95.2797
-94.8715
-94.4612
-94.0396
-93.6308
-93.1351
-92.698
-92.2382
-91.7708
-91.2835
-90.7801
-90.295
-89.7145
-89.1543
-88.6236
-88.0495
-87.451
-86.9478
-86.3091
-85.6727
-85.0979
-84.5158
-83.8108
-83.2803
-82.6717
-82.0872
-81.4507
-80.7668
-80.1395
-79.3166
-78.4941
-77.6351
-76.7503
-75.7424
-74.7229
-73.508
-71.8895
-70.2095
-67.9725
-65.132
-61.431
-57.2193
-46.5459
