-139.371
-131.49
-129.801
-128.802
-127.854
-127.142
-126.646
-126.005
-125.469
-125.026
-124.604
-124.212
-123.855
-123.507
-123.195
-122.96
-122.67
-122.411
-122.139
-121.916
-121.709
-121.452
-121.242
-120.987
-120.718
-120.5
-120.275
-120.075
-119.846
-119.63
-119.406
-119.214
-118.995
-118.787
-118.584
-118.37
-118.139
-117.941
-117.731
-117.511
-117.29
-117.099
-116.87
-116.663
-116.465
-116.263
-116.05
-115.816
-115.613
-115.442
-115.275
-115.077
-114.892
-114.683
-114.483
-114.265
-114.087
-113.835
-113.608
-113.386
-113.196
-112.931
-112.713
-112.481
-112.246
-112.009
-111.76
-111.512
-111.213
-110.955
-110.677
-110.404
-110.113
-109.836
-109.524
-109.221
-108.91
-108.594
-108.288
-107.909
-107.489
-107.124
-106.727
-106.351
-105.875
-105.491
-105.088
-104.6
-104.127
-103.659
-103.237
-102.598
-102.065
-101.408
-100.713
-99.9237
-98.9705
-97.7312
-96.373
-94.958
-91.9198
