-134.908
-120.617
-118.51
-116.999
-115.909
-115.037
-114.283
-113.498
-112.907
-112.344
-111.798
-111.313
-110.858
-110.355
-109.907
-109.539
-109.1
-108.71
-108.375
-108.007
-107.687
-107.365
-107.066
-106.715
-106.389
-105.99
-105.664
-105.327
-105.008
-104.664
-104.312
-104.031
-103.702
-103.395
-103.086
-102.788
-102.449
-102.148
-101.845
-101.536
-101.23
-100.934
-100.571
-100.233
-99.9106
-99.6196
-99.3062
-99.0197
-98.6988
-98.3747
-98.0682
-97.6852
-97.3913
-97.078
-96.7003
-96.3954
-96.0675
-95.6955
-95.3737
-94.9265
-94.5282
-94.0983
-93.6866
-93.1866
-92.7663
-92.3209
-91.8717
-91.3543
-90.8572
-90.3928
-89.8371
-89.2821
-88.7228
-88.158
-87.56
-87.0206
-86.4511
-85.8136
-85.2272
-84.6196
-83.9928
-83.3763
-82.8038
-82.2188
-81.6117
-80.8575
-80.2238
-79.4204
-78.5497
-77.6696
-76.7953
-75.8083
-74.7634
-73.5483
-71.9298
-70.2347
-67.9798
-65.1329
-61.5071
-57.2239
-46.5471
