-142.724
-134.04
-132.343
-130.885
-130.112
-129.494
-128.85
-128.214
-127.681
-127.278
-126.855
-126.474
-126.071
-125.656
-125.341
-125.035
-124.737
-124.463
-124.151
-123.862
-123.625
-123.385
-123.159
-122.905
-122.709
-122.471
-122.276
-122.051
-121.809
-121.588
-121.391
-121.199
-120.982
-120.762
-120.52
-120.314
-120.107
-119.899
-119.693
-119.462
-119.277
-119.056
-118.881
-118.663
-118.445
-118.237
-118.025
-117.823
-117.608
-117.36
-117.155
-116.939
-116.727
-116.492
-116.265
-116.04
-115.809
-115.622
-115.412
-115.189
-114.982
-114.778
-114.549
-114.334
-114.121
-113.838
-113.58
-113.319
-113.041
-112.787
-112.566
-112.272
-111.984
-111.696
-111.393
-111.056
-110.743
-110.392
-110.014
-109.673
-109.324
-108.913
-108.563
-108.154
-107.69
-107.243
-106.778
-106.261
-105.706
-105.228
-104.673
-104.102
-103.591
-103.006
-102.273
-101.515
-100.718
-99.677
-97.981
-95.8238
-91.9208
