-134.847
-120.61
-118.504
-116.996
-115.905
-115.032
-114.279
-113.494
-112.904
-112.342
-111.797
-111.312
-110.858
-110.35
-109.902
-109.538
-109.095
-108.701
-108.37
-108.006
-107.686
-107.363
-107.064
-106.715
-106.388
-105.989
-105.657
-105.326
-105.008
-104.661
-104.311
-104.03
-103.7
-103.395
-103.078
-102.781
-102.448
-102.146
-101.844
-101.535
-101.226
-100.933
-100.571
-100.232
-99.9105
-99.6145
-99.3061
-99.0191
-98.6986
-98.3738
-98.0659
-97.6837
-97.3912
-97.0759
-96.6998
-96.3951
-96.0669
-95.6943
-95.3699
-94.9264
-94.5282
-94.0981
-93.6863
-93.1863
-92.7663
-92.3208
-91.8631
-91.3543
-90.8571
-90.3807
-89.8302
-89.2767
-88.7227
-88.154
-87.5524
-87.0149
-86.4511
-85.8136
-85.2186
-84.6174
-83.9928
-83.3728
-82.7996
-82.205
-81.6083
-80.8575
-80.2238
-79.4202
-78.5493
-77.6683
-76.7834
-75.8079
-74.746
-73.5478
-71.9295
-70.2344
-67.9795
-65.1329
-61.5067
-57.2238
-46.5471
