-109.13
-104.398
-103.315
-102.735
-102.234
-101.753
-101.378
-100.995
-100.609
-100.266
-99.9899
-99.6806
-99.3832
-99.1034
-98.8382
-98.6188
-98.3431
-98.0847
-97.8261
-97.6373
-97.4479
-97.2297
-97.0001
-96.776
-96.5292
-96.2956
-96.0829
-95.8906
-95.6968
-95.4783
-95.2597
-95.0338
-94.8299
-94.6013
-94.3925
-94.1369
-93.9331
-93.718
-93.5037
-93.3079
-93.1205
-92.9313
-92.7319
-92.4959
-92.3081
-92.0722
-91.8462
-91.6338
-91.3742
-91.1273
-90.9175
-90.6823
-90.4571
-90.1962
-89.9523
-89.6362
-89.3852
-89.0708
-88.7935
-88.4723
-88.1272
-87.7734
-87.3943
-87.0262
-86.6326
-86.1374
-85.6674
-85.1314
-84.628
-84.0746
-83.3678
-82.7083
-82.0589
-81.3435
-80.3356
-79.2831
-78.2363
-77.0538
-75.653
-74.3719
-73.1573
-72.289
-71.8663
-71.4325
-71.0343
-70.6319
-70.1902
-69.7754
-69.3101
-68.8232
-68.1092
-67.3322
-66.4103
-65.372
-64.3438
-62.685
-61.1539
-59.1532
-56.0753
-52.3503
-44.6308
