-139.263
-130.339
-128.84
-127.558
-126.805
-126.213
-125.433
-124.927
-124.427
-124.005
-123.582
-123.198
-122.888
-122.572
-122.235
-121.959
-121.648
-121.397
-121.142
-120.858
-120.63
-120.346
-120.094
-119.819
-119.587
-119.34
-119.128
-118.923
-118.716
-118.505
-118.285
-118.084
-117.862
-117.67
-117.479
-117.25
-117.048
-116.845
-116.653
-116.455
-116.24
-116.016
-115.786
-115.574
-115.379
-115.178
-114.975
-114.766
-114.596
-114.386
-114.174
-113.972
-113.758
-113.57
-113.33
-113.147
-112.926
-112.718
-112.515
-112.25
-112.025
-111.781
-111.571
-111.315
-111.078
-110.81
-110.582
-110.29
-109.998
-109.701
-109.459
-109.186
-108.882
-108.603
-108.303
-108.002
-107.721
-107.351
-107.024
-106.681
-106.349
-105.901
-105.55
-105.209
-104.754
-104.347
-103.908
-103.494
-103.049
-102.592
-102.089
-101.533
-100.976
-100.287
-99.4585
-98.3618
-97.3278
-95.9413
-94.4292
-92.3576
-88.5621
