-138.939
-129.017
-127.227
-126.17
-125.362
-124.568
-123.974
-123.404
-122.962
-122.512
-122.176
-121.808
-121.438
-121.146
-120.817
-120.523
-120.242
-119.948
-119.657
-119.4
-119.12
-118.889
-118.668
-118.427
-118.183
-117.895
-117.677
-117.445
-117.235
-117.002
-116.752
-116.535
-116.338
-116.096
-115.871
-115.629
-115.39
-115.178
-114.985
-114.752
-114.571
-114.367
-114.184
-113.997
-113.802
-113.593
-113.408
-113.23
-113.023
-112.835
-112.645
-112.444
-112.253
-112.011
-111.838
-111.608
-111.378
-111.16
-110.945
-110.69
-110.413
-110.15
-109.921
-109.675
-109.408
-109.134
-108.874
-108.625
-108.352
-108.078
-107.788
-107.445
-107.169
-106.856
-106.546
-106.29
-105.915
-105.589
-105.239
-104.909
-104.558
-104.186
-103.781
-103.437
-103.066
-102.658
-102.271
-101.831
-101.366
-100.894
-100.383
-99.8311
-99.0355
-98.1475
-97.3018
-96.2378
-95.0566
-93.7011
-91.3802
-87.6225
-83.5773
