-25.8137
-19.8643
-18.0878
-17.1029
-16.284
-15.486
-14.7948
-14.132
-13.6367
-13.0894
-12.536
-12.062
-11.604
-11.165
-10.6812
-10.2735
-9.876
-9.52658
-9.15754
-8.78648
-8.42091
-8.03684
-7.60182
-7.20976
-6.78397
-6.42283
-6.02029
-5.67022
-5.28327
-4.93799
-4.60206
-4.25481
-3.84216
-3.39362
-3.05938
-2.64011
-2.22103
-1.83712
-1.48842
-1.02776
-0.582042
-0.105964
0.294111
0.718711
1.1606
1.59041
2.11596
2.55495
2.99826
3.44861
3.96451
4.38874
4.76861
5.15543
5.57214
5.97615
6.3788
6.72278
6.9957
7.26377
7.48481
7.62228
7.75904
7.89351
7.99149
8.07101
8.13844
8.18039
8.21865
8.24501
8.26818
8.28618
8.30245
8.3173
8.32694
8.33664
8.34369
8.35042
8.35754
8.36374
8.36842
8.37312
8.37711
8.38036
8.38337
8.38667
8.38898
8.39159
8.39358
8.39539
8.39685
8.39852
8.39996
8.40158
8.40288
8.40396
8.40533
8.40625
8.40747
8.40856
8.41017
