-7.16738
-1.80406
-0.445988
0.564757
1.43029
2.01786
2.61427
3.06762
3.49433
3.86095
4.27665
4.58577
4.9148
5.21763
5.54981
5.8564
6.1723
6.49634
6.76112
7.01724
7.29987
7.53996
7.7612
8.02959
8.32731
8.58103
8.84201
9.06726
9.26861
9.52377
9.77626
10.0277
10.2834
10.5071
10.7219
10.9381
11.1419
11.4008
11.6413
11.8569
12.1105
12.335
12.5693
12.7956
13.0281
13.2244
13.457
13.7139
13.9869
14.2591
14.5265
14.7488
15.0243
15.2723
15.4954
15.7573
16.0037
16.2562
16.4929
16.749
17.0226
17.3329
17.618
17.8805
18.2089
18.4935
18.8236
19.1618
19.5075
19.8603
20.1404
20.4888
20.8545
21.2635
21.5574
22.0146
22.4337
22.8239
23.1652
23.6153
24.0765
24.598
25.0872
25.5957
26.0574
26.6046
27.0752
27.678
28.4593
29.2568
30.0101
30.8601
32.0745
33.102
34.3107
35.8857
37.1711
38.4634
39.6471
41.1566
44.0275
