-33.7466
-20.8556
-18.8276
-17.7794
-16.9346
-16.1997
-15.4887
-14.8259
-14.144
-13.6104
-13.0985
-12.5709
-12.1031
-11.6441
-11.2013
-10.6912
-10.3283
-9.93543
-9.57036
-9.19577
-8.80936
-8.44609
-8.04971
-7.59954
-7.20414
-6.81684
-6.43843
-6.06133
-5.70409
-5.3227
-4.94168
-4.61552
-4.27121
-3.89694
-3.50535
-3.1118
-2.71333
-2.30035
-1.95216
-1.57826
-1.14671
-0.686465
-0.298599
0.095634
0.513721
0.942008
1.32354
1.78724
2.24362
2.61885
3.02736
3.43581
3.90799
4.32421
4.65125
5.01744
5.36436
5.74099
6.07097
6.41614
6.68885
6.89495
7.11395
7.28848
7.4462
7.56561
7.66732
7.77651
7.86189
7.94897
8.0042
8.06339
8.10499
8.14596
8.17928
8.21023
8.23087
8.25221
8.26895
8.28325
8.29698
8.30649
8.31656
8.32488
8.33466
8.34205
8.35013
8.35704
8.36296
8.36793
8.37345
8.37799
8.38194
8.3861
8.38975
8.39295
8.3958
8.39858
8.40234
8.40512
8.40978
