-25.8137
-19.8643
-18.0878
-17.1029
-16.284
-15.486
-14.7948
-14.132
-13.6367
-13.0893
-12.5331
-12.062
-11.604
-11.1648
-10.6812
-10.2734
-9.87512
-9.52658
-9.15748
-8.78614
-8.42091
-8.03677
-7.60162
-7.20971
-6.78396
-6.42282
-6.02026
-5.67022
-5.28327
-4.93799
-4.60204
-4.25481
-3.84211
-3.39362
-3.05892
-2.63705
-2.22103
-1.83712
-1.48842
-1.02738
-0.582036
-0.105962
0.294112
0.718719
1.16079
1.59041
2.11596
2.55553
2.99826
3.44862
3.96452
4.38874
4.76862
5.15543
5.57215
5.97616
6.37881
6.72278
6.9957
7.26377
7.48482
7.62229
7.75904
7.89353
7.99149
8.07101
8.13844
8.18046
8.21921
8.24523
8.26843
8.28757
8.30288
8.31765
8.32732
8.3373
8.34411
8.35065
8.35809
8.36444
8.369
8.37338
8.37731
8.38076
8.38385
8.38713
8.38957
8.3919
8.39381
8.39568
8.3971
8.39863
8.40013
8.4018
8.40299
8.40418
8.40543
8.40634
8.40755
8.40856
8.41017
