-7.12738
-1.68829
-0.277336
0.712817
1.61308
2.20301
2.79992
3.26954
3.7035
4.1196
4.51927
4.87603
5.19791
5.52017
5.86508
6.17587
6.53851
6.87721
7.12665
7.42622
7.72188
7.95273
8.2497
8.50955
8.81187
9.0838
9.3327
9.58154
9.88422
10.17
10.3963
10.6615
10.9424
11.1846
11.4097
11.6549
11.931
12.1963
12.4
12.6664
12.9392
13.1943
13.4133
13.6782
13.9522
14.2254
14.5407
14.831
15.1406
15.3961
15.6689
15.9275
16.2268
16.4856
16.7811
17.1039
17.3623
17.6836
17.9791
18.2564
18.6131
18.9772
19.3192
19.6824
20.0031
20.3813
20.7732
21.167
21.5233
21.9308
22.3521
22.7082
23.0875
23.4821
23.8753
24.2653
24.6806
25.2118
25.7062
26.1602
26.6276
27.1586
27.6373
28.2578
28.8878
29.549
30.1488
30.7615
31.6494
32.3589
33.2186
34.1991
35.2177
36.2963
37.3755
38.4403
39.8521
40.9211
42.6363
44.422
48.786
