-38.5786
-22.2699
-20.0384
-18.456
-17.6021
-16.7284
-16.0469
-15.3129
-14.7238
-14.0987
-13.5896
-13.0383
-12.5008
-12.088
-11.6151
-11.1598
-10.6956
-10.2735
-9.8853
-9.54068
-9.20503
-8.8092
-8.43069
-8.05663
-7.63443
-7.2651
-6.89741
-6.53754
-6.19413
-5.83355
-5.46164
-5.07957
-4.77378
-4.42841
-4.06634
-3.656
-3.24715
-2.8486
-2.43012
-2.05011
-1.69048
-1.2651
-0.866429
-0.459904
-0.048417
0.377228
0.748934
1.15385
1.54427
1.98615
2.37912
2.78322
3.22406
3.66884
4.04996
4.42344
4.7911
5.1195
5.47074
5.7794
6.05529
6.32634
6.57709
6.79044
6.99546
7.17429
7.31893
7.44577
7.55351
7.65507
7.77471
7.85581
7.93068
7.99392
8.04018
8.08199
8.12071
8.14964
8.17916
8.20302
8.22645
8.24479
8.26246
8.27666
8.29024
8.30289
8.31508
8.3247
8.33411
8.34323
8.35092
8.35809
8.36481
8.37097
8.37699
8.38245
8.38783
8.39239
8.3975
8.40259
8.40959
