-25.8137
-19.8643
-18.0878
-17.1029
-16.284
-15.486
-14.7948
-14.132
-13.6367
-13.0893
-12.5331
-12.062
-11.604
-11.1648
-10.6812
-10.2734
-9.87484
-9.52658
-9.15654
-8.78614
-8.42091
-8.03675
-7.60156
-7.20969
-6.78395
-6.42282
-6.02025
-5.67022
-5.28327
-4.93799
-4.60203
-4.25481
-3.84209
-3.39362
-3.05878
-2.63703
-2.22103
-1.83712
-1.48842
-1.02738
-0.582034
-0.105961
0.294112
0.718822
1.16085
1.59041
2.11596
2.55708
2.99826
3.44862
3.96452
4.38875
4.76863
5.15543
5.57215
5.97616
6.37881
6.72278
6.9957
7.26377
7.48483
7.62229
7.75904
7.89353
7.99149
8.07165
8.13844
8.18046
8.21958
8.24547
8.26843
8.28758
8.30302
8.31765
8.32747
8.33739
8.34423
8.35066
8.35817
8.36447
8.36916
8.37345
8.37769
8.38093
8.38395
8.38723
8.38967
8.39205
8.39396
8.39584
8.39733
8.39872
8.40025
8.40185
8.40302
8.40422
8.40545
8.40643
8.40764
8.40857
8.41017
