-25.8137
-19.9056
-18.1778
-17.2062
-16.3742
-15.6166
-14.9188
-14.2731
-13.7373
-13.1919
-12.6659
-12.1771
-11.706
-11.2545
-10.7654
-10.3497
-9.96146
-9.58487
-9.27226
-8.86012
-8.53869
-8.12837
-7.71061
-7.28572
-6.89818
-6.5263
-6.129
-5.76671
-5.37952
-5.02371
-4.71673
-4.34208
-3.95142
-3.54094
-3.12439
-2.7064
-2.28647
-1.91335
-1.54354
-1.09572
-0.623518
-0.19634
0.235146
0.648791
1.08689
1.51556
2.0532
2.48176
2.94294
3.36962
3.81188
4.28976
4.63448
4.99763
5.3272
5.71938
6.04266
6.41524
6.73097
6.98536
7.21126
7.42975
7.56776
7.69742
7.8135
7.90776
7.99015
8.06486
8.11732
8.16131
8.19835
8.22708
8.25041
8.26845
8.28496
8.30047
8.31243
8.32281
8.33215
8.34009
8.34538
8.35296
8.35864
8.36429
8.36877
8.37338
8.37753
8.38098
8.38403
8.38737
8.39004
8.39269
8.39485
8.39673
8.39834
8.40028
8.4021
8.40388
8.40577
8.40742
8.4099
