-25.8137
-19.8644
-18.1004
-17.1064
-16.2892
-15.517
-14.8051
-14.1394
-13.6413
-13.1072
-12.568
-12.0787
-11.6043
-11.1744
-10.687
-10.2808
-9.88339
-9.53563
-9.16018
-8.79361
-8.43319
-8.05372
-7.60446
-7.21118
-6.80149
-6.43567
-6.04417
-5.69012
-5.29588
-4.95571
-4.61672
-4.26812
-3.84637
-3.40064
-3.07208
-2.64278
-2.24354
-1.85141
-1.50888
-1.03706
-0.594617
-0.109389
0.292232
0.711372
1.15203
1.58829
2.11051
2.53382
2.99825
3.44751
3.93149
4.38482
4.75445
5.15255
5.5678
5.96694
6.36681
6.71382
6.99384
7.25637
7.47138
7.60313
7.73712
7.85558
7.94785
8.0272
8.09053
8.14373
8.18891
8.22165
8.24617
8.26719
8.28615
8.30214
8.31579
8.32584
8.335
8.34305
8.34898
8.35626
8.36258
8.36738
8.37164
8.37604
8.37977
8.38291
8.38577
8.38829
8.39081
8.39316
8.39511
8.39668
8.39833
8.39997
8.40177
8.40299
8.40442
8.40556
8.40667
8.40812
8.41014
