-43.5241
-25.3269
-21.8834
-20.0094
-18.6114
-17.7001
-16.9185
-16.1724
-15.5253
-14.9243
-14.3665
-13.8678
-13.3345
-12.8462
-12.4466
-11.9847
-11.5945
-11.1584
-10.6912
-10.3012
-9.89896
-9.54112
-9.12235
-8.76345
-8.40238
-8.02365
-7.63635
-7.29873
-6.92407
-6.58169
-6.21867
-5.85574
-5.51463
-5.13701
-4.79353
-4.45472
-4.06426
-3.67755
-3.29845
-2.90796
-2.51688
-2.10436
-1.74391
-1.34835
-0.955521
-0.531191
-0.160814
0.261986
0.618361
1.04317
1.42673
1.85488
2.24918
2.63103
3.01994
3.43513
3.7826
4.18918
4.48212
4.812
5.14189
5.43385
5.72729
5.96848
6.23877
6.4603
6.68731
6.86983
7.03071
7.2111
7.3537
7.45248
7.55566
7.62693
7.71217
7.78924
7.8619
7.93769
7.98397
8.03376
8.07329
8.11204
8.14352
8.17207
8.19562
8.21765
8.23801
8.25408
8.2725
8.28834
8.30302
8.31553
8.3275
8.33937
8.34995
8.36039
8.3696
8.37807
8.38801
8.39645
8.40899
