-25.8137
-19.8643
-18.0878
-17.1029
-16.2872
-15.486
-14.7948
-14.132
-13.6367
-13.0894
-12.536
-12.062
-11.604
-11.1653
-10.6813
-10.2757
-9.87878
-9.52661
-9.15775
-8.78852
-8.42476
-8.03916
-7.6022
-7.20993
-6.784
-6.42644
-6.02037
-5.67023
-5.28459
-4.93799
-4.6057
-4.25481
-3.84233
-3.39362
-3.06391
-2.64011
-2.22556
-1.83712
-1.48842
-1.03137
-0.582062
-0.105971
0.294108
0.718707
1.15999
1.5904
2.11596
2.55495
2.99826
3.4486
3.9645
4.38874
4.76856
5.15543
5.57213
5.97612
6.37879
6.72278
6.9957
7.26377
7.48475
7.62225
7.75904
7.89346
7.99023
8.06996
8.1362
8.18009
8.21702
8.24378
8.26558
8.28535
8.30088
8.31453
8.32504
8.3349
8.3425
8.34808
8.35532
8.3624
8.36698
8.37175
8.37604
8.37967
8.38277
8.38569
8.38837
8.39082
8.39306
8.39504
8.39657
8.39811
8.39965
8.40134
8.40269
8.40376
8.40521
8.40617
8.40733
8.40842
8.41017
