-7.51205
-2.85144
-1.61941
-0.797592
-0.14125
0.321313
0.752254
1.12182
1.4115
1.73312
2.01723
2.25449
2.50428
2.76309
3.01533
3.282
3.50409
3.71307
3.94877
4.17648
4.40424
4.68835
4.91641
5.1297
5.33545
5.53732
5.75406
5.93724
6.13042
6.30974
6.49055
6.67403
6.87886
7.07994
7.31292
7.52504
7.72449
7.914
8.10618
8.30257
8.5021
8.67395
8.86367
9.07021
9.28952
9.5139
9.71143
9.93769
10.1364
10.3567
10.5375
10.774
10.9766
11.207
11.4324
11.665
11.8944
12.1282
12.4067
12.635
12.9177
13.1664
13.4319
13.7334
14.0086
14.2671
14.5556
14.7984
15.126
15.4234
15.7818
16.1129
16.5306
16.8818
17.2912
17.7488
18.2507
18.6897
19.2782
19.8488
20.3571
20.9889
21.5638
22.2238
22.8224
23.4378
24.0663
24.6561
25.3183
26.0067
26.6312
27.3041
28.1285
29.1519
30.087
31.0491
31.8903
32.6296
33.3977
34.5226
35.858
