-25.8137
-19.8679
-18.1016
-17.1224
-16.2904
-15.5268
-14.8248
-14.1718
-13.6655
-13.1375
-12.5757
-12.0983
-11.6442
-11.2134
-10.7108
-10.2981
-9.9362
-9.55555
-9.17896
-8.80511
-8.45842
-8.06852
-7.632
-7.22213
-6.8247
-6.47523
-6.07224
-5.72823
-5.32548
-4.97508
-4.64493
-4.29528
-3.87099
-3.47637
-3.0889
-2.67821
-2.25266
-1.85782
-1.51641
-1.05038
-0.601679
-0.124105
0.270119
0.705591
1.13297
1.57448
2.09426
2.51837
2.97596
3.43963
3.90135
4.37552
4.73752
5.14551
5.55138
5.94639
6.31862
6.63678
6.91196
7.13644
7.35299
7.51511
7.65328
7.78189
7.88954
7.9798
8.05093
8.11372
8.16415
8.19978
8.22837
8.2521
8.27275
8.29034
8.30582
8.31888
8.32787
8.33628
8.34305
8.34946
8.3561
8.36216
8.36743
8.37182
8.37588
8.37983
8.38279
8.38557
8.3882
8.39082
8.39344
8.39538
8.3969
8.39857
8.40052
8.40211
8.40334
8.40491
8.40618
8.40792
8.41007
