-7.12735
-1.68822
-0.2772
0.713022
1.6132
2.20311
2.80001
3.26962
3.70353
4.11969
4.51958
4.87622
5.19803
5.52047
5.86518
6.17623
6.53859
6.8775
7.12686
7.42651
7.72213
7.95294
8.25056
8.50956
8.81203
9.08414
9.33279
9.58183
9.88454
10.1702
10.3969
10.6617
10.9432
11.1872
11.4117
11.655
11.9318
12.1963
12.4
12.6669
12.9397
13.195
13.4147
13.6787
13.9558
14.2281
14.5409
14.8331
15.1426
15.3971
15.6689
15.9275
16.2277
16.4861
16.7819
17.1055
17.363
17.6844
17.9818
18.2565
18.6135
18.9788
19.3258
19.6834
20.0074
20.3846
20.7733
21.1711
21.5234
21.9323
22.3572
22.7083
23.0972
23.4847
23.8769
24.2685
24.6868
25.212
25.7076
26.1606
26.6278
27.1599
27.6376
28.2595
28.903
29.5575
30.1497
30.7746
31.6498
32.3656
33.2362
34.2061
35.2182
36.3003
37.3905
38.482
39.8536
40.9229
42.6747
44.4345
48.792
