-30.8784
-23.3853
-14.6783
-10.2372
-7.03013
-4.77723
-3.21637
-1.7993
-0.362163
1.15803
2.53089
3.5738
4.77503
6.09513
7.22739
8.2017
9.14196
10.0629
10.8851
11.672
12.2518
12.999
13.7179
14.4606
14.9359
15.5378
16.1409
16.6089
17.0844
17.584
17.9837
18.4298
18.9616
19.3587
19.8962
20.2825
20.6537
21.0922
21.5118
21.9673
22.3047
22.684
23
23
23
23
23
23
23
23
23
23
23
23
23
23
23
23
23
23
23
23
23
23
23
23
23
23
23
23
23
23
23
23
23
23
23
23
23
23
23
23
23
23
23
23
23
23
23
23
23
23
23
23
23
23
23
23
23
23
23
