-145.082
-140.047
-138.214
-137.143
-136.293
-135.49
-134.938
-134.332
-133.674
-133.148
-132.605
-132.134
-131.652
-131.274
-130.88
-130.399
-130.011
-129.59
-129.205
-128.746
-128.297
-127.952
-127.569
-127.215
-126.797
-126.398
-126.031
-125.7
-125.299
-124.88
-124.488
-124.084
-123.705
-123.256
-122.815
-122.389
-121.9
-121.457
-121.009
-120.434
-119.977
-119.507
-119.047
-118.591
-118.142
-117.669
-117.158
-116.746
-116.307
-115.717
-115.328
-114.809
-114.282
-113.712
-113.223
-112.799
-112.339
-111.878
-111.459
-111.115
-110.762
-110.393
-110.043
-109.699
-109.284
-108.84
-108.412
-107.996
-107.569
-107.032
-106.594
-106.062
-105.486
-104.961
-104.487
-103.798
-103.215
-102.609
-101.955
-101.196
-100.565
-99.8146
-98.9805
-98.035
-97.0129
-95.9973
-94.9041
-93.8169
-92.7934
-91.6428
-90.3502
-89.3498
-88.2206
-87.011
-85.8135
-84.267
-82.354
-79.1831
-74.2655
-66.839
-58.0689
