-127.743
-122.234
-120.694
-119.485
-118.676
-117.909
-117.355
-116.806
-116.39
-115.924
-115.535
-115.194
-114.842
-114.492
-114.202
-113.893
-113.609
-113.35
-113.118
-112.894
-112.654
-112.428
-112.197
-112.004
-111.802
-111.624
-111.423
-111.246
-111.071
-110.872
-110.7
-110.514
-110.319
-110.108
-109.92
-109.739
-109.568
-109.405
-109.203
-109.022
-108.869
-108.727
-108.545
-108.364
-108.209
-108.028
-107.83
-107.65
-107.482
-107.314
-107.142
-106.983
-106.836
-106.69
-106.509
-106.335
-106.162
-106.013
-105.813
-105.634
-105.462
-105.273
-105.117
-104.939
-104.763
-104.59
-104.387
-104.206
-104.015
-103.866
-103.668
-103.47
-103.295
-103.108
-102.914
-102.724
-102.504
-102.311
-102.087
-101.888
-101.668
-101.482
-101.28
-101.029
-100.799
-100.521
-100.224
-99.924
-99.5829
-99.2664
-98.8644
-98.3808
-97.8886
-97.4383
-96.8358
-96.256
-95.5977
-94.8683
-94.0352
-93.0233
-88.7562
