-128.163
-120.504
-118.588
-117.13
-115.98
-115.12
-114.214
-113.564
-112.962
-112.385
-111.707
-111.176
-110.737
-110.196
-109.75
-109.272
-108.844
-108.452
-108.075
-107.662
-107.274
-106.953
-106.657
-106.306
-105.95
-105.589
-105.299
-104.991
-104.687
-104.445
-104.135
-103.835
-103.519
-103.226
-102.887
-102.556
-102.238
-101.958
-101.674
-101.361
-101.051
-100.732
-100.379
-100.033
-99.6856
-99.3632
-99.052
-98.6772
-98.3364
-98.0362
-97.6956
-97.3579
-96.9895
-96.6641
-96.2698
-95.8694
-95.4865
-95.1549
-94.7932
-94.3857
-93.9471
-93.5659
-93.1025
-92.6397
-92.1565
-91.6643
-91.2735
-90.8188
-90.2891
-89.6945
-89.0933
-88.6167
-88.1029
-87.5542
-87.0004
-86.4946
-85.8681
-85.2295
-84.6534
-83.9484
-83.4314
-82.7817
-82.1733
-81.565
-80.9281
-80.2928
-79.5351
-78.8467
-78.2807
-77.5133
-76.6197
-75.5638
-74.4719
-73.5255
-72.2562
-70.7734
-68.8942
-66.1803
-62.2972
-57.3269
-43.6257
