-127.646
-120.262
-118.365
-116.924
-115.839
-114.938
-114.037
-113.402
-112.801
-112.206
-111.532
-111.036
-110.607
-110.106
-109.616
-109.173
-108.738
-108.351
-107.969
-107.567
-107.212
-106.862
-106.55
-106.229
-105.88
-105.515
-105.222
-104.94
-104.627
-104.384
-104.08
-103.769
-103.466
-103.166
-102.831
-102.528
-102.206
-101.9
-101.608
-101.312
-101.003
-100.69
-100.341
-100.003
-99.6628
-99.3149
-99.03
-98.6601
-98.3261
-98.0102
-97.6614
-97.3067
-96.9582
-96.6144
-96.1977
-95.8536
-95.4466
-95.1374
-94.7286
-94.3398
-93.9211
-93.5116
-93.0571
-92.5901
-92.0487
-91.6132
-91.2061
-90.7583
-90.2089
-89.6578
-89.065
-88.5181
-88.0254
-87.4345
-86.8992
-86.3957
-85.795
-85.1294
-84.566
-83.8702
-83.3419
-82.6621
-82.1008
-81.4911
-80.8774
-80.2006
-79.5038
-78.7942
-78.2194
-77.4869
-76.5187
-75.5261
-74.4635
-73.4671
-72.219
-70.7627
-68.8914
-66.1789
-62.2958
-57.3266
-43.6255
