-125.056
-118.15
-116.62
-115.276
-114.22
-113.441
-112.708
-112.072
-111.436
-110.842
-110.354
-109.872
-109.462
-108.995
-108.552
-108.134
-107.777
-107.403
-107.072
-106.703
-106.424
-106.143
-105.806
-105.503
-105.181
-104.863
-104.564
-104.317
-104.015
-103.811
-103.504
-103.205
-102.869
-102.586
-102.31
-102.07
-101.764
-101.495
-101.193
-100.897
-100.586
-100.24
-99.9325
-99.6037
-99.2593
-98.9908
-98.6326
-98.3317
-98.035
-97.7095
-97.3859
-97.0021
-96.6586
-96.2946
-95.9243
-95.5502
-95.176
-94.8388
-94.4026
-93.9896
-93.625
-93.0956
-92.646
-92.186
-91.6664
-91.2094
-90.7383
-90.2003
-89.6102
-88.9968
-88.3946
-87.8284
-87.2568
-86.6548
-86.1411
-85.5468
-84.9474
-84.4141
-83.6877
-83.075
-82.5417
-81.8801
-81.2801
-80.6951
-80.113
-79.5022
-78.8519
-78.3104
-77.6566
-76.9055
-76.1123
-75.1156
-74.1255
-73.1782
-71.8964
-70.4006
-68.5913
-66.0428
-62.2372
-57.2161
-43.6238
