-104.553
-100.14
-99.0196
-98.5129
-97.9493
-97.4882
-97.0774
-96.6992
-96.3564
-96.0259
-95.7661
-95.4927
-95.2256
-94.9413
-94.6793
-94.417
-94.1495
-93.9126
-93.6655
-93.4016
-93.1243
-92.8847
-92.6866
-92.4572
-92.2245
-92.0387
-91.7867
-91.6045
-91.3827
-91.1908
-90.9816
-90.7846
-90.5387
-90.3402
-90.1141
-89.9224
-89.7422
-89.5612
-89.3785
-89.1742
-88.9261
-88.7336
-88.5185
-88.3004
-88.0711
-87.839
-87.6296
-87.4184
-87.1936
-86.996
-86.7466
-86.4955
-86.2411
-85.997
-85.7645
-85.4645
-85.1341
-84.8541
-84.5465
-84.2425
-83.9244
-83.4899
-83.138
-82.7961
-82.3539
-81.8713
-81.4053
-80.9
-80.3314
-79.6896
-79.0995
-78.3049
-77.4959
-76.5276
-75.6361
-74.5204
-73.082
-71.5088
-70.1195
-68.906
-67.9369
-67.4209
-66.9996
-66.7252
-66.353
-66.0142
-65.6221
-65.2963
-64.8419
-64.3264
-63.6892
-62.8812
-62.0074
-61.1099
-60.0068
-58.8322
-57.2175
-55.702
-53.0989
-49.0026
-39.2026
