-128.34
-120.599
-118.678
-117.265
-116.032
-115.211
-114.267
-113.667
-113.029
-112.44
-111.739
-111.226
-110.787
-110.216
-109.785
-109.32
-108.865
-108.479
-108.097
-107.687
-107.29
-106.978
-106.683
-106.325
-105.969
-105.638
-105.329
-105.011
-104.709
-104.459
-104.163
-103.854
-103.544
-103.242
-102.893
-102.569
-102.252
-101.966
-101.688
-101.391
-101.057
-100.739
-100.386
-100.04
-99.6907
-99.3732
-99.0589
-98.6817
-98.3508
-98.0419
-97.7162
-97.3738
-96.9971
-96.67
-96.2765
-95.874
-95.4991
-95.1671
-94.7976
-94.3925
-93.9571
-93.5894
-93.1106
-92.6452
-92.1737
-91.6789
-91.3016
-90.8334
-90.3056
-89.6993
-89.1407
-88.629
-88.1261
-87.5714
-87.0401
-86.5173
-85.9088
-85.2737
-84.6692
-83.997
-83.4588
-82.8153
-82.2151
-81.5823
-80.9707
-80.3164
-79.5531
-78.8581
-78.2897
-77.5261
-76.6222
-75.5761
-74.4742
-73.5674
-72.257
-70.7767
-68.8973
-66.1808
-62.2977
-57.3269
-43.6257
