-128.313
-123.106
-121.656
-120.663
-119.756
-119.051
-118.415
-117.865
-117.386
-116.919
-116.461
-116.066
-115.742
-115.393
-115.116
-114.82
-114.537
-114.274
-113.999
-113.736
-113.513
-113.309
-113.091
-112.87
-112.648
-112.427
-112.236
-112.026
-111.836
-111.645
-111.482
-111.301
-111.109
-110.926
-110.77
-110.539
-110.349
-110.16
-109.97
-109.831
-109.656
-109.511
-109.343
-109.103
-108.948
-108.813
-108.656
-108.479
-108.324
-108.129
-107.891
-107.711
-107.574
-107.418
-107.236
-107.071
-106.904
-106.727
-106.536
-106.375
-106.209
-106.023
-105.818
-105.654
-105.443
-105.242
-105.058
-104.876
-104.699
-104.511
-104.311
-104.121
-103.928
-103.725
-103.516
-103.313
-103.112
-102.894
-102.659
-102.445
-102.187
-101.949
-101.714
-101.502
-101.294
-100.984
-100.732
-100.391
-100.089
-99.7146
-99.4064
-98.9845
-98.4629
-97.9438
-97.4417
-96.7593
-96.1128
-95.3596
-94.4908
-93.516
-90.0855
