-128.953
-123.576
-122.137
-121.25
-120.466
-119.658
-119.061
-118.404
-117.885
-117.409
-116.974
-116.542
-116.143
-115.815
-115.483
-115.189
-114.899
-114.645
-114.374
-114.089
-113.823
-113.62
-113.407
-113.19
-112.975
-112.755
-112.533
-112.335
-112.13
-111.916
-111.741
-111.573
-111.414
-111.199
-110.999
-110.822
-110.587
-110.403
-110.235
-110.047
-109.889
-109.717
-109.565
-109.392
-109.162
-108.994
-108.852
-108.697
-108.518
-108.354
-108.144
-107.923
-107.739
-107.591
-107.448
-107.268
-107.077
-106.911
-106.74
-106.55
-106.385
-106.211
-106.01
-105.807
-105.627
-105.401
-105.21
-105.022
-104.832
-104.665
-104.457
-104.259
-104.076
-103.869
-103.662
-103.44
-103.235
-102.996
-102.789
-102.539
-102.313
-102.086
-101.832
-101.605
-101.376
-101.088
-100.82
-100.496
-100.156
-99.8017
-99.4629
-99.03
-98.4857
-97.9637
-97.4547
-96.786
-96.1573
-95.3739
-94.4909
-93.5162
-90.0864
