-114.333
-108.839
-107.731
-106.901
-106.223
-105.679
-105.191
-104.712
-104.341
-103.912
-103.549
-103.221
-102.901
-102.648
-102.348
-102.05
-101.753
-101.483
-101.212
-100.907
-100.662
-100.44
-100.208
-99.9811
-99.7293
-99.5133
-99.2805
-99.0312
-98.8356
-98.6082
-98.3729
-98.1626
-97.9239
-97.6721
-97.4444
-97.2269
-97.005
-96.775
-96.5657
-96.3261
-96.114
-95.872
-95.6232
-95.3673
-95.1079
-94.8642
-94.5767
-94.3063
-94.0846
-93.8261
-93.5363
-93.2703
-93.0086
-92.711
-92.4481
-92.1199
-91.7711
-91.4269
-91.0964
-90.7432
-90.3627
-89.9417
-89.5125
-89.0485
-88.6213
-88.0169
-87.5017
-86.8325
-86.2262
-85.598
-84.9331
-84.2476
-83.4902
-82.5615
-81.6124
-80.6922
-79.5894
-78.6849
-77.7501
-76.9164
-76.3152
-75.7829
-75.2828
-74.832
-74.3275
-73.9361
-73.4906
-73.0083
-72.4641
-71.9898
-71.3793
-70.6655
-69.7416
-68.7332
-67.4132
-65.9893
-64.5498
-62.2738
-59.4776
-54.7836
-43.5647
