-128.425
-120.652
-118.724
-117.332
-116.08
-115.228
-114.312
-113.691
-113.043
-112.466
-111.757
-111.239
-110.795
-110.236
-109.791
-109.344
-108.908
-108.518
-108.102
-107.708
-107.299
-107.005
-106.69
-106.338
-105.979
-105.645
-105.337
-105.018
-104.717
-104.464
-104.172
-103.86
-103.556
-103.251
-102.9
-102.574
-102.255
-101.97
-101.695
-101.392
-101.06
-100.741
-100.388
-100.04
-99.701
-99.3771
-99.0615
-98.6865
-98.3566
-98.0422
-97.7223
-97.3739
-97.0124
-96.6708
-96.2804
-95.8958
-95.514
-95.1704
-94.8074
-94.3957
-93.9666
-93.6324
-93.1175
-92.6494
-92.1832
-91.6905
-91.3146
-90.8433
-90.3134
-89.7114
-89.1593
-88.6452
-88.1376
-87.5718
-87.0734
-86.5317
-85.9352
-85.2998
-84.6851
-84.003
-83.4643
-82.8391
-82.2294
-81.6051
-80.98
-80.3185
-79.5607
-78.8657
-78.2979
-77.533
-76.6314
-75.577
-74.4938
-73.5689
-72.2573
-70.7783
-68.8974
-66.181
-62.2979
-57.327
-43.6257
