-128.697
-123.567
-122.136
-121.205
-120.439
-119.62
-119.052
-118.399
-117.864
-117.409
-116.97
-116.525
-116.141
-115.811
-115.483
-115.187
-114.893
-114.645
-114.367
-114.086
-113.822
-113.619
-113.407
-113.187
-112.975
-112.751
-112.53
-112.335
-112.129
-111.916
-111.74
-111.566
-111.414
-111.198
-110.999
-110.822
-110.587
-110.402
-110.234
-110.045
-109.889
-109.717
-109.563
-109.392
-109.157
-108.994
-108.851
-108.697
-108.517
-108.354
-108.144
-107.922
-107.738
-107.591
-107.438
-107.268
-107.077
-106.907
-106.74
-106.548
-106.385
-106.211
-106.01
-105.807
-105.625
-105.401
-105.21
-105.022
-104.832
-104.665
-104.457
-104.259
-104.076
-103.867
-103.662
-103.44
-103.235
-102.996
-102.789
-102.539
-102.313
-102.086
-101.832
-101.605
-101.376
-101.087
-100.82
-100.496
-100.156
-99.8017
-99.4628
-99.03
-98.4857
-97.9637
-97.4547
-96.786
-96.1573
-95.3739
-94.4909
-93.5162
-90.0864
