-128.398
-120.637
-118.715
-117.288
-116.05
-115.227
-114.291
-113.684
-113.039
-112.448
-111.749
-111.235
-110.793
-110.231
-109.79
-109.337
-108.905
-108.508
-108.101
-107.703
-107.298
-106.995
-106.69
-106.337
-105.973
-105.64
-105.33
-105.017
-104.715
-104.463
-104.169
-103.857
-103.551
-103.245
-102.9
-102.574
-102.254
-101.969
-101.69
-101.391
-101.059
-100.741
-100.387
-100.04
-99.6961
-99.376
-99.0611
-98.6847
-98.3565
-98.0421
-97.7216
-97.3739
-97.0122
-96.6708
-96.2786
-95.8909
-95.5094
-95.17
-94.7978
-94.3947
-93.9602
-93.6323
-93.1153
-92.6454
-92.1831
-91.6846
-91.3105
-90.8401
-90.3057
-89.7003
-89.1471
-88.6415
-88.1374
-87.5717
-87.0656
-86.5291
-85.9322
-85.2998
-84.6833
-84.0011
-83.4642
-82.833
-82.2264
-81.6003
-80.9783
-80.3184
-79.5531
-78.8625
-78.2926
-77.5289
-76.6311
-75.5767
-74.4936
-73.5684
-72.2572
-70.7778
-68.8974
-66.1809
-62.2978
-57.327
-43.6257
