-7.13033
-1.92807
-0.248702
0.739687
1.49979
2.15663
2.71817
3.137
3.54525
3.96039
4.39896
4.80383
5.15581
5.47049
5.78677
6.07925
6.3902
6.7271
7.02505
7.33334
7.65201
7.95243
8.22395
8.54441
8.82148
9.06338
9.37114
9.72187
9.98607
10.2353
10.543
10.7914
11.0295
11.2246
11.5012
11.7801
12.0136
12.2574
12.5483
12.8249
13.0829
13.33
13.6246
13.861
14.186
14.4741
14.7318
15.0405
15.3217
15.6459
15.9222
16.2204
16.4852
16.7938
17.1304
17.4355
17.7902
18.1001
18.4515
18.7991
19.1266
19.4318
19.788
20.1353
20.5098
20.8813
21.234
21.6045
21.9622
22.3441
22.7193
23.1521
23.5622
23.9552
24.3962
24.9092
25.3297
25.8069
26.3978
26.8668
27.3434
27.8887
28.3735
28.9556
29.5092
30.1102
30.7048
31.4315
32.1524
32.9101
33.78
34.685
35.6285
36.8075
37.7706
38.7019
39.7897
41.0242
42.4668
43.9125
48.7092
