-26.2045
-17.2891
-15.399
-14.142
-13.1414
-12.4056
-11.697
-10.981
-10.439
-9.83219
-9.27792
-8.7787
-8.27648
-7.81215
-7.43048
-7.0484
-6.65955
-6.23763
-5.83711
-5.39329
-5.00711
-4.55451
-4.16722
-3.73191
-3.30747
-2.92877
-2.53233
-2.09652
-1.70178
-1.39884
-1.0326
-0.648901
-0.236842
0.209257
0.601722
1.00117
1.44088
1.85702
2.38767
2.81161
3.30575
3.72859
4.10482
4.51743
4.83335
5.22243
5.51673
5.91126
6.29046
6.62857
6.99174
7.29018
7.6305
7.93469
8.26129
8.55835
8.8709
9.16178
9.39649
9.60758
9.81423
10.015
10.2012
10.3876
10.5823
10.7455
10.8808
11.0329
11.1591
11.2983
11.425
11.5493
11.6646
11.7727
11.8789
11.9686
12.0578
12.1248
12.2178
12.2863
12.3491
12.4105
12.4743
12.5276
12.5818
12.646
12.6952
12.7284
12.7721
12.8133
12.8505
12.889
12.9226
12.9519
12.9842
13.0179
13.0446
13.0759
13.1071
13.1342
13.1718
