-26.2235
-17.3335
-15.4861
-14.2321
-13.2635
-12.5309
-11.751
-11.121
-10.5416
-9.94503
-9.41475
-8.89257
-8.37625
-7.91013
-7.54873
-7.1506
-6.76981
-6.37234
-5.97068
-5.51038
-5.12131
-4.66012
-4.26065
-3.86329
-3.37622
-2.9996
-2.60035
-2.17492
-1.79644
-1.46318
-1.12248
-0.705527
-0.305698
0.131899
0.52885
0.925357
1.30265
1.77238
2.26613
2.74204
3.17683
3.66195
4.01477
4.41246
4.74199
5.11811
5.44711
5.83998
6.1978
6.5581
6.90126
7.195
7.51603
7.84543
8.15492
8.42861
8.74284
9.02488
9.27685
9.49985
9.707
9.89931
10.0853
10.2714
10.4439
10.6254
10.7745
10.9163
11.0643
11.1923
11.3242
11.4378
11.5594
11.6661
11.774
11.8778
11.964
12.0524
12.1217
12.2019
12.2685
12.337
12.4031
12.466
12.518
12.5766
12.6341
12.6774
12.7157
12.7541
12.7974
12.8389
12.8789
12.9157
12.9468
12.9815
13.0172
13.0494
13.0826
13.1217
13.1677
