-7.12976
-1.92653
-0.248001
0.741418
1.50117
2.15856
2.71967
3.14383
3.54592
3.96101
4.39975
4.80532
5.15818
5.48016
5.78935
6.08161
6.39232
6.72924
7.03416
7.34093
7.65572
7.95895
8.22847
8.54551
8.82468
9.06897
9.37796
9.72889
9.99115
10.2415
10.5464
10.7996
11.0342
11.2304
11.5038
11.7888
12.0187
12.2687
12.5619
12.8324
13.0974
13.3377
13.6294
13.8674
14.193
14.4827
14.7342
15.0449
15.3345
15.6598
15.9289
16.236
16.5025
16.8044
17.1376
17.4543
17.8058
18.1123
18.4691
18.8161
19.1453
19.4716
19.8117
20.1636
20.5308
20.9064
21.2702
21.6321
21.9928
22.372
22.7607
23.1884
23.6041
23.9861
24.4678
24.9601
25.4096
25.8647
26.4411
26.9011
27.4184
27.9407
28.4374
28.9967
29.5659
30.1628
30.7732
31.5133
32.2722
33.0513
33.8894
34.7607
35.8355
37.0523
37.9381
38.9396
39.9847
41.2973
42.5814
44.2233
48.7903
