-32.926
-19.2788
-17.0448
-15.8201
-14.8776
-13.8758
-13.1077
-12.4271
-11.7498
-11.0841
-10.5485
-10.0132
-9.46283
-8.92866
-8.42029
-7.97115
-7.59045
-7.22544
-6.85599
-6.46362
-6.06567
-5.64454
-5.2349
-4.78503
-4.37345
-4.0086
-3.55546
-3.17522
-2.79864
-2.35129
-1.98734
-1.62845
-1.28939
-0.913728
-0.530177
-0.0497544
0.316876
0.673816
1.03011
1.53762
1.98699
2.45839
2.88924
3.30489
3.68909
4.01472
4.3978
4.71716
5.04248
5.36238
5.66397
5.9964
6.29803
6.61079
6.89191
7.1608
7.46893
7.75923
8.00788
8.29814
8.5538
8.76591
8.99684
9.24169
9.44272
9.62922
9.80219
9.98995
10.1406
10.3405
10.5134
10.6482
10.7762
10.894
11.0248
11.1672
11.2928
11.4139
11.5316
11.6244
11.7313
11.8223
11.9223
12.0052
12.0845
12.1627
12.2357
12.3146
12.392
12.464
12.5213
12.5932
12.6568
12.712
12.7746
12.8293
12.8899
12.9411
13.0072
13.0625
13.1588
