-7.32629
-2.29405
-0.692747
0.203065
0.948403
1.48064
2.03207
2.49744
2.88167
3.25434
3.60948
3.93008
4.29852
4.58504
4.84179
5.10245
5.35498
5.6171
5.83614
6.06437
6.29672
6.55915
6.81253
7.06705
7.2819
7.51953
7.73322
7.96898
8.19674
8.38215
8.60879
8.81828
9.0688
9.30876
9.5194
9.72341
9.96935
10.1623
10.3756
10.5989
10.7985
11.0183
11.2372
11.461
11.6957
11.9611
12.1614
12.3778
12.628
12.8559
13.1006
13.316
13.5548
13.8107
14.0812
14.3412
14.5962
14.859
15.1317
15.3742
15.6245
15.8692
16.1243
16.3875
16.6736
16.9946
17.2743
17.552
17.8858
18.2582
18.6208
18.9668
19.3167
19.6804
20.0501
20.4043
20.8663
21.2252
21.6293
22.0389
22.4606
23.0923
23.7699
24.4413
25.113
25.8459
26.3713
27.1088
27.8081
28.4744
29.2582
30.0509
30.9641
32.0737
33.1768
34.2498
35.3615
36.1745
37.1974
38.3922
40.2788
