-7.72321
-3.01053
-1.70472
-0.901684
-0.255586
0.220048
0.612298
1.01008
1.32439
1.63602
1.93434
2.18322
2.48323
2.72522
2.99988
3.23798
3.49122
3.71022
3.95605
4.16903
4.36077
4.55728
4.80164
5.01851
5.22805
5.43728
5.61393
5.84958
6.08639
6.26917
6.47762
6.69444
6.90215
7.08366
7.27303
7.44665
7.65996
7.8392
8.05837
8.29943
8.53045
8.73302
8.92673
9.17307
9.38257
9.58801
9.81582
10.0167
10.2423
10.4433
10.6933
10.8966
11.0918
11.3198
11.5641
11.8106
12.0506
12.2896
12.5176
12.7772
13.0307
13.289
13.5466
13.809
14.0447
14.3531
14.6563
14.9614
15.249
15.6144
15.9489
16.2804
16.6103
16.9208
17.3587
17.7976
18.3775
19.0232
19.6183
20.2405
20.8312
21.3062
21.9707
22.6263
23.3138
23.9556
24.65
25.2107
25.8255
26.3934
27.0216
27.7398
28.5465
29.3333
30.2274
31.1466
32.0348
32.8474
33.6987
34.6146
35.8329
