-7.19283
-2.04914
-0.401598
0.553838
1.33091
1.92495
2.49575
2.94435
3.33831
3.75648
4.15775
4.53166
4.88752
5.20401
5.49173
5.78539
6.06689
6.41443
6.64608
6.93693
7.24439
7.53676
7.77899
8.05855
8.32957
8.59344
8.83133
9.08004
9.36306
9.61879
9.83938
10.0851
10.3591
10.5531
10.7872
10.9908
11.2025
11.4323
11.681
11.9944
12.2104
12.4526
12.6905
12.9282
13.1744
13.4157
13.6789
13.8798
14.1229
14.4058
14.634
14.8393
15.1395
15.4466
15.6883
15.9587
16.2509
16.4817
16.7791
17.1039
17.3556
17.6339
17.9454
18.2547
18.5576
18.8432
19.2237
19.601
19.9116
20.2202
20.5251
20.92
21.2967
21.6053
22.0292
22.3978
22.8475
23.1912
23.6255
24.0894
24.5532
24.9917
25.466
26.0309
26.5395
27.0329
27.6539
28.3604
28.9748
29.8681
30.6221
31.4342
32.51
33.6023
35.0103
36.3809
37.4261
38.5949
39.7157
41.1031
44.0004
