-26.205
-17.2894
-15.4014
-14.1421
-13.1414
-12.4102
-11.7052
-10.981
-10.4576
-9.83949
-9.27855
-8.77941
-8.27657
-7.8122
-7.43153
-7.05646
-6.66648
-6.25064
-5.83915
-5.40334
-5.00881
-4.55675
-4.16817
-3.7325
-3.31055
-2.93531
-2.53457
-2.0966
-1.70409
-1.40156
-1.03449
-0.650323
-0.237176
0.20405
0.601396
1.00076
1.43632
1.85167
2.37443
2.81139
3.30575
3.7154
4.10474
4.51738
4.83269
5.21783
5.50983
5.90862
6.29027
6.62797
6.99014
7.28984
7.62884
7.93165
8.25491
8.55331
8.8677
9.15895
9.38875
9.60753
9.81417
10.0131
10.1958
10.3856
10.5764
10.7428
10.879
11.0322
11.1579
11.2948
11.4219
11.5477
11.6619
11.7655
11.8768
11.9656
12.0529
12.121
12.2136
12.2786
12.3452
12.4044
12.4683
12.5222
12.5791
12.644
12.6878
12.7255
12.7661
12.8062
12.8454
12.8851
12.9196
12.9498
12.9827
13.0152
13.0426
13.0729
13.1032
13.1319
13.1717
