-7.12969
-1.92636
-0.247923
0.741611
1.50132
2.15878
2.71983
3.14459
3.54599
3.96108
4.39984
4.80549
5.15845
5.48124
5.78963
6.0818
6.39256
6.72947
7.03535
7.34177
7.65615
7.95917
8.22898
8.54563
8.82481
9.06939
9.37798
9.72938
9.99171
10.2419
10.5467
10.8002
11.0345
11.2305
11.5041
11.7891
12.0188
12.269
12.5619
12.8332
13.1004
13.3386
13.6294
13.8682
14.1941
14.4847
14.7354
15.046
15.3355
15.6601
15.9294
16.2362
16.5044
16.8048
17.138
17.4553
17.8093
18.1145
18.47
18.8173
19.147
19.4719
19.8138
20.1729
20.5316
20.9068
21.2729
21.633
21.9957
22.3735
22.763
23.1886
23.6082
23.9881
24.4698
24.967
25.4102
25.8803
26.4415
26.9075
27.4262
27.941
28.4382
29.0006
29.5683
30.1659
30.7779
31.5305
32.306
33.07
33.8976
34.7875
35.8683
37.0667
37.9705
38.9788
40.0209
41.3337
42.5991
44.2689
48.7994
