-26.2643
-17.4861
-15.6362
-14.4718
-13.4587
-12.6739
-11.9734
-11.273
-10.7345
-10.1456
-9.58261
-9.07731
-8.58024
-8.09268
-7.71994
-7.30502
-6.92325
-6.49129
-6.07293
-5.6466
-5.20892
-4.79252
-4.3339
-3.94935
-3.5119
-3.12511
-2.73691
-2.30041
-1.90728
-1.55167
-1.2154
-0.810863
-0.416681
-0.00353573
0.403935
0.755211
1.14193
1.58067
2.07944
2.57954
3.00868
3.49927
3.84246
4.21489
4.58921
4.96458
5.31034
5.63155
5.99641
6.34912
6.68494
7.04624
7.33036
7.65945
7.9845
8.28714
8.57685
8.86339
9.11718
9.34437
9.5563
9.75812
9.92175
10.1146
10.287
10.4691
10.6338
10.7704
10.9278
11.05
11.1753
11.3225
11.4447
11.5486
11.6602
11.7604
11.861
11.9406
12.0188
12.0939
12.1719
12.2509
12.3234
12.3851
12.4491
12.5038
12.567
12.6202
12.6664
12.7094
12.7469
12.794
12.8338
12.8764
12.9156
12.956
12.995
13.03
13.0693
13.1148
13.165
