-26.2044
-17.2891
-15.399
-14.142
-13.1414
-12.4056
-11.697
-10.981
-10.439
-9.83218
-9.27783
-8.7787
-8.27648
-7.81215
-7.43044
-7.04836
-6.65952
-6.2376
-5.83711
-5.39324
-5.00711
-4.55451
-4.16717
-3.73189
-3.30745
-2.92876
-2.53226
-2.09652
-1.70178
-1.39883
-1.0326
-0.648897
-0.236841
0.209427
0.601733
1.00117
1.44088
1.85702
2.38767
2.81162
3.30575
3.73001
4.10482
4.51743
4.83337
5.22243
5.51726
5.91128
6.29046
6.62857
6.99179
7.29019
7.63054
7.93469
8.26178
8.55835
8.8709
9.16178
9.39656
9.60758
9.81423
10.015
10.2012
10.3876
10.5823
10.7455
10.8814
11.0329
11.1591
11.2984
11.425
11.5495
11.6649
11.7727
11.8789
11.9688
12.0578
12.1248
12.2179
12.2863
12.3492
12.4105
12.4743
12.5276
12.5818
12.646
12.6952
12.7284
12.7721
12.8134
12.851
12.8891
12.9229
12.9519
12.9842
13.0179
13.0446
13.0759
13.1071
13.1343
13.1718
