-26.2063
-17.2901
-15.4067
-14.1422
-13.1439
-12.4103
-11.708
-11.0116
-10.4808
-9.84387
-9.2786
-8.78627
-8.29712
-7.8168
-7.43724
-7.06334
-6.67259
-6.267
-5.85285
-5.41644
-5.02146
-4.55695
-4.17234
-3.7479
-3.31813
-2.94636
-2.54545
-2.10747
-1.7199
-1.40641
-1.04665
-0.658358
-0.247064
0.201675
0.589939
0.994487
1.4232
1.84352
2.36341
2.80943
3.29604
3.70994
4.10456
4.50583
4.82849
5.20559
5.50637
5.90857
6.28383
6.62792
6.98536
7.28027
7.62099
7.92653
8.25259
8.5401
8.8601
9.15314
9.38179
9.59706
9.81183
9.99959
10.1824
10.3775
10.5724
10.7364
10.8735
11.0159
11.149
11.2869
11.4145
11.5368
11.6426
11.7556
11.8563
11.9506
12.036
12.1103
12.1862
12.2662
12.3362
12.3884
12.4608
12.5147
12.5749
12.6322
12.6814
12.7181
12.7592
12.8008
12.8407
12.8801
12.9155
12.9474
12.978
13.0099
13.0402
13.0695
13.099
13.1294
13.1714
