-26.2046
-17.2892
-15.3997
-14.142
-13.1414
-12.4056
-11.697
-10.981
-10.4491
-9.83941
-9.27853
-8.77871
-8.27651
-7.81216
-7.43079
-7.04874
-6.66142
-6.23787
-5.83714
-5.39851
-5.00713
-4.55451
-4.16769
-3.73208
-3.30764
-2.92884
-2.53299
-2.09654
-1.70179
-1.39893
-1.03261
-0.648938
-0.237103
0.207726
0.601626
1.00115
1.44082
1.85459
2.38611
2.81155
3.30575
3.71844
4.1048
4.51741
4.83315
5.22242
5.51195
5.91113
6.29045
6.62855
6.99127
7.29008
7.63022
7.93468
8.25687
8.55835
8.87089
9.16178
9.3956
9.60757
9.81421
10.0144
10.1993
10.3876
10.5822
10.7449
10.8808
11.0327
11.159
11.2971
11.4246
11.5479
11.6639
11.7718
11.878
11.9681
12.0565
12.1248
12.2173
12.2821
12.3477
12.4078
12.4731
12.5263
12.581
12.6457
12.6945
12.7277
12.7699
12.8108
12.8497
12.8878
12.9211
12.9514
12.9842
13.0171
13.0431
13.0739
13.1064
13.1336
13.1718
