-148.199
-135.221
-132.115
-130.496
-129.014
-127.735
-126.711
-125.752
-124.903
-124.1
-123.422
-122.688
-122.047
-121.388
-120.734
-120.13
-119.442
-118.797
-118.228
-117.576
-116.993
-116.432
-115.872
-115.394
-114.92
-114.325
-113.683
-113.24
-112.702
-112.139
-111.676
-111.051
-110.61
-110.083
-109.555
-109.108
-108.682
-108.178
-107.664
-107.136
-106.641
-106.103
-105.689
-105.185
-104.686
-104.296
-103.818
-103.335
-102.861
-102.339
-101.82
-101.322
-100.866
-100.431
-100.067
-99.6809
-99.1909
-98.8554
-98.4826
-98.0561
-97.6388
-97.1853
-96.6815
-96.2436
-95.8083
-95.3325
-94.9146
-94.3269
-93.8928
-93.4337
-92.906
-92.4431
-91.8757
-91.3608
-90.7965
-90.2932
-89.7187
-89.0594
-88.3483
-87.6984
-86.9429
-86.1532
-85.2401
-84.3823
-83.4266
-82.5451
-81.6373
-80.8352
-80.0336
-79.3678
-78.7412
-77.9632
-77.1486
-76.2359
-75.3598
-74.3528
-73.5247
-72.4539
-71.2474
-69.1365
-63.9186
