-132.477
-117.783
-114.949
-113.216
-111.448
-110.187
-109.052
-108.108
-107.355
-106.468
-105.699
-104.973
-104.348
-103.796
-103.106
-102.46
-101.777
-101.225
-100.671
-100.076
-99.5339
-99.0131
-98.4117
-98.0087
-97.4399
-96.9442
-96.4885
-95.9634
-95.5026
-95.036
-94.5046
-94.0551
-93.6156
-93.164
-92.6978
-92.2066
-91.7004
-91.2409
-90.7723
-90.3093
-89.8149
-89.3841
-89.0002
-88.5842
-88.0998
-87.6747
-87.2028
-86.7929
-86.2709
-85.8021
-85.424
-84.9843
-84.5907
-84.0801
-83.6769
-83.2062
-82.7724
-82.2596
-81.7564
-81.3701
-80.9587
-80.4941
-79.9957
-79.4469
-79.0059
-78.4317
-77.8608
-77.3978
-76.8718
-76.293
-75.7313
-75.1195
-74.5193
-73.8715
-73.317
-72.6278
-71.971
-71.3848
-70.8675
-70.3178
-69.7888
-69.183
-68.5121
-67.8843
-67.1854
-66.5421
-65.8515
-65.1421
-64.3875
-63.5921
-62.8584
-62.1532
-61.293
-60.2099
-59.2362
-58.0707
-56.5319
-54.5324
-52.206
-48.5509
-37.5306
