-125.003
-117.758
-116.063
-114.948
-114.173
-113.461
-112.876
-112.273
-111.779
-111.388
-110.998
-110.639
-110.282
-109.919
-109.629
-109.362
-109.081
-108.781
-108.522
-108.224
-107.927
-107.666
-107.418
-107.123
-106.924
-106.667
-106.386
-106.131
-105.899
-105.667
-105.461
-105.239
-105.048
-104.848
-104.626
-104.385
-104.183
-103.978
-103.749
-103.518
-103.296
-103.064
-102.86
-102.634
-102.4
-102.211
-101.982
-101.766
-101.566
-101.372
-101.155
-100.97
-100.745
-100.517
-100.324
-100.122
-99.9105
-99.6921
-99.4719
-99.2254
-98.9485
-98.7166
-98.4741
-98.237
-97.9992
-97.7565
-97.5324
-97.2528
-97.0198
-96.8037
-96.5083
-96.2415
-95.9257
-95.6264
-95.3623
-95.0447
-94.7644
-94.4185
-94.0705
-93.7328
-93.3785
-93.0336
-92.6092
-92.2356
-91.8676
-91.4003
-90.9734
-90.4537
-89.9051
-89.4116
-88.8307
-88.1896
-87.4796
-86.6135
-85.8827
-84.8641
-83.745
-82.4555
-80.5874
-77.9445
-68.7009
