101.306
57.4642
51.759
34.2362
72.7773
59.7987
95.1879
77.7727
89.2745
101.057
48.7411
62.7478
83.6009
63.3484
61.4598
70.5722
57.3596
67.4087
59.4269
97.6622
66.3289
79.1644
67.6217
99.1321
68.6097
109.016
71.8127
98.9882
39.5403
45.4828
6.50918
73.2646
26.9306
59.8308
90.1815
91.3196
60.9261
113.24
31.1656
72.7858
49.9704
51.3219
22.6381
91.6131
50.4505
115.212
51.8429
28.7838
16.7927
66.2183
83.0241
98.2442
38.13
58.5052
83.8063
18.807
32.9256
68.4548
69.8823
51.3648
114.282
11.1604
70.6743
104.737
89.4306
57.6996
57.811
101.609
36.2141
27.1688
27.8164
72.2184
56.3758
114.554
59.731
59.9422
104.96
15.0911
98.5549
42.2504
83.3764
65.7751
51.5287
79.1381
9.98932
64.1347
97.4276
35.2753
31.7733
60.3624
1.45453
110.41
60.0142
16.8552
52.0032
49.4494
69.2315
85.8239
47.1295
93.8762
4.30455
6.49011
32.4202
36.1264
93.1772
34.3905
105.916
86.9232
88.5733
56.7852
108.91
107.814
18.1368
80.5617
68.6449
114.521
58.7467
57.8061
98.5421
31.9264
73.334
37.5839
44.4091
13.5028
54.0366
98.6517
61.1376
43.5956
94.4976
73.8002
78.7239
81.5442
41.0792
106.887
60.4647
91.4504
78.8798
49.1888
93.7437
62.6916
8.78204
91.0268
65.848
61.8691
30.9611
106.712
42.8827
55.3843
80.8786
96.3797
6.14411
42.6031
7.15844
94.2482
63.0211
84.7603
60.7388
62.7034
107.107
73.7481
104.36
68.0636
78.9541
66.4352
77.611
80.8287
83.0963
100.455
67.2954
18.3369
60.514
45.0294
58.2078
65.22
73.6266
63.0225
54.5381
92.5376
111.938
96.3781
73.2421
56.544
110.806
90.7017
81.6771
33.2828
32.6545
36.576
21.4862
59.0023
49.6478
35.7879
112.389
58.6653
35.0788
85.2559
57.3706
35.3741
82.5973
51.6211
-37.6954
-87.9093
-100.373
-54.5485
-14.8218
-33.7577
-51.7091
-83.6449
-63.7926
-44.231
-60.9593
-37.351
-60.6469
-90.3197
-52.9872
-73.3418
-24.2665
-71.4079
-102.7
-51.4327
-77.4538
-56.7906
-88.1886
-69.5328
-54.5184
-114.715
-107.686
-17.8592
-74.3776
-85.2291
-88.0561
-3.94255
-29.6154
-44.6123
-91.1522
-86.4622
-45.1904
-58.1378
-66.0672
-39.2163
-34.3317
-2.45628
-58.0336
-53.308
-49.8373
-111.518
-67.2274
-66.7312
-11.1064
-17.6907
-86.5076
-77.965
-62.0413
-78.2368
-90.0746
-39.3091
-62.5354
-68.7232
-63.1566
-64.4992
-47.0848
-18.4268
-89.4504
-71.1053
-71.4617
-74.9428
-27.9233
-105.215
-73.3974
-5.5554
-91.8049
-56.4516
-68.6421
-82.4426
-100.978
-71.3594
-71.3488
-49.8899
-11.8826
-0.91785
-18.892
-62.1449
-12.4762
-113.136
-75.1335
-49.4946
-105.981
-78.7883
-59.8838
-47.2458
-68.767
-59.5995
-67.5821
-37.9094
-87.4305
-5.90774
-72.357
-110.08
-71.5923
-47.4239
-94.9446
-80.1846
-55.2527
-67.4049
-71.9066
-55.8062
-37.9437
-74.2448
-68.8814
-39.3251
-34.7089
-91.4395
-59.1975
-114.994
-64.5446
-82.5268
-48.6685
-63.6902
-83.8715
-33.1186
-86.3983
-62.9346
-67.0104
-73.0808
-76.4143
-101.927
-110.991
-77.6904
-93.1035
-91.2272
-81.907
-63.7793
-66.1101
-83.9649
-74.8055
-56.8134
-64.8432
-107.634
-21.5576
-15.2101
-62.4224
-37.4654
-25.8481
-7.8463
-77.8771
-56.0756
-37.2498
-72.7586
-24.4823
-69.1321
-93.5128
-28.8504
-88.4933
-16.2438
-96.9983
-67.9414
-26.9912
-18.393
-97.2692
-81.0165
-13.781
-12.8006
-84.3374
-30.7792
-41.3925
-37.5047
-6.2924
-53.4168
-66.666
-84.4975
-54.2785
-93.8794
-72.6449
-11.1349
-32.1989
-70.2204
-42.6867
-91.6208
-21.551
-59.454
-80.4239
-32.3301
-64.2762
-97.0015
-41.3768
-77.6431
-61.9276
-25.008
-15.387
-35.2533
-51.2585
-77.3681
-108.723
-63.976
-53.0631
-68.3569
-10.4874
-104.178
-21.9836
-37.9878
54.1321
14.0678
-3.18039
51.5047
4.6054
28.5719
-46.0953
-12.0318
27.5046
1.93419
-41.4056
-33.9268
0.325816
35.5248
0.958774
-19.8031
-18.3532
0.777557
-7.29938
32.8834
-16.7132
20.8389
31.5104
56.4334
-49.3
-9.14083
-4.94317
7.8455
52.9771
-34.8751
1.28225
42.3334
50.6505
-25.1836
-21.6341
-31.2426
-17.9881
-30.4736
0.744546
53.8874
-39.3529
5.98117
29.795
41.6832
48.3413
-38.2034
2.23723
19.3162
22.8787
-15.6545
36.8906
-32.0704
22.1012
-56.0111
54.6137
-30.8922
-14.8908
-4.15968
21.4797
-1.92474
19.3075
1.1629
-15.7264
57.2999
-23.4796
-8.33023
-7.4286
45.1947
-6.03497
2.99132
10.1529
24.1557
-9.37335
-35.7807
-50.2337
37.7619
-26.1738
-26.8859
21.1695
-23.1459
18.8131
-13.7452
-39.1586
13.3483
5.57684
10.7968
6.45059
-23.7804
18.6616
-52.6132
-13.8614
-4.71802
12.0329
46.5243
24.4623
-7.61098
-46.033
17.5307
1.86933
9.91038
-34.6093
-7.42284
39.9568
3.64813
55.8842
-45.7016
14.5761
-46.9814
-25.9153
28.8615
30.7685
32.8446
53.4587
29.7258
12.6972
2.50653
31.5108
-31.2507
-41.6514
23.9724
52.5271
-23.6969
31.0779
-15.4683
46.587
41.5654
-8.64599
-55.408
-2.30977
16.4754
-1.38535
47.5035
-24.213
50.222
0.722409
-31.271
-45.086
-43.2528
-34.2575
16.0604
-1.77467
-13.2247
-48.3536
32.1796
-13.4847
-54.4498
-0.689579
-15.6698
-29.171
-55.0226
-29.8714
-16.7852
-9.05411
-22.8885
2.13845
31.1987
-0.39395
-15.5023
16.5603
45.6027
-17.2087
-3.04029
-26.4306
44.9284
7.448
56.5334
-45.5476
54.87
-10.6578
-1.4771
-43.2073
-24.8934
16.6612
28.3944
51.2453
27.2966
51.9606
-23.9477
7.37727
-52.6176
-28.0709
18.5222
17.2418
2.11231
20.8398
33.6129
-1.48822
12.3991
37.1723
32.9012
33.818
-43.1297
32.4777
-49.2733
-53.1485
-34.3972
43.2307
-33.52
-39.8269
-31.6607
222.307
252.33
233.995
246.909
226.329
225.329
254.779
254.694
180.947
177.086
255.012
208.709
250.811
267.448
211.427
261.305
257.143
224.424
241.961
254.26
246.064
237.982
224.712
235.24
257.673
285.365
176.766
229.14
221.538
282.482
285.609
246.11
282.796
223.291
251.078
216.28
229.501
222.002
263.845
232.967
247.784
244.612
254.244
251.207
258.912
201.408
270.064
253.628
196.266
208.123
237.4
221.923
228.108
235.073
243.708
239.643
225.339
210.506
234.022
255.84
246.324
212.029
228.175
195.93
287.578
215.555
213.972
189.834
228.549
221.622
259.373
218.818
212.413
229.616
221.437
196.657
185.444
234.082
229.729
223.741
192.295
271.081
288.166
224.82
237.571
198.671
236.565
272.403
214.462
235.675
260.595
211.877
208.29
245.925
239.986
245.811
197.9
257.746
189.382
233.847
204.332
263.687
258.361
229.579
233.743
182.166
185.254
255.421
216.512
214.246
233.294
216.654
225.422
236.485
236.453
246.083
239.979
217.06
219.771
275.815
224.386
238.538
188.379
249.347
267.901
240.319
215.806
286.269
263.966
270.714
201.93
214.915
240.73
272.607
234.194
276.892
207.831
286.279
285.595
245.381
196.148
196.049
190.66
226.923
176.918
254.287
201.641
229.317
218.471
238.783
259.261
253.511
201.505
233.192
221.513
215.221
259.603
255.334
282.389
252.374
215.693
276.739
270.497
222.614
195.581
199.903
215.275
278.009
213.817
240.093
222.479
284.419
274.727
233.948
196.454
284.52
251.928
239.73
186.786
247.869
227.567
231.511
216.444
265.816
233.393
204.034
192.406
261.377
196.598
240.505
267.307
238.32
210.59
202.641
218.175
231.017
181.492
187.159
247.745
285.793
130.613
134.644
121.242
112.421
133.34
59.2725
139.409
110.56
134.727
75.4663
104.272
108.501
103.43
95.1285
95.2051
87.8435
122.882
110.961
62.9758
118.386
90.1831
96.599
127.954
157.037
157.012
105.769
109.758
136.531
97.5717
75.7463
75.2498
115.876
107.553
57.7878
157.597
143.532
99.492
108.598
126.499
129.571
62.3588
130.815
72.9494
87.389
95.8487
119.871
61.5899
89.2065
165.001
167.869
111.271
124.351
119.343
156.663
61.1769
106.957
170.695
124.356
156.67
68.4474
84.3319
109.622
130.759
170.717
80.8276
65.98
106.902
149.438
153.044
111.2
120.914
77.214
62.3707
157.573
104.234
104.781
99.6111
158.34
164.011
97.4348
102.003
67.6092
119.889
168.806
82.9619
140.472
86.6123
59.8557
150.569
103.341
119.868
77.3529
83.9889
100.669
138.413
125.048
65.6543
133.065
110.117
148.487
150.12
118.766
94.6288
126.566
70.617
104.544
135.865
172.7
113.368
140.884
151.096
139.992
69.4468
155.637
119.173
145.536
105.768
123.744
82.9245
108.252
147.213
138.114
103.427
94.9206
82.9784
88.0283
138.917
70.0589
114.52
107.83
133.882
168.714
154.843
130.868
110.687
76.0306
91.2788
137.367
134.938
96.2359
133.36
95.2721
102.993
132.17
127.378
106.102
133.121
71.4437
133.608
105.688
72.0883
110.268
121.568
136.049
126.93
137.793
79.7362
161.524
118.996
145.149
68.6318
69.7523
87.9342
136.63
127.104
60.9878
119.512
81.6831
77.9629
132.133
95.8078
116.656
127.982
164.508
75.2009
78.1813
129.366
100.383
125.418
121.661
104.072
155.517
78.8564
144.939
169.9
93.1224
92.5598
132.351
105.094
159.362
158.432
123.598
99.6864
147.922
95.1018
91.6759
128.509
87.0602
140.048
148.659
156.275
210.809
186.668
179.094
202.232
213.885
207.787
187.685
156.554
117.425
179.139
198.08
184.078
164.667
188.293
169.065
148.929
138.753
159.917
205.636
193.069
210.588
168.775
132.352
173.358
168.297
176.513
178.708
213.225
170.17
129.787
134.442
192.626
151.798
225.465
205.239
188.44
186.416
219.155
192.733
136.712
221.506
212.573
210.799
176.887
163.057
118.94
228.201
133.208
121.281
182.395
157.108
222.795
178.894
227.18
215.938
150.506
160.756
184.934
229.094
141.77
119.628
218.94
221.045
204.069
164.109
144.014
214.765
230.115
117.857
226.386
181.764
223.271
177.477
149.508
157.292
125.112
146.5
151.348
185.521
138.316
184.772
156.045
168.828
208.706
175.706
177.908
201.344
193.346
143.487
216.479
175.327
192.967
139.89
154.41
184.876
216.173
149.909
122.288
219.37
148.12
198.744
190.741
128.175
136.229
183.363
141.833
147.028
173.781
222.733
208.285
229.56
190.72
206.806
193.48
199.512
225.365
136.769
151.064
213.561
153.186
149.703
125.413
228.555
163.029
187.473
166.708
134.215
213.096
157.944
133.439
221.212
137.849
141.259
223.046
127.633
178.146
144.1
156.099
222.033
220.36
201.72
182.991
167.399
136.36
224.155
115.724
159.456
225.24
131.151
222.191
137.91
212.501
187.518
130.578
152.814
141.112
153.659
196.671
199.557
181.579
229.678
119.151
172.001
122.752
173.89
117.31
144.678
157.522
218.106
175.994
180.879
146.571
194.626
153.053
170.461
121.734
177.975
226.913
181.853
139.357
212.798
152.787
212.279
158.111
151.688
211.508
128.43
166.894
222.689
159.305
199.24
190.118
220.467
152.143
170.239
152.849
156.697
193.79
133.108
44.1535
68.9457
10.1404
82.5107
60.2744
45.0242
112.278
41.4873
43.8312
47.2477
52.2773
97.6293
25.6311
80.4018
28.3114
8.7811
62.9927
26.2204
75.0382
20.48
87.7287
7.48353
70.0037
104.132
44.485
28.0166
65.5304
69.0052
109.011
83.5451
44.9829
57.8954
94.9414
15.195
2.90643
54.3347
49.8161
84.8411
76.7154
89.6386
74.2394
87.0636
24.9992
56.5943
14.0547
47.8175
58.903
63.0963
59.3862
57.4293
57.8501
21.8854
74.7182
88.9863
63.922
95.5041
73.212
0.0495925
84.2499
53.5981
105.738
99.1305
30.2275
102.545
55.4369
86.8202
67.0008
56.4596
50.8128
49.1845
48.4383
100.588
102.458
20.8024
58.7132
34.9782
104.334
61.9686
82.8596
86.1968
78.7867
72.2457
25.7958
44.9158
61.6965
80.8235
80.5499
88.0134
2.5967
46.1552
87.2569
41.2391
16.9492
34.3549
7.40752
101.272
76.6941
82.8102
63.3216
21.195
71.5885
81.1794
86.1137
99.1935
25.7388
65.8574
100.005
37.4581
66.8161
20.6482
90.5842
85.1477
9.19346
106.397
55.373
75.3991
55.6443
96.2154
44.575
112.582
47.8149
46.3239
28.2215
62.7474
49.5421
12.3807
87.7947
34.7061
100.519
37.841
82.7564
39.5164
74.5599
17.6896
66.4166
24.9992
25.2533
85.3419
74.5566
20.1936
101.15
19.873
49.8328
44.5739
77.287
84.9852
54.5879
12.8939
89.9204
84.9025
80.7333
79.745
32.2977
62.1631
77.8023
53.5245
39.947
81.2498
103.169
76.6451
59.9462
28.4469
50.2217
114.307
47.1676
51.2215
81.3458
11.2833
47.3297
82.4681
33.4507
92.8787
94.834
112.528
70.1544
100.313
104.392
10.3122
15.3347
85.3864
28.3295
35.8046
89.7284
84.9838
81.2212
94.5337
65.6733
71.3013
21.59
81.2564
70.3655
49.5924
37.5295
13.6568
81.3992
29.6929
55.3974
49.3929
35.7854
87.4131
-82.8348
-66.9233
-37.2264
-54.0716
-28.3567
-48.7546
-43.3389
-85.3676
-111.593
-54.5576
-36.2282
-77.14
-67.6079
-83.0929
-60.4056
-55.7526
-18.5159
-79.9848
-68.7941
-77.9189
-60.45
-32.5895
-33.7654
-61.7936
-63.7533
-74.5135
-73.0216
-84.3157
-69.9525
-23.1482
-94.5206
-53.0258
-85.7553
-113.237
-66.9974
-79.3441
-37.0885
-102.27
-100.278
-96.7997
-72.5183
-11.2709
-49.386
-107.86
-55.1941
-82.779
-33.1692
-62.7763
-68.1192
-79.5398
-82.564
-74.8633
-36.8857
-91.8709
-84.5075
-24.1989
-57.6096
-106.136
-6.51064
-17.8728
-95.1494
-106.482
-34.1462
-95.0283
-65.7056
-20.1671
-74.1687
-106.363
-62.5241
-19.2013
-38.8739
-98.9771
-49.1919
-85.0651
-78.651
-48.7441
-8.33737
-42.15
-101.769
-66.1263
-56.3464
-14.6343
-38.7009
-78.6425
-104.003
-24.3369
-103.502
-77.0523
-89.3383
-99.7823
-37.5155
-44.2231
-95.9363
-113.781
-110.227
-36.0518
-67.2273
-45.4665
-21.5422
-26.837
-62.7027
-89.1533
-85.6627
-95.1264
-82.8459
-61.8762
-101.619
-2.66246
-44.006
-95.2572
-93.5981
-69.6228
-66.5203
-104.672
-106.355
-54.847
-88.5355
-43.9175
-40.5108
-97.8144
-3.29645
-105.122
-7.68512
-114.885
-109.27
-71.1344
-68.4821
-57.9899
-25.0583
-84.974
-98.4187
-101.839
-109.767
-47.2866
-100.756
-42.319
-40.1224
-93.7437
-11.0658
-35.3765
-69.2422
-79.8972
-53.2874
-66.9132
-53.5729
-12.9469
-51.4061
-53.6173
-30.8725
-111.56
-78.3532
-8.08693
-102.608
-71.8958
-72.2227
-36.7315
-33.9267
-52.7536
-76.2625
-83.4293
-40.4801
-86.4374
-104.602
-83.0043
-65.6759
-34.8597
-80.7125
-69.9182
-91.1437
-58.6865
-54.3122
-71.9815
-21.4664
-49.8322
-58.5579
-109.913
-90.0605
-31.9939
-39.9567
-29.2461
-55.3653
-70.0627
-22.1103
-44.9772
-90.0386
-65.2301
-30.8574
-72.1469
-102.387
-2.35999
-55.0969
-98.0146
-59.5195
-82.127
-97.1782
-30.4321
-71.0807
-18.2313
-82.8211
-40.2136
-31.8451
-19.8007
38.3382
32.4652
53.3523
37.4605
-49.4039
-52.6711
-25.1032
-6.80537
16.1253
-11.0114
32.5193
23.9602
-37.6577
-54.8715
-48.9129
23.6894
8.85957
-9.01892
-16.5366
46.8024
48.4248
3.06978
-8.59055
-45.6196
-44.6849
-48.3317
-13.7384
17.5136
20.1328
-27.6324
15.9595
-2.18471
27.9847
34.4603
21.801
15.5397
3.88466
46.7862
-35.8719
-17.3867
-11.5447
30.647
26.9584
-31.5773
-27.7036
-41.7002
31.0621
-14.8263
-44.4355
-13.6152
-38.2031
20.0267
0.174969
-2.7527
-17.4253
-13.7091
43.4613
-23.4038
52.3971
1.86924
14.648
-15.7632
40.9897
-26.1069
-24.8929
-39.7088
-57.3779
-36.7008
17.4869
-37.2955
-42.4405
55.6212
2.14956
-28.9289
46.7496
28.8591
-34.9999
-34.9258
-25.7275
40.1663
11.252
40.5333
54.6752
52.9799
53.8068
27.8801
-52.9066
9.52877
-15.1297
-55.3969
-32.492
-12.7963
-13.4606
-30.7572
41.6021
-50.0991
-34.0729
40.2854
38.3485
-14.7097
-40.5674
3.26759
-56.6389
-51.6829
-0.305781
25.3086
44.2952
-5.24774
-50.8892
15.2904
19.3564
17.7572
19.8404
-23.911
8.9081
-42.5627
-53.364
-31.6709
35.4803
32.8293
5.58501
23.8523
5.52515
-25.5205
55.6784
16.0688
18.5191
8.80295
24.0955
0.761709
0.533599
46.5971
-8.63579
-1.61616
-52.8837
-19.5029
-15.6909
13.764
57.6115
-37.5851
-26.7303
22.0639
-30.6464
18.8859
25.5297
-35.7137
-4.80583
38.8038
26.0826
-3.63796
-39.936
-33.1018
3.32967
-54.8022
13.7494
51.9664
35.9027
-27.6481
19.0228
-21.0637
6.82414
-1.54123
-7.14413
-45.4878
36.3802
-20.4817
27.0475
1.63976
-4.55507
32.683
56.5627
38.1025
-47.5696
-41.9989
-34.4932
-6.67607
-21.4241
-38.7358
3.16059
36.7404
38.8425
26.5844
-1.37263
34.8835
-0.268107
-42.387
-34.0609
-45.034
-10.4427
18.4542
-16.5252
39.466
-41.194
-23.8341
53.1055
-53.6189
-11.9319
2.10945
-90.8683
-138.777
-119.94
-108.35
-97.4852
-70.0563
-126.43
-154.485
-63.9496
-99.3348
-114.921
-100.511
-130.36
-93.2539
-138.992
-90.9392
-65.5082
-81.5709
-89.1054
-101.721
-85.7258
-90.4701
-122.748
-92.3879
-140.646
-158.237
-85.5148
-131.051
-67.9758
-116.295
-131.262
-74.3072
-99.8033
-93.3227
-131.408
-68.9899
-134.926
-130.798
-124.082
-87.304
-159.286
-132.262
-104.271
-128.064
-104.795
-110.897
-68.0379
-122.547
-102.789
-132.223
-120.871
-117.395
-82.9955
-134.739
-108.925
-80.1547
-62.542
-137.906
-121.079
-89.4544
-135.788
-81.1876
-134.617
-133.368
-65.9638
-77.439
-106.898
-74.951
-87.9787
-122.606
-109.474
-100.333
-122.293
-150.204
-121.306
-121.147
-157.211
-114.988
-129.057
-78.1732
-59.0487
-109.095
-120.919
-119.654
-61.5208
-72.3562
-127.225
-96.2851
-105.797
-97.89
-112.553
-91.1881
-76.6305
-149.119
-68.5326
-108.162
-123.799
-115.958
-142.522
-101.068
-120.479
-130.254
-71.1077
-143.822
-112.875
-156.266
-114.99
-139.121
-170.812
-93.2025
-142.178
-159.598
-99.7503
-117.186
-122.757
-102.316
-126.076
-122.305
-67.2158
-131.914
-131.261
-138.886
-61.9945
-100.5
-137.68
-168.551
-87.9358
-120.194
-120.162
-73.0859
-121.579
-133.497
-81.3253
-109.277
-87.9192
-91.3377
-123.07
-100.766
-126.824
-107.899
-127.225
-61.8054
-113.793
-65.5433
-93.8134
-74.7644
-123.157
-62.9438
-102.263
-121.126
-102.846
-147.513
-107.666
-123.551
-115.676
-75.1294
-93.3199
-123.825
-94.4564
-68.5934
-68.5209
-58.4343
-59.3054
-130.027
-93.2687
-110.937
-105.171
-103.17
-129.435
-115.692
-98.3739
-75.1725
-68.6627
-136.349
-138.757
-107.496
-97.4349
-163.594
-95.1493
-91.1061
-73.9934
-82.9724
-139.805
-120.785
-118.029
-153.529
-62.134
-80.2072
-150.641
-133.341
-84.6641
-98.9942
-125.991
-79.5193
-74.7671
-74.6865
-98.4745
-122.958
-139.423
-115.069
-211.542
-222.526
-226.796
-246.911
-279.745
-246.062
-249.57
-246.644
-233.036
-220.579
-243.755
-268.236
-223.225
-254.267
-253.693
-231.615
-179.649
-217.626
-206.855
-215.895
-215.493
-241.738
-243.75
-209.363
-268.674
-197.364
-247.76
-202.472
-265.466
-218.637
-233.824
-265.756
-221.132
-204.727
-214.981
-249.632
-225.106
-273.845
-235.909
-214.696
-250.1
-262.784
-215.745
-245.638
-210.269
-217.1
-240.811
-262.42
-271.452
-216.57
-242.556
-252.749
-200.172
-283.628
-230.983
-201.983
-229.463
-215.002
-222.173
-224.115
-245.083
-191.756
-269.313
-195.759
-208.438
-243.012
-207.957
-274.486
-177.379
-181.746
-189.65
-202.142
-213.765
-238.134
-240.14
-241.636
-226.928
-211.648
-203.4
-245.638
-251.657
-263.732
-239.889
-239.04
-260.328
-234.816
-262.224
-218.681
-244.995
-255.432
-254.682
-235.188
-239.653
-180.7
-235.4
-253.862
-214.745
-252.889
-259.182
-252.529
-235.104
-262.118
-256.89
-187.747
-217.992
-285.68
-233.617
-273.494
-178.709
-283.672
-240.622
-282.281
-239.355
-239.569
-270.401
-240.113
-270.567
-234.764
-275.621
-211.995
-227.088
-192.567
-237.753
-275.992
-235.922
-237.615
-204.024
-247.448
-177.865
-241.49
-285.123
-281.101
-198.209
-268.135
-272.652
-213.525
-208.641
-253.396
-225.747
-224.393
-198.343
-250.762
-259.227
-246.437
-259.606
-258.884
-197.434
-267.764
-178.979
-220.137
-216.943
-220.711
-213.643
-231.306
-269.132
-249.976
-211.895
-183.99
-213.172
-220.056
-210.782
-224.92
-265.715
-255.984
-175.101
-251.082
-274.275
-265.587
-234.728
-271.971
-224.105
-191.317
-226.265
-272.682
-236.071
-256.989
-239.015
-219.12
-259.588
-231.18
-185.004
-235.159
-284.724
-282.124
-178.02
-235.655
-254.386
-201.252
-253.839
-237.56
-243.8
-273.877
-192.574
-225.653
-178.217
-266.833
-240.601
-223.56
-245.53
-276.298
-197.141
-185.547
-125.969
-123.95
-207.198
-128.564
-118.211
-171.27
-180.307
-129.028
-148.511
-162.914
-164.459
-129.468
-117.489
-173.511
-230.311
-163.229
-174.137
-159.623
-205.077
-220.665
-149.981
-142.209
-157.606
-154.847
-184.692
-214.719
-120.848
-203.173
-148.708
-120.076
-222.569
-126.16
-135.621
-147.259
-140.636
-168.354
-172.748
-140.077
-197.782
-148.827
-189.003
-161.027
-180.995
-214.972
-219.264
-166.952
-164.261
-196.587
-143.044
-140.678
-205.896
-185.362
-214.944
-201.595
-116.732
-178.565
-190.438
-175.024
-121.179
-149.06
-135.216
-127.559
-133.185
-154.237
-226.934
-188.702
-162.733
-132.952
-139.16
-214.599
-153.892
-150.581
-225.471
-217.98
-179.634
-195.735
-165.374
-182.965
-174.042
-179.857
-215.621
-122.781
-204.237
-151.884
-201.504
-171.346
-145.405
-203.437
-160.946
-173.026
-185.059
-161.314
-147.943
-192.295
-193.902
-129.801
-174.189
-140.317
-157.595
-208.294
-188.463
-228.04
-149.821
-166.169
-201.493
-188.94
-150.667
-116.971
-185.188
-139.169
-170.288
-157.094
-162.226
-150.483
-135.263
-150.51
-192.934
-169.707
-177.495
-224.312
-131.722
-200.844
-157.102
-187.051
-215.318
-135.225
-217.749
-227.947
-186.657
-123.729
-149.562
-205.791
-190.147
-164.106
-150.399
-211.631
-188.201
-188.304
-120.26
-153.869
-186.729
-172.928
-168.105
-157.261
-135.22
-129.901
-162.674
-149.121
-196.124
-197.602
-197.921
-158.718
-196.38
-116.803
-134.097
-166.988
-164.145
-138.267
-191.333
-136.571
-166.063
-204.863
-127.984
-198.544
-137.572
-130.291
-137.699
-174.496
-207.83
-207.182
-182.604
-225.98
-196.368
-212.773
-222.57
-116.963
-178.631
-178.733
-187.409
-211.73
-199.373
-230.491
-226.766
-210.126
-118.88
-212.18
-213.42
-185.173
-162.472
-116.665
-167.385
-220.197
-193.32
-175.138
-228.393
-166.978
-126.264
-122.848
-122.06
-118.649
-75.3646
-74.2552
-109.841
-118.899
-96.2006
-80.0812
-120.441
-114.053
-85.5488
-79.896
-142.998
-147.655
-105.662
-108.795
-113.284
-140.892
-108.133
-57.9502
-144.767
-153.855
-170.966
-71.2601
-126.017
-156.827
-88.7272
-114.759
-132.734
-86.2002
-116.012
-77.9051
-102.325
-124.576
-94.9347
-103.175
-69.0363
-172.008
-87.1574
-67.2556
-65.619
-109.071
-130.547
-148.524
-112.311
-58.4946
-97.9604
-131.685
-84.6374
-86.0269
-151.693
-119.959
-115.107
-107.028
-118.689
-63.7779
-136.875
-154.699
-171.373
-136.416
-122.284
-149.89
-100.073
-106.063
-85.6376
-119.335
-124.046
-104.319
-85.819
-104.131
-127.44
-112.521
-82.2499
-72.6687
-108.163
-77.7769
-125.926
-110.554
-110.8
-121.008
-143.861
-58.3699
-112.241
-132.121
-86.5909
-160.183
-150.363
-89.0565
-154.244
-80.8172
-120.764
-166.902
-98.6216
-65.4842
-115.546
-125.112
-113.996
-155.876
-140.685
-156.264
-109.667
-171.266
-81.0509
-135.277
-144.382
-91.8701
-67.6938
-103.738
-130.273
-111.804
-123.569
-124.178
-89.9514
-134.605
-67.0827
-83.3676
-77.8045
-154.684
-164.288
-170.289
-78.3148
-88.9099
-71.9569
-68.546
-144.395
-113.37
-153.827
-90.0711
-130.707
-149.424
-77.5789
-102.513
-60.8921
-152.443
-127.973
-99.4299
-72.6384
-136.92
-101.968
-92.3122
-142.03
-98.7111
-112.027
-63.059
-135.882
-128.437
-65.2268
-66.9302
-77.6639
-134.594
-122.84
-113.414
-66.6093
-110.946
-106.26
-149.282
-138.976
-141.1
-139.777
-59.7163
-103.692
-147.05
-110.789
-148.181
-153.207
-128.034
-107.704
-132.894
-81.9502
-68.4562
-101.927
-58.2671
-127.745
-139.755
-105.592
-82.4528
-120.003
-138.322
-107.081
-118.727
-153.534
-168.367
-70.0549
-139.718
-140.788
-169.365
-67.5737
-152.289
-90.9365
-95.5784
-96.964
-89.2908
-118.034
-70.1336
-140.793
-109.778
-124.395
-57.8205
-100.65
-104.84
-233.816
-262.43
-247.491
-257.835
-200.269
-259.478
-216.835
-270.047
-206.516
-232.467
-227.084
-241.052
-246.986
-232.858
-243.547
-224.317
-248.676
-248.91
-256.059
-197.154
-268.307
-244.208
-234.452
-279.992
-198.695
-280.992
-286.407
-244.6
-213.678
-275.62
-237.866
-271.661
-200.555
-256.358
-285.401
-233.49
-240.727
-214.394
-282.056
-251.546
-215.662
-244.521
-245.071
-267.757
-236.484
-226.832
-199.972
-196.167
-209.648
-210.915
-215.327
-197.452
-240.588
-246.401
-219.011
-262.55
-191.957
-262.573
-282.367
-188.379
-250.08
-205.569
-235.979
-211.333
-258.727
-286.827
-247.091
-254.985
-238.931
-262.26
-278.144
-231.091
-218.974
-230.162
-260.88
-196.246
-198.053
-220.202
-234.143
-194.532
-179.724
-266.779
-288.292
-281.1
-254.235
-259.725
-213.039
-229.067
-257.96
-231.467
-255.057
-263.155
-253.367
-262.072
-259.686
-242.546
-216.853
-176.511
-224.021
-209.771
-229.411
-197.141
-258.746
-199.233
-249.186
-234.841
-279.164
-212.351
-201.885
-181.57
-212.781
-250.71
-246.879
-233.944
-256.275
-205.417
-257.601
-216.508
-236.757
-209.46
-238.761
-287.166
-229.278
-210.23
-215.104
-230.785
-225.4
-222.971
-248.108
-242.061
-252.541
-265.897
-221.699
-176.035
-247.96
-219.686
-223.28
-257.896
-232.264
-209.233
-256.435
-184.963
-177.264
-218.99
-250.229
-240.441
-200.942
-218.605
-200.794
-263.74
-264.909
-269.153
-239.94
-280.711
-224.581
-241.729
-190.083
-276.431
-224.655
-203.996
-192.849
-217.722
-177.2
-269.731
-227.879
-255.317
-232.376
-276.678
-223.705
-276.42
-238.995
-276.668
-233.633
-217.308
-279.973
-262.607
-212.258
-235.812
-254.234
-249.184
-215.503
-275.995
-243.008
-267.333
-256.711
-242.497
-272.285
-280.463
-208.163
-220.328
-263.423
-270.234
-182.721
-193.583
-247.814
-181.609
-239.439
-232.184
-211.914
-286.438
-172.081
-197.223
-219.814
-187.435
-212.654
-222.701
-150.144
-199.449
-153.565
-154.861
-216.089
-156.52
-207.675
-151.055
-190.771
-219.925
-170.704
-176.818
-179.86
-227.04
-193.529
-219.778
-130.815
-157.762
-202.092
-218.895
-118.492
-122.233
-170.192
-117.254
-203.331
-191.725
-210.123
-166.873
-219.764
-148.658
-170.74
-149.891
-162.287
-129.471
-150.499
-143.15
-203.466
-166.984
-168.368
-126.867
-125.325
-155.409
-189.548
-141.424
-203.576
-124.585
-189.397
-137.626
-169.293
-173.456
-175.87
-137.732
-143.943
-192.898
-193.104
-212.73
-217.368
-226.246
-172.487
-180.401
-153.019
-212.291
-173.835
-191.318
-223.567
-203.289
-139.607
-209.34
-205.629
-135.561
-215.039
-115.723
-137.351
-162.996
-165.477
-138.634
-175.09
-125.985
-205.973
-122.171
-201.698
-170.506
-204.323
-192.705
-149.908
-173.233
-183.735
-213.139
-134.475
-197.216
-217.715
-123.691
-193.449
-210.126
-217.519
-181.642
-218.508
-173.096
-164.343
-170.044
-169.62
-216.517
-169.701
-153.116
-169.92
-203.945
-156.856
-155.053
-207.511
-214.847
-202.657
-170.651
-170.915
-132.943
-121.379
-157.497
-125.187
-120.249
-145.697
-211.474
-130.096
-137.26
-229.376
-206.281
-124.145
-167.29
-209.481
-141.84
-175.566
-141.253
-193.553
-162.711
-228.707
-200.239
-172.049
-133.084
-135.644
-202.58
-218.066
-229.129
-212.395
-224.888
-134.664
-200.709
-124.438
-125.201
-147.925
-175.972
-118.982
-212.51
-184.373
-209.316
-168.732
-141.407
-183.743
-117.276
-133.534
-157.712
-196.642
-126.766
-194.374
-123.03
-122.148
-198.409
-186.266
-166.113
-191.464
-185.538
-166.614
-199.916
-132.957
-143.933
-197.014
-147.349
-149.313
-186.272
-130.557
-137.281
-184.35
-143.276
-133.471
-160.997
-118.413
-138.686
-162.774
-210.263
-142.862
-140.485
-217.227
-186.937
-166.275
-198.225
-150.078
-170.993
61.4715
55.5626
40.0147
38.8809
92.08
107.52
53.7717
10.4762
61.638
44.7243
59.4307
39.8176
100.452
63.9347
79.5934
28.1796
11.4427
18.3361
109.169
105.784
75.5596
103.579
84.1324
25.6048
86.5202
11.6888
87.7045
68.9219
88.0255
38.8803
114.621
47.6449
40.0667
77.2096
71.266
53.1456
46.9745
23.5405
102.543
115.198
80.8049
75.9858
36.546
51.7765
41.6461
62.3161
30.4882
66.3165
91.0524
8.35437
100.292
76.8992
68.1629
111.056
47.1492
92.0274
87.701
68.5387
71.8725
48.6624
101.03
67.4757
77.6586
44.4673
28.2172
94.3345
51.8937
73.9017
56.1785
98.1037
55.9616
31.871
56.4765
57.2885
70.1617
70.9588
58.4211
23.9553
37.5962
43.9488
82.5843
9.0637
52.1882
104.942
6.51127
102.485
83.4036
101.91
90.8166
50.8728
77.4644
40.5798
87.985
44.4234
101.89
88.6606
62.0505
61.9171
83.3391
90.2329
93.1832
55.1417
26.6161
35.7764
94.0939
61.0488
21.8582
52.8532
95.3139
101.607
93.1369
20.5782
44.5442
82.306
52.5609
92.3736
40.0781
92.5553
115.254
37.8146
70.512
65.6861
67.3847
83.3703
22.6787
34.9855
64.6574
93.0773
38.1246
46.4169
76.8967
2.31672
94.9105
97.1943
59.4388
48.3443
79.988
11.3181
111.843
43.4735
79.084
40.7242
47.8409
27.897
69.4751
33.3443
75.2215
100.93
89.81
9.6579
102.071
58.9699
81.7591
36.4772
34.0415
62.1722
74.6173
103.302
40.3606
74.2695
71.5642
58.2029
75.5751
77.9929
109.628
99.6804
42.7442
10.6628
94.5596
59.6052
42.6689
67.5794
19.4835
86.3859
43.8716
54.7372
57.6682
46.2559
89.3775
74.7607
31.9727
44.4831
0.296261
87.0989
105.548
112.171
92.9329
85.0078
71.0274
41.0294
43.4814
47.1566
64.378
43.3669
47.1394
95.8045
81.7345
38.8961
38.6637
59.1028
-113.878
-93.3998
-52.1506
-58.9798
-41.5859
-59.4905
-110.757
-44.1763
-73.4122
-111.561
-54.2284
-76.9498
-50.0661
-41.1448
-84.15
-64.8845
-68.7532
-99.971
-57.8661
-67.1595
-61.9031
-78.9475
-57.5084
-46.2312
-10.0515
-87.7284
-87.1026
-83.9086
-93.7186
-108.693
-13.3329
-28.881
-112.918
-41.7805
-77.2435
-48.7409
-83.3967
-91.7471
-46.6006
-86.4368
-11.8757
-96.0388
-82.924
-38.5606
-92.2059
-38.7173
-101.596
-30.6524
-28.4015
-86.4148
-66.6648
-65.8186
-53.4207
-50.9401
-64.4097
-34.8004
-111.241
-37.8134
-103.727
-77.6052
-35.3228
-28.0068
-52.0942
-106.062
-64.6078
-74.112
-28.4466
-62.6446
-65.8046
-21.7214
-106.99
-47.5453
-63.2175
-114.978
-56.5902
-89.6602
-98.2534
-84.9286
-23.6286
-75.823
-15.393
-71.4766
-69.435
-3.83651
-80.4341
-65.4552
-33.04
-29.6676
-66.2039
-51.7307
-49.338
-46.6361
-78.486
-51.3754
-77.3327
-87.8099
-62.6863
-80.7744
-100.591
-56.9157
-72.7424
-83.9797
-36.9733
-96.1539
-92.886
-97.763
-43.3451
-102.377
-58.7156
-8.1691
-35.8201
-74.1298
-23.8295
-67.7809
-83.3907
-51.3032
-112.225
-38.8252
-95.6414
-59.1336
-92.0824
-56.1042
-63.2862
-102.174
-44.0765
-19.0178
-77.6854
-36.6071
-47.8992
-74.6838
-42.7326
-52.924
-19.0016
-32.6127
-16.7034
-41.6291
-40.9778
-59.0636
-50.1217
-35.7443
-108.377
-37.7437
-9.41784
-33.7761
-112.383
-44.771
-69.2942
-66.4223
-106.24
-13.6338
-54.1579
-45.8132
-89.9523
-60.6311
-114.952
-48.2316
-93.72
-72.0821
-57.5017
-71.9015
-35.8884
-16.9505
-70.0311
-60.8995
-90.9299
-100.801
-113.895
-42.0884
-59.8201
-62.7654
-84.2315
-57.0383
-77.0837
-85.2545
-71.3471
-59.2321
-100.368
-62.2069
-64.6158
-42.6748
-65.7395
-9.70046
-55.2142
-72.9852
-90.1693
-15.4383
-35.2671
-95.346
-114.431
-96.4271
-105.485
-21.038
-52.2121
-104.544
-94.218
-69.5712
-2.50333
-68.953
-73.5343
-98.9623
39.4915
-6.97501
-37.2317
-12.078
41.7378
22.7892
25.1775
53.8012
34.4496
-18.3659
34.1469
-43.6978
-36.6388
-54.7204
42.6498
42.172
9.82002
52.0577
2.15383
-43.476
-36.5985
-1.33405
8.55052
5.64365
-43.2263
-24.5236
27.7225
-30.0801
-29.5562
39.004
-41.2127
35.7251
0.1292
32.5669
54.514
32.7555
-39.8949
7.10857
-39.1797
27.6945
39.1301
-19.2818
-35.2817
48.3575
13.0351
-19.6506
41.696
-22.5947
-3.15996
-2.36126
-45.0297
-46.8914
51.6055
18.3941
35.2003
-54.7439
29.4538
29.8861
31.6496
-42.6204
-13.3786
20.5831
13.0602
-29.116
-2.64716
-16.1969
-53.5602
7.44418
-39.5051
9.15056
11.3285
-21.3015
-38.9487
39.0577
-7.23424
-1.89364
-15.8023
17.9329
45.979
-40.695
13.9983
-3.99206
-31.4289
53.6813
15.9858
-14.7886
39.0267
7.58291
56.9313
-9.71135
-6.61621
-56.6622
25.0455
-57.3803
25.7829
-36.2183
23.2284
25.7299
20.0549
-0.596339
-26.5183
-38.1058
12.6946
32.1197
-52.0319
-40.1175
-28.3266
27.4713
-44.9588
19.3281
3.61316
33.4615
30.8466
-2.13123
1.22357
47.1605
17.7351
-13.166
-43.5075
-25.2425
-8.52631
-3.84281
40.9938
-30.9975
-4.23311
-36.4887
-43.7642
-39.6657
21.9112
-18.4114
-19.209
-5.07347
27.1892
17.4799
47.7061
-36.4632
35.5253
-39.7561
30.2939
44.5036
-42.2104
-12.1789
13.3984
24.1583
4.29899
-23.447
-34.6974
-43.7941
13.9299
-44.7114
13.2791
30.4482
22.5319
-16.4552
-31.0717
-23.5076
-5.26929
-0.357357
-57.199
-31.1779
-51.0371
5.02351
-24.4455
-13.0826
-48.4275
-20.9107
-52.9252
52.4501
-45.5044
-20.8518
-5.34607
-18.2939
-12.4423
-2.72804
39.0198
46.85
54.7009
-19.0721
-15.0723
20.831
44.6472
30.1105
-38.2938
-52.8836
12.9298
-22.283
-53.451
26.1234
-34.0092
21.0698
-33.3422
25.666
-39.0379
-28.0795
37.3045
-22.1127
25.0541
57.301
47.4126
-1.87839
236.458
246.879
250.371
183.432
273.117
255.363
239.842
219.525
215.9
205.727
207.942
230.533
191.238
264.939
262.219
281.284
212.226
275.789
220.69
189.89
211.131
230.245
247.081
212.818
279.859
197.533
244.901
205.126
208.948
227.018
201.324
212.088
284.075
239.449
222.339
229.493
220.768
242.187
237.621
234.987
174.567
245.271
264.158
253.492
235.708
253.58
231.173
236.6
267.969
254.744
189.462
239.367
268.053
252.331
250.056
268.497
229.413
236.465
180.312
269.169
287.754
208.685
268.594
282.875
224.021
221.71
246.327
243.883
238.297
232.465
264.704
200.948
192.981
218.735
221.515
209.894
227.183
257.054
220.237
212.574
233.249
242.804
278
185.401
231.974
246.35
234.352
237.378
218.591
185.949
233.753
253.301
225.353
237.747
233.101
223.444
252.931
261.472
223.584
230.649
257.369
247.575
230.783
267.249
211.463
277.572
216.232
261.962
239.746
288.576
225.577
224.906
256.986
213.989
220.023
239.127
254.236
279.637
253.62
199.131
287.734
285.166
175.489
181.388
243.644
201.319
219.834
206.063
234.825
194.863
223.082
189.565
260.486
237.466
241.317
231.384
241.87
175.659
284.407
200.668
198.061
228.591
246.421
227.239
213.666
228.712
213.131
182.397
253.084
224.723
235.737
265.112
286.628
252.17
228.185
220.692
259.778
230.373
240.668
281.228
287.517
222.749
259.591
271.935
261.913
262.09
202.336
249.598
206.46
186.691
225.044
240.461
194.776
225.751
238.524
285.1
186.535
230.655
283.173
245.099
264.524
251.021
226.09
271.425
265.48
226.801
230.132
257.206
260.845
257.629
275.511
230.629
208.472
214.824
239.595
242.507
248.994
264.58
237.644
274.895
84.1102
88.6124
97.1146
135.878
59.9656
169.336
72.199
115.068
71.9732
86.977
125.669
116.669
126.03
83.1896
135.111
108.845
142.343
117.965
84.7265
165.814
104.787
89.3432
85.9832
128.536
101.106
99.9484
98.2629
166.45
97.9727
88.5965
106.779
122.695
138.015
155.026
139.786
134.245
126.472
145.275
107.903
98.202
173.137
145.016
145.9
156.998
159.649
122.942
133.577
122.4
114.753
100.963
131.483
113.502
133.935
117.588
98.4822
75.3932
127.631
73.7142
163.496
82.5653
92.0987
87.2662
153.916
108.314
97.7424
128.877
138.394
145.393
103.357
67.2963
62.714
120.305
103.353
137.716
142.28
77.7305
135.288
91.4754
96.4796
131.599
105.096
116.813
95.0277
102.687
132.342
154.01
172.173
130.889
152.662
116.747
136.478
141.974
119.089
71.736
167.185
126.09
99.3645
159.252
143.786
100.497
172.197
101.182
84.0818
133.171
86.9835
154.409
111.252
89.5204
95.7794
85.9958
82.2604
101.919
58.4288
74.2043
102.103
104.765
73.5834
126.609
121.145
80.6092
101.201
64.1783
115.237
164.803
128.243
146.343
112.099
132.572
118.597
131.599
119.111
123.899
145.512
92.8067
65.3205
111.499
129.177
120.106
113.181
76.2638
133.554
156.604
136.84
122.835
118.42
108.367
69.9296
147.682
79.4512
89.1785
68
163.35
119.709
156.269
137.227
140.781
126.866
65.6449
87.7003
149.841
75.4766
95.7465
75.5687
88.5869
92.9246
131.884
90.7216
116.749
87.4361
97.5968
62.8902
141.044
92.81
101.69
69.5636
67.3679
99.4982
99.3882
58.901
89.4913
110.396
59.3055
153.495
90.9461
76.6798
141.625
82.1715
77.819
119.842
67.8425
106.888
84.9854
98.7684
125.023
117.968
170.252
61.8599
121.439
117.894
89.6649
145.243
158.446
140.502
169.702
133.606
117.028
173.941
223.591
178.754
156.237
200.717
159.28
202.554
203.935
157.216
225.658
169.316
187.789
205.999
127.829
192.665
221.306
209.84
177.075
210.692
204.172
125.232
181.99
137.048
204.605
135.764
186.729
221.879
193.805
194.112
205.408
124.963
157.959
180.735
217.459
206.125
127.461
204.054
163.479
205.073
178.044
157.895
132.417
180.673
217.178
196.705
194.235
170.598
144.53
213.402
130.227
229.917
187.32
185.217
190.973
185.217
148.836
179.86
154.046
131.078
150.714
117.729
141.691
230.738
222.756
215.09
173.866
220.454
153.303
208.262
221.541
149.375
130.137
166.237
205.3
201.728
217.306
221.166
179.405
170.979
162.265
130.523
132.885
227.664
220.204
181.358
172.649
196.503
152.78
144.61
146.687
140.155
192.363
130.76
221.4
224.926
191.689
223.223
203.21
229.312
129.76
197.602
132.331
208.26
176.747
142.369
116.647
144.594
187.617
174.874
221.631
223.142
193.771
118.108
214.677
184.766
178.534
190.156
165.012
149.333
174.57
128.852
147.423
176.252
161.108
150.618
146.085
154.97
132.414
124.567
189.3
121.312
155.13
170.964
159.592
133.608
219.18
176.248
190.5
158.678
201.771
214.359
211.771
214.654
199.882
140.281
222.965
196.383
165.219
129.749
121.01
219.58
120
212.422
212.798
127.661
131.345
202.385
169.399
148.989
205.87
227.675
214.464
166.696
206.755
131.364
197.74
146.383
141.226
196.693
205.936
136.836
205.368
181.967
124.761
145.752
218.739
126.459
168.067
195.728
181.198
172.211
196.291
186.596
130.812
149.131
216.166
221.594
222.975
157.443
224.771
127.683
156.672
166.187
211.48
392.417
381.79
374.101
392.674
398.183
374.926
425.581
371.714
384.962
452.829
393.592
350.167
376.335
382.334
347.667
417.566
420.451
406.802
350.551
347.134
442.045
450.443
422.655
413.505
425.681
420.5
415.668
409.242
389.019
410.637
382.326
437.836
388.362
403.557
395.045
461.564
432.146
403.833
416.845
418.476
372.509
398.269
455.222
446.549
397.757
359.37
413.008
398.39
447.51
360.808
441.843
404.795
440.033
446.373
399.617
398.67
403.86
423.261
390.53
390.371
400.587
375.308
406.22
408.958
454.658
398.438
434.404
380.804
442.855
417.656
409.761
422.449
400.269
415.347
432.59
452.1
421.118
425.196
457.593
410.33
368.936
394.022
352.337
355.395
437.078
423.256
384.091
406.97
364.422
408.787
385.234
378.697
396.438
391.124
374.368
387.153
360.707
426.667
392.2
460.45
397.664
428.932
388.222
353.788
389.718
387.792
444.24
381.427
439.184
432.708
407.672
394.639
402.749
422.698
436.854
419.713
399.244
388.759
407.167
444.467
386.128
431.726
393.928
392.353
423.46
435.932
433.092
388.734
375.281
417.861
381.132
410.081
395.001
403.364
360.81
432.459
409.658
385.855
387.173
384.064
386.845
411.279
460.18
359.628
371.928
385.544
432.607
370.453
406.386
428.768
364.14
400.242
443.041
405.686
418.565
384.031
392.563
401.475
433.687
415.53
380.865
447.954
431.792
460.005
407.109
405.289
380.466
445.696
383.926
386.232
383.973
427.748
451.52
446.213
387.32
380.455
404.97
450.481
351.506
353.187
411.683
372.835
433.863
408.664
461.238
430.999
433.472
453.887
432.194
385.218
408.874
455.362
405.765
409.917
365.964
424.29
456.878
415.953
460.297
442.014
238.896
302.549
324.723
320.81
248.222
249.238
328.84
326.561
258.071
272.479
321.402
257.457
278.232
273.949
302.428
257.007
320.571
290.882
308.096
287.746
284.702
269.924
255.237
315.229
280.547
259.248
269.854
315.94
248.268
277.703
239.712
305.477
293.709
288.71
278.298
248.605
337.655
308.617
233.71
248.909
324.119
244.548
292.472
266.18
256.6
250.791
293.918
307.902
299.71
231.064
332.449
309.834
297.919
271.735
266.52
316.053
301.664
295.52
275.533
239.281
248.307
315.115
302.003
245.509
320.226
269.336
270.664
346.173
277.752
341.878
311.743
252.652
301.915
257.984
239.718
266.796
316.157
300.106
276.426
285.401
282.36
300.661
241.889
343.636
296.717
294.276
263.515
288.805
284.896
264.247
309.655
249.991
244.677
287.876
267.666
328.171
283.538
301.251
308.006
299.884
273.814
345.362
240.123
299.295
256.808
268.213
231.965
278.073
303.113
279.651
241.123
326.3
257.991
252.481
273.814
247.388
274.929
307.203
265.046
310.194
233.827
268.188
294.528
291.319
264.046
292.687
272.391
276.423
319.587
341.186
268.035
285.686
291.662
322.024
321.632
309.236
240.494
298.378
333.159
293.631
326.925
304.387
278.375
307.728
276.707
338.457
301.72
294.289
271.566
338.92
276.926
289.288
272.682
286.75
283.398
267.383
346.172
257.747
291.449
276.713
285.119
266.505
276.222
263.442
231.211
322.148
258.352
265.513
330.649
282.655
301.384
285.159
252.23
253.085
280.054
237.593
340.401
266.853
288.394
285.838
314.053
327.935
283.327
289.098
298.845
269.676
268.301
316.932
276.638
260.827
270.547
249.444
267.81
286.586
304.136
288.085
283.842
322.895
318.516
295.101
371.75
393.107
359.277
320.379
380.128
391.16
376.348
347.212
307.133
306.498
367.312
339.639
325.794
358.489
361.218
363.609
367.068
299.221
383.5
307.818
345.437
390.972
293.727
328.773
316.958
290.773
367.074
401.801
381.959
401.122
358.828
397.171
357.83
330.8
323.095
294.928
307.8
396.069
316.013
324.923
297.566
311.709
342.135
293.186
375.06
371.79
323.737
304.841
298.126
333.656
344.705
356.989
332.432
376.03
369.772
293.757
325.968
371.681
298.104
318.745
393.013
382.091
317.057
380.23
382.489
342.629
375.713
301.544
395.963
353.245
339.837
359.26
397.26
295.702
362.328
326.724
392.141
366.972
351.275
312.306
378.372
381.76
322.942
352.972
323.831
314.528
369.362
310.879
334.721
380.08
341.953
367.195
351.849
316.861
333.92
355.913
401.907
364.496
393.933
348.497
393.263
319.826
313.347
383.629
401.613
347.588
361.138
317.569
295.138
327.713
334.903
311.37
403.113
311.65
329.15
319.7
398.685
308.368
311.075
372.607
374.345
322.254
386.529
319.782
335.408
332.047
311.523
307.674
354.214
306.24
381.47
317.209
386.877
380.736
315.238
307.302
382.807
369.01
356.502
343.524
313.843
325.938
339.793
330.025
365.959
297.465
395.588
371.705
354.567
346.98
350.242
380.679
329.204
403.144
346.796
313.842
312.206
321.803
306.328
334.185
396.049
368.459
382.575
317.499
364.82
380.124
295.113
391.488
365.315
361.789
399.409
378.92
327.258
388.254
294.841
358.925
353.751
293.223
359.457
350.516
375.952
383.347
390.096
339.533
378.144
338.022
350.984
323.567
364.67
307.917
311.659
353.923
319.217
363.79
297.965
374.488
313.959
317.128
384.199
301.111
218.538
248.312
204.442
212.018
234.847
252.217
220.897
190.218
256.53
177.22
198.116
244.326
227.79
236.541
215.964
248.388
242.775
217.034
242.126
262.646
250.709
271.002
272.783
268.125
269.128
248.549
183.407
190.961
281.47
270.654
239.407
280.105
238.226
265.26
264.794
264.713
227.278
235.654
203.298
270.804
273.892
265.681
198.017
287.401
275.577
230.156
253.752
269.713
227.215
260.136
226.438
231.995
221.772
256.311
224.276
262.396
246.531
285.082
264.587
264.824
249.727
219.182
238.518
265.567
221.586
217.552
263.91
208.252
251.267
267.85
236.23
179.969
284.55
268.302
189.075
232.954
217.601
270.033
270.376
227.073
259.448
268.328
221.018
192.877
249.709
269.604
222.422
225.134
236.711
242.978
242.928
254.458
179.59
192.635
248.957
239.406
265.425
261.341
275.989
275.465
223.518
258.187
238.767
284.356
207.672
220.442
268.235
242.874
279.302
200.722
245.194
213.2
249.913
241.867
254.457
184.604
195.506
224.269
218.338
271.267
210.142
267.573
281.614
199.654
254.256
235.192
203.619
232.377
240.772
266.741
282.132
227.196
231.131
205.886
196.96
201.069
270.191
248.272
286.109
252.588
285.413
193.179
237.625
208.217
259.127
231.769
264.61
207.319
230.19
256.894
211.595
266.89
204.364
176.705
271.859
253.628
245.77
286.927
233.183
272.745
258.685
242.332
227.135
233.113
213.54
285.36
244.433
223.172
217.889
194.796
267.917
196.716
216.594
225.377
258.176
284.418
214.287
240.141
254.492
284.909
197.11
242.679
221.32
258.469
190.854
236.159
221.969
215.534
210.988
256.353
221.019
229.613
190.074
211.996
217.806
199.086
200.779
248.388
200.166
260.653
61.6879
69.4036
89.2673
145.264
74.7689
66.1114
88.5889
61.7259
134.885
114.567
135.656
132.587
125.908
94.3863
138.344
81.3184
100.804
122.038
110.4
99.489
119.796
114.392
112.478
143.902
114.739
104.702
125.421
126.248
150.418
134.469
86.4304
121.486
91.8854
149.093
80.8602
131.495
82.5161
100.157
121.326
134.074
68.7249
119.285
139.448
128.602
60.0468
119.479
130.05
133.818
79.1414
65.9378
70.6167
97.1908
135.923
110.259
100.405
115.585
105.185
124.072
79.0921
84.6749
147.732
70.9496
152.809
139.034
80.5128
112.642
112.339
100.335
169.805
117.291
123.489
117.292
83.9344
102.852
65.5978
100.884
138.181
129.751
121.778
82.333
143.153
64.8463
132.054
161.959
121.421
90.0183
109.559
113.836
138.854
67.0919
97.204
113.614
74.1963
103.15
115.495
79.1576
101.69
99.859
135.713
81.883
60.9197
141.492
92.9286
137.623
127.396
144.201
114.597
115.354
73.3926
148.515
97.9035
117.83
155.494
168.061
116.064
162.782
60.1636
66.4968
124.417
142.429
124.244
121.41
100.97
135.376
117.915
93.4105
97.3981
159.363
116.046
160.055
126.265
109.404
116.038
108.53
79.495
72.2381
119.346
137.861
156.232
114.384
129.285
96.4083
137.331
109.884
93.9975
65.2941
67.5461
102.146
74.3174
126.017
118.238
107.67
90.2144
156.574
91.9077
147.786
92.6085
72.8237
153.145
96.3066
121.941
72.7055
101.484
87.1521
124.399
102.617
80.3344
129.508
134.795
116.889
98.9786
69.2479
126.203
132.237
95.1219
92.1521
79.5421
93.5635
65.1914
86.0532
74.5181
157.05
58.132
88.8391
141.615
138.41
173.001
102.994
58.7008
96.4889
123.857
147.964
83.2231
124.231
113.955
96.5654
102.292
59.7745
90.3461
152.587
176.475
227.999
160.13
194.999
143.475
143.542
209.234
225.661
214.042
207.618
145.503
175.944
201.773
141.654
119.642
167.142
199.296
220.601
153.474
187.237
134.543
153.15
206.327
139.714
204.062
201.922
180.91
226.443
204.542
141.305
225.222
188.55
150.448
156.896
132.924
161.251
182.671
208.747
215.546
188.269
136.895
147.731
181.702
129.185
214.423
179.399
146.659
160.143
135.524
226.95
137.974
214.985
173.009
184.768
157.722
187.911
165.304
201.975
167.972
205.58
169.51
198.899
198.778
181.626
204.353
172.944
217.738
195.513
171.549
188.739
158.058
134.115
194.009
222.834
134.011
144.366
177.821
213.649
216.161
161.896
227.801
205.073
217.61
142.339
152.274
167.108
198.432
173.65
221.449
149.954
168.325
223.644
159.823
147.156
226.024
189.103
140.677
165.602
179.695
224.169
169.139
146.414
151.726
136.469
165.37
115.582
166.438
126.986
138.52
121.573
228.047
148.285
117.419
141.123
149.04
126.976
130.319
178.646
170.317
178.844
120.081
152.924
228.286
141.674
166.552
132.542
147.191
195.764
223.933
169.157
195.523
172.517
184.735
157.192
221.914
161.981
127.751
119.129
174.269
192.099
175.331
139.4
160.99
209.573
219.92
144.914
198.39
192.487
216.574
190.838
130.826
227.865
220.616
149.905
184.22
184.049
197.33
224.141
182.531
146.351
217.868
186.168
204.209
205.546
206.625
205.093
138.986
139.077
202.342
204.887
227.127
183.364
198.981
192.638
160.685
136.214
142.434
166.196
210.785
204.862
172.917
120.721
196.028
138.005
170.22
181.175
133.811
154.717
181.052
151.423
180.797
159.051
121.252
229.501
158.126
192.662
133.802
223.276
147.406
216.379
60.2918
82.9356
31.7931
5.60327
33.4476
23.556
26.702
6.64792
78.0301
63.4429
92.8352
80.5688
45.1499
77.5728
72.2016
106.078
23.2992
56.1444
8.6647
42.6213
107.142
90.0084
96.9798
4.05046
77.293
16.7849
29.6325
108.17
27.1895
104.817
96.2005
10.7116
38.5083
66.7051
96.9766
55.4381
93.3472
79.4301
84.6542
96.2766
89.5504
70.3286
83.4647
21.8472
67.221
9.53523
94.2659
87.0197
64.2284
38.6635
73.5548
85.7041
110.057
99.5816
107.891
86.9264
52.6716
76.0459
95.2122
79.4788
95.7836
62.8838
61.6376
52.1435
70.8269
64.3386
37.8086
56.4952
49.4839
94.8375
23.922
66.5484
26.2332
43.4923
22.5478
39.7053
46.5228
68.3587
66.7307
61.202
70.7701
52.4054
74.2593
18.2653
85.5395
29.3059
85.5467
103.281
66.7337
90.8456
57.2454
94.8669
109.907
85.3185
53.3836
76.5239
112.506
63.3915
79.4898
45.6204
41.0846
65.7125
78.7121
58.9325
2.50994
23.2533
61.4126
109.091
105.922
112.571
64.7803
42.1829
65.8229
25.9627
45.5136
34.8941
95.375
74.0483
38.4778
84.0361
101.092
80.3496
10.6811
61.3439
47.8745
51.7448
6.4548
85.5703
71.1277
47.2247
86.1534
48.1522
66.5235
50.2451
71.024
64.1105
17.3093
71.6587
104.542
47.769
76.795
103.486
82.7261
88.8643
46.0522
103.911
108.326
103.266
56.7005
93.2955
73.3324
69.6393
85.6556
71.5638
64.6918
56.8702
60.0623
112.212
77.788
36.408
20.2412
35.172
61.8527
76.7319
47.5168
102.453
42.4073
35.4926
72.6284
64.1154
28.8474
96.2273
61.7252
84.5055
93.6231
88.8113
53.2891
70.112
109.912
57.3337
103.855
48.7169
43.8577
23.6322
89.5779
71.1579
74.1896
0.936249
59.6905
68.9402
66.3141
97.6678
113.761
44.3673
52.6207
30.9317
31.517
27.5108
105.837
7.19156
-68.5808
-108.391
-76.7536
-108.766
-48.6494
-70.736
-46.2679
-62.4938
-35.8874
-25.4834
-112.703
-43.4101
-72.3853
-56.1757
-103.303
-30.0237
-108.139
-54.3179
-95.1466
-98.653
-21.7822
-30.4771
-100.418
-32.9914
-52.0219
-105.855
-108.255
-74.2634
-79.5738
-112.939
-90.1933
-35.3817
-27.7568
-87.4638
-68.862
-96.1357
-63.1604
-52.0358
-24.9547
-106.192
-105.097
-110.859
-20.1829
-53.4313
-102.588
-106.437
-74.7667
-57.4561
-102.089
-93.1757
-51.0964
-51.313
-44.1108
-79.8207
-26.6196
-62.4792
-73.4936
-99.2101
-84.0263
-111.511
-87.6682
-27.1028
-61.1569
-22.705
-30.1254
-107.816
-81.9053
-26.2808
-58.947
-113.171
-83.9637
-28.891
-68.8394
-45.6469
-5.26581
-74.6988
-85.9565
-99.855
-44.588
-110.641
-54.8313
-86.7202
-90.3486
-101.96
-103.908
-101.053
-64.8844
-101.82
-63.784
-70.5572
-20.3986
-42.3012
-92.5872
-85.3785
-40.8033
-51.887
-53.6549
-86.9427
-44.5111
-114.567
-84.0223
-110.106
-9.94315
-34.7888
-92.0117
-70.1873
-58.132
-42.3771
-45.7777
-38.9523
-108.085
-79.7936
-103.4
-41.132
-59.6987
-61.5548
-115.142
-108.782
-80.6497
-42.6859
-70.5913
-111.068
-66.5612
-39.2975
-73.9227
-44.1293
-36.4553
-42.5678
-22.4549
-36.5841
-84.3431
-41.873
-97.3281
-51.4546
-6.35496
-50.2576
-20.6673
-88.0512
-95.9372
-17.0371
-66.3754
-24.4469
-37.4299
-76.9438
-2.07324
-102.589
-103.809
-69.2547
-51.0616
-67.074
-52.0932
-109.01
-37.2643
-106.996
-58.2502
-70.1182
-56.1718
-65.8373
-48.866
-25.2353
-94.3305
-36.9089
-31.9441
-15.4381
-52.5937
-69.4444
-57.1504
-58.3575
-47.2585
-48.7789
-71.3351
-46.403
-25.5879
-15.3685
-23.6758
-96.2926
-72.8326
-34.8282
-69.7026
-62.1311
-113.619
-19.7647
-53.9352
-38.5612
-97.7716
-35.325
-36.7646
-63.1435
-49.8417
-74.9963
-68.2069
-83.0565
-82.1277
-66.45
-2.69583
-18.6743
-98.3325
-7.40084
-95.1945
-78.925
-30.8455
-12.8915
2.25875
21.4269
-27.9182
15.8194
-26.237
-34.355
-48.5911
-50.2601
41.2544
43.9336
-45.5708
-13.4896
39.2221
-6.89128
-10.3383
-50.7373
6.66874
19.2281
-10.0065
-20.5885
41.5333
-29.1647
57.2695
3.77102
51.8269
30.1004
-51.2633
-17.4865
48.8331
46.8893
-0.652124
-30.6475
42.073
16.1522
-16.2548
25.1626
56.0222
40.6347
5.70111
53.993
-36.5815
21.5255
-7.77267
1.80396
4.92956
24.4387
-2.86366
13.3335
-13.5322
-51.0395
-2.23057
-1.2571
-13.2136
7.37171
26.909
-11.6823
32.9805
11.2852
1.89235
-40.4252
-3.4483
3.6509
-18.2423
-28.4326
-43.6322
56.1841
14.8438
-49.3141
10.4885
-35.695
-48.6844
-52.3738
28.9328
-51.5318
5.14898
39.1466
-46.6761
-23.5184
29.1477
55.1877
3.65078
-8.94069
49.9078
38.5843
-37.1519
-7.89736
-20.2258
54.2352
-41.4136
42.3057
22.084
30.5915
-0.0375211
34.1087
14.4331
31.8511
49.8076
23.5074
7.2047
38.667
50.8093
-12.4013
4.70728
42.5436
53.7431
-33.9246
-34.5655
-9.34681
29.8705
-53.5843
-45.9296
-55.1134
57.3212
-47.8918
38.8787
48.763
-15.2471
40.2414
19.3135
-27.3654
-24.6225
-16.1395
6.29136
53.4527
-24.8518
49.6838
-4.9624
-52.6865
-55.3106
-30.7951
-14.0589
-6.6898
33.744
-31.1556
28.6475
13.8406
-30.9451
-53.7108
-14.3454
-7.24267
-53.3298
-18.8547
-26.3741
9.02171
35.1971
-7.84134
-37.1406
-12.4777
29.2866
44.2686
-42.8838
26.0753
-20.415
-5.49563
-7.17012
-39.6324
-18.5461
21.0684
-20.3606
30.179
-20.8553
32.0885
43.2913
38.2076
20.9955
-39.4653
-9.74237
-1.53328
-52.4195
30.2352
-45.8128
-22.9009
-24.8344
-36.5465
-3.52917
36.694
23.675
-45.5297
-17.9053
22.5021
-32.6368
-14.8371
36.4174
-33.8861
-36.9831
30.1936
-51.8974
31.6683
-33.901
33.5728
40.6459
33.9333
-48.8895
39.0555
-22.8894
1.4453
-7.21019
1.94341
-165.85
-105.326
-104.768
-108.422
-131.985
-72.2743
-94.5214
-98.5004
-122.837
-130.02
-138.546
-126.141
-161.442
-131.451
-88.9265
-78.3162
-63.0974
-77.7477
-104.696
-129.115
-86.3943
-73.0157
-104.848
-126.28
-63.15
-61.7264
-108.764
-117.117
-128.407
-77.9333
-91.4734
-122.181
-94.6291
-67.5909
-77.6233
-67.5344
-139.202
-146.112
-126.915
-80.6453
-148.909
-119.334
-135.632
-132.406
-152.19
-125.936
-70.4169
-121.326
-109.382
-145.097
-151.252
-152.594
-66.9687
-137.185
-115.874
-132.413
-62.7028
-145.482
-165.803
-159.001
-137.225
-65.7567
-131.392
-72.2178
-128.535
-140.331
-72.4585
-76.693
-64.9358
-125.597
-101.63
-97.1359
-79.9022
-104.405
-85.9768
-111.328
-113.238
-87.7866
-172.539
-166.525
-137.284
-157.403
-172.069
-110.827
-117.068
-61.9516
-66.7694
-115.472
-94.197
-106.57
-93.1342
-87.4042
-98.6169
-58.7052
-173.177
-137.943
-164.511
-171.603
-114.47
-157.105
-59.5248
-98.5366
-128.783
-133.127
-71.7569
-73.22
-96.3426
-105.678
-133.353
-74.9398
-102.701
-171.026
-62.6234
-97.706
-99.8527
-149.525
-113.87
-131.333
-59.1409
-133.246
-101.001
-94.7703
-60.8958
-136.018
-134.829
-142.738
-90.9369
-96.846
-98.7259
-164.428
-117.805
-70.5415
-73.5409
-88.7733
-131.237
-119.455
-99.2758
-111.003
-76.385
-163.756
-88.6143
-65.4508
-151.52
-69.2062
-143.327
-149.891
-117.581
-78.9251
-111.002
-59.1242
-121.542
-93.6987
-155.061
-111.092
-85.85
-121.334
-94.6773
-102.277
-159.028
-125.982
-64.3487
-81.6013
-82.2604
-67.9084
-111.644
-114.962
-70.4703
-93.0354
-119.975
-70.0283
-76.3931
-106.474
-127.157
-89.3312
-112.057
-149.891
-71.1033
-67.1397
-156.981
-103.669
-131.16
-116.862
-110.511
-119.087
-114.079
-67.5791
-155.258
-74.322
-64.0549
-118.528
-83.9707
-67.212
-135.95
-125.37
-147.538
-155.596
-126.808
-120.342
-168.888
-134.341
-204.648
-218.85
-229.735
-275.462
-231.176
-279.559
-179.552
-213.29
-211.114
-256.537
-198.948
-198.225
-274.742
-232.386
-243.98
-274.386
-222.154
-259.183
-272.742
-218.309
-225.138
-246.17
-179.449
-246.658
-260.728
-202.435
-265.077
-186.043
-246.77
-175.448
-204.742
-245.562
-209.131
-217.49
-224.747
-242.907
-283.787
-266.662
-257.243
-211.471
-199.899
-244.756
-287.108
-207.501
-219.495
-238.714
-237.065
-253.318
-232.096
-247.511
-229.788
-252.594
-285.973
-210.042
-241.834
-190.359
-265.122
-199.567
-213.159
-236.325
-250.135
-242.118
-270.257
-202.672
-207.664
-213.188
-216.448
-181.526
-229.851
-245.156
-210.83
-278.74
-258.889
-225.97
-265.105
-203.566
-255.049
-248.466
-250.335
-285.391
-192.771
-253.557
-248.552
-218.753
-233.741
-282.878
-219.863
-280.648
-206.101
-233.227
-227.405
-210.636
-265.672
-263.038
-220.368
-231.632
-226.496
-267.887
-262.234
-227.221
-215.954
-203.935
-224.486
-258.898
-238.303
-225.485
-256.289
-280.195
-218.054
-218.789
-249.332
-208.642
-198.015
-258.68
-192.555
-220.4
-214.124
-240.703
-214.428
-248.55
-181.817
-199.831
-207.786
-223.346
-258.765
-285.666
-206.094
-282.48
-255.103
-228.05
-223.547
-222.117
-194.984
-277.067
-221.69
-181.05
-272.036
-174.171
-192.691
-273.636
-261.364
-234.877
-276.196
-192.212
-260.484
-282.985
-209.706
-251.049
-214.835
-250.733
-229.568
-232.285
-283.955
-226.533
-235.886
-205.268
-253.523
-275.005
-203.115
-207.588
-201.332
-218.527
-217.572
-234.432
-209.849
-209.534
-287.558
-183.095
-233.552
-280.002
-243.541
-247.621
-285.067
-206.037
-215.432
-213.111
-181.643
-231.665
-283.771
-203.623
-219.399
-266.672
-223.248
-252.939
-273.828
-219.266
-211.395
-268.779
-284.611
-212.418
-195.766
-242.61
-229.034
-271.571
-182.506
-213.312
-258.982
-225.557
-180.836
-198.015
-178.105
-183.383
-160.474
-135.521
-183.506
-226.971
-173.886
-196.925
-153.394
-151.417
-131.91
-200.332
-135.119
-134.143
-204.35
-227.928
-228.366
-195.65
-190.43
-133.504
-118.643
-142.057
-204.807
-158.916
-174.977
-185.017
-193.938
-176.235
-205.446
-223.588
-154.94
-210.849
-183.272
-126.12
-225.268
-127.603
-176.029
-175.677
-140.171
-122.507
-196.207
-202.775
-116.633
-165.479
-170.031
-221.747
-162.58
-184.063
-168.389
-133.254
-196.932
-140.812
-226.215
-181.991
-146.295
-162.253
-145.166
-171.115
-192.554
-121.013
-215.811
-135.561
-220.01
-187
-128.207
-188.976
-152.133
-169.085
-225.939
-119.71
-129.136
-187.959
-224.113
-169.497
-147.807
-130.819
-147.806
-146.471
-160.908
-201.028
-201.589
-187.409
-230.322
-184.713
-122.999
-212.696
-217.269
-163.547
-204.314
-205.491
-193.717
-183.28
-119.756
-198.467
-199.595
-202.92
-130.202
-172.017
-136.225
-188.412
-148.33
-225.925
-173.112
-197.047
-160.225
-134.956
-182.47
-121.706
-201.283
-141.659
-176.788
-159.702
-124.299
-175.226
-191.512
-214.79
-140.974
-223.45
-137.138
-168.177
-170.081
-203.807
-173.993
-200.192
-180.487
-194.086
-179.028
-175.498
-182.866
-125.911
-204.579
-201.105
-212.165
-158.857
-199.374
-206.148
-142.095
-170.376
-199.341
-163.575
-122.913
-229.838
-193.709
-143.134
-173.886
-148.551
-155.954
-193.632
-204.273
-143.284
-208.797
-160.038
-214.555
-123.661
-145.993
-187.133
-158.724
-189.694
-137.324
-204.569
-225.366
-196.807
-136.788
-138.211
-206.236
-145.533
-174.729
-188.45
-229.767
-188.292
-205.94
-181.839
-172.249
-128.747
-178.351
-155.842
-146.923
-172.702
-164.76
-215.74
-170.783
-213.286
-216.708
-186.984
-150.541
-208.975
-194.553
-220.867
-222.139
-170.064
-173.095
-167.82
-184.014
-203.045
-152.412
-205.883
-181.193
-227.929
-205.626
-160.074
-283.577
-328
-311.036
-294.657
-259.148
-308.799
-336.723
-284.582
-301.449
-258.825
-257.622
-237.397
-319.24
-285.746
-293.518
-320.617
-320.567
-276.435
-250.708
-285.566
-276.865
-266.691
-269.129
-273.952
-253.145
-246.196
-266.52
-336.238
-302.612
-288.899
-306.025
-275.56
-273.384
-305.495
-271.698
-274.641
-260.356
-278.953
-312.612
-271.694
-278.406
-271.172
-276.082
-340.615
-321.526
-298.493
-274.065
-323.631
-308.857
-302.925
-267.39
-288.382
-293.472
-296.842
-340.067
-234.586
-289.349
-301.752
-272.784
-292.401
-267.868
-287.42
-248.859
-299.804
-251.343
-314.446
-263.411
-333.174
-245.383
-285.181
-234.815
-296.912
-319.446
-269.87
-259.634
-303.672
-295.828
-253.837
-325.663
-255.586
-306.631
-312.104
-289.752
-285.993
-253.978
-288.493
-261.602
-273.606
-271.545
-246.628
-281.237
-307.594
-276.72
-303.974
-236.262
-335.361
-281.02
-281.609
-291.638
-265.217
-244.735
-268.638
-279.972
-322.877
-298.615
-305.948
-300.183
-279.052
-314.816
-278.731
-241.514
-258.89
-295.962
-287.222
-296.554
-292.074
-306.483
-260.502
-302.738
-282.426
-239.948
-272.835
-258.115
-254.936
-295.41
-318.273
-235.02
-269.083
-284.909
-288.048
-249.361
-265.426
-310.346
-330.978
-313.53
-286.817
-345.528
-268.933
-295.578
-301.027
-312.675
-325.801
-307.932
-260.381
-300.961
-283.008
-254.738
-234.281
-266.199
-302.062
-275.877
-290.906
-296.578
-300.866
-236.253
-309.58
-249.533
-263.663
-245.014
-258.94
-315.158
-235.548
-262.65
-341.662
-283.122
-269.533
-277
-295.645
-333.272
-277.911
-244.768
-316.694
-317.13
-343.704
-292.959
-241.801
-253.157
-238.039
-309.983
-265.953
-299.768
-284.595
-293.544
-261.717
-270.536
-296.585
-342.985
-254.818
-303.251
-246.792
-279.907
-282.82
-305.619
-267.939
-255.842
-320.062
-303.523
-323.873
-235.225
-291.43
-420.223
-402.035
-406.005
-408.873
-457.644
-443.751
-435.656
-363.08
-405.684
-431.131
-448.875
-353.172
-390.383
-357.934
-395.624
-418.825
-367.928
-423.674
-356.288
-406.309
-446.628
-411.58
-421.588
-400.531
-394.756
-412.154
-454.592
-384.24
-439.62
-390.759
-351.1
-360.213
-452.359
-389.163
-383.374
-384.899
-449.707
-390.438
-397.149
-390.68
-451.658
-439.963
-367.031
-393.559
-457.118
-457.89
-428.992
-406.152
-437.422
-416.854
-388.67
-419.675
-424.426
-434.145
-398.134
-457.086
-411.945
-425.47
-361.242
-385.777
-444.719
-353.036
-362.921
-455.293
-412.636
-427.152
-375.43
-390.185
-433.183
-434.69
-398.138
-428.96
-400.186
-433.943
-429.881
-396.518
-450.429
-378.723
-416.075
-369.208
-415.544
-397.952
-429.421
-430.729
-424.91
-355.23
-367.822
-430.767
-435.543
-367.388
-406.917
-368.886
-431.577
-414.835
-398.029
-416.374
-368.196
-404.462
-444.517
-385.203
-407.338
-355.547
-409.626
-399.502
-414.4
-454.109
-397.88
-402.472
-385.047
-429.367
-376.062
-435.397
-389.422
-412.147
-414.359
-454.984
-366.185
-400.558
-402.828
-424.03
-424.459
-427.908
-432.219
-387.123
-397.988
-398.287
-418.509
-378.994
-387.252
-428.616
-446.742
-402.34
-459.086
-354.337
-446.335
-382.482
-366.665
-414.278
-391.126
-411.177
-427.201
-428.778
-424.902
-380.891
-428.042
-398.242
-434.938
-424.654
-355.066
-452.719
-348.242
-419.745
-443.336
-408.727
-430.399
-444.279
-393.903
-386.191
-405.192
-401.617
-421.749
-413.562
-354.158
-364.104
-461.117
-421.157
-451.468
-422.047
-442.291
-455.451
-353.758
-461.495
-444.293
-403.854
-436.73
-428.677
-449.211
-403.705
-370.721
-396.919
-351.621
-440.911
-423.891
-443.179
-409.106
-397.367
-381.67
-382.915
-388.009
-453.87
-399.635
-412.74
-427.109
-374.673
-403.116
-385.612
-452.792
-415.434
-392.104
-421.008
-317.995
-364.093
-384.841
-351.15
-380.053
-344.64
-331.85
-399.667
-335.918
-316.044
-378.11
-313.403
-362.922
-396.575
-382.054
-354.936
-296.494
-293.543
-342.001
-383.179
-311.012
-300.224
-401.426
-300.984
-329.379
-384.05
-292.604
-295.821
-322.256
-378.912
-297.154
-370.197
-332
-401.918
-358.246
-360.108
-298.621
-310.897
-370.946
-348.771
-364.365
-346.512
-337.711
-330.447
-321.408
-372.089
-296.081
-364.761
-334.21
-353.395
-296.866
-322.23
-358.992
-385.631
-394.76
-368.115
-348.857
-326.173
-363.395
-358.805
-359.911
-315.121
-326.757
-326.127
-350.561
-348.328
-307.715
-342.139
-381.622
-359.204
-391.59
-302.361
-366.311
-292.822
-368.577
-358.525
-343.327
-402.452
-335.345
-337.555
-295.436
-333.797
-328.081
-332.544
-316.216
-316.097
-343.638
-385.355
-390.252
-317.039
-368.447
-354.627
-318.025
-290.48
-354.778
-377.222
-379.507
-301.623
-383.871
-311.26
-289.323
-354.288
-404.091
-342.264
-353.836
-298.288
-386.854
-312.101
-328.418
-348.999
-387.468
-356.188
-333.738
-300.773
-308.253
-336.478
-378.042
-357.745
-346.951
-339.504
-321.646
-356.318
-310.763
-379.91
-351.521
-307.064
-324.337
-355.457
-305.264
-357.758
-367.231
-328.949
-347.981
-387.682
-367.405
-352.317
-322.199
-353.733
-350.55
-397.477
-326.376
-311.79
-390.83
-315.888
-380.12
-330.125
-376.802
-324.663
-336.119
-367.149
-315.858
-383.095
-331.129
-340.033
-311.411
-317.589
-388.326
-316.654
-314.56
-298.309
-300.402
-337.52
-393.517
-298.746
-289.223
-398.945
-314.563
-357.932
-364.934
-367.973
-381.038
-401.883
-297.49
-343.024
-330.978
-314.782
-389.413
-304.151
-355.298
-312.655
-357.118
-350.186
-289.576
-385.093
-327.642
-337.605
-379.982
-381.681
-294.467
-299.891
-386.793
-353.129
-370.055
-341.122
-373.365
-335.381
-330.173
-336.8
-319.636
-363.637
-314.587
-234.791
-290.046
-292.085
-293.427
-251.654
-312.372
-277.297
-267.637
-254.793
-251.653
-271.79
-335.102
-290.091
-297.886
-286.786
-241.991
-288.198
-281.253
-232.339
-296.465
-273.873
-310.471
-252.927
-247.735
-274.553
-271.478
-306.911
-303.485
-293.767
-262.008
-279.431
-256.029
-293.09
-287.531
-235.681
-244.771
-302.024
-296.893
-300.779
-296.835
-238.954
-242.862
-255.796
-326.173
-256.971
-321.178
-281.034
-318.733
-299.515
-255.361
-237.329
-273.052
-286.18
-258.766
-289.744
-232.845
-294.254
-293.973
-273.869
-296.857
-301.949
-318.079
-267.375
-246.772
-264.77
-340.51
-322.166
-271.566
-271.837
-322.075
-315.568
-293.457
-233.586
-284.866
-239.924
-232.545
-331.973
-239.166
-271.086
-253.422
-270.736
-252.588
-285.441
-345.415
-311.624
-289.736
-244.646
-234.336
-302.414
-290.813
-288.099
-292.861
-260.683
-241.668
-257.584
-335.655
-331.073
-245.529
-270.442
-305.894
-294.057
-290.254
-297.358
-290.672
-280.489
-302.155
-274.012
-336.723
-283.024
-298.135
-307.911
-323.848
-312.993
-270.631
-239.546
-236.343
-272.936
-314.638
-269.961
-291.8
-324.425
-275.294
-288.371
-271.205
-231.9
-311.411
-244.978
-299.636
-234.391
-250.039
-262.898
-266.394
-340.109
-249.068
-264
-277.431
-264.913
-321.29
-262.124
-238.42
-310.677
-252.359
-255.089
-328.069
-283.326
-275.475
-319.981
-309.887
-272.141
-299.866
-305.025
-287.598
-282.737
-316.153
-271.123
-310.323
-262.345
-304.949
-293.044
-285.523
-310.935
-256.582
-252.74
-298.95
-245.529
-278.68
-289.538
-241.193
-321.614
-319.052
-233.278
-336.09
-302.354
-284.93
-328.663
-242.035
-235.314
-318.044
-278.165
-280.853
-232.345
-313.911
-283.125
-269.188
-268.578
-272.166
-324.135
-301.718
-293.798
-289.362
-278.033
-267.316
-253.285
-286.367
-282.658
-318.7
-288.54
-252.666
-277.419
-394.767
-395.887
-405.923
-347.571
-438.705
-391.489
-376.288
-429.481
-417.962
-442.494
-386.683
-378.361
-413.732
-390.554
-369.825
-392.762
-354.67
-409.415
-378.546
-437.996
-440.986
-415.369
-426.804
-388.179
-402.243
-425.745
-449.788
-351.775
-407.684
-433.348
-361.729
-428.721
-405.632
-439.507
-403.285
-428.634
-408.119
-444.683
-434.115
-405.796
-421.204
-456.353
-441.88
-392.952
-364.916
-451.01
-444.27
-357.17
-408.099
-451.263
-411.593
-364.805
-444.375
-412.516
-379.096
-365.471
-382.772
-394.692
-428.985
-392.214
-380.342
-460.358
-418.815
-440.8
-374.979
-359.066
-426.444
-423.902
-421.33
-402.109
-390.647
-436.756
-439.244
-424.296
-418.683
-348.374
-451.478
-390.179
-402.513
-361.328
-453.717
-445.458
-424.109
-360.357
-371.342
-407.584
-417.487
-416.253
-432.522
-366.671
-433.279
-410.215
-404.77
-394.097
-430.424
-424.156
-400.034
-407.912
-422.505
-390.417
-405.63
-365.966
-422.243
-388.712
-411.838
-416.704
-444.777
-438.505
-405.76
-424.149
-431.521
-407.166
-416.448
-407.095
-390.22
-386.91
-397.359
-348.596
-383.986
-435.683
-394.679
-416.139
-415.707
-357.408
-354.561
-386.924
-455.708
-451.035
-372.641
-384.234
-383.501
-402.77
-374.773
-417.021
-397.723
-387.683
-384.118
-350.732
-392.124
-401.737
-405.655
-414.908
-414.158
-409.469
-424.793
-361.144
-409.488
-461.138
-422.782
-438.592
-428.894
-456.072
-421.825
-386.387
-412.395
-441.664
-451.772
-449.256
-396.384
-381.051
-433.254
-407.141
-399.632
-454.598
-392.853
-453.493
-450.706
-393.534
-389.614
-440.164
-420.657
-437.202
-444.941
-399.066
-419.312
-456.047
-402.267
-443.417
-383.555
-406.468
-385.583
-390.864
-394.046
-425.093
-391.405
-418.112
-418.174
-401.758
-404.176
-399.254
-396.475
-402.163
-350.348
-433.642
-412.659
-371.348
-396.325
-400.672
-421.574
-400.425
-310.297
-314.245
-330.989
-347.019
-387.773
-403.322
-334.11
-402.875
-316.407
-314.608
-330.711
-314.029
-354.354
-386.125
-352.792
-317.414
-357.409
-384.694
-300.526
-314.42
-369.61
-356.505
-388.741
-399.238
-353.158
-311.368
-320.537
-321.561
-394.161
-384.278
-331.693
-351.855
-346.829
-363.065
-302.529
-383.581
-358.044
-302.793
-367.445
-349.619
-398.045
-343.922
-376.683
-357.885
-390.575
-300.987
-393.992
-394.257
-357.808
-341.832
-288.874
-298.747
-338.99
-311.001
-360.019
-403.354
-401.52
-304.982
-375.735
-313.967
-391.955
-343.022
-392.601
-311.205
-348.889
-349.228
-400.34
-393.807
-331.77
-292.125
-389.619
-308.476
-307.269
-346.265
-366.394
-304.166
-396.967
-346.16
-296.201
-368.194
-357.898
-294.566
-398.394
-368.538
-364.827
-337.983
-402.342
-314.238
-377.423
-325.551
-354.021
-319.767
-324.305
-361.266
-403.318
-315.218
-327.969
-334.547
-351.767
-385.514
-299.762
-307.187
-321.583
-325.566
-385.16
-372.099
-289.528
-348.298
-366.442
-372.159
-297.76
-390.69
-400.991
-393.805
-349.232
-388.149
-351.491
-338.036
-403.461
-315.681
-339.676
-401.295
-326.193
-314.773
-329.762
-346.572
-352.482
-304.17
-381.644
-367.338
-353.105
-376.032
-374.67
-331.309
-345.913
-305.035
-311.324
-355.589
-347.632
-321.596
-300.47
-361.9
-355.701
-305.628
-392.001
-291.918
-318.208
-358.297
-301.065
-304.6
-398.272
-300.946
-331.97
-357.993
-297.907
-326.061
-403.755
-388.651
-339.085
-298.919
-339.232
-314.943
-338.077
-362.482
-303.442
-356.334
-344.236
-333.388
-329.958
-325.812
-394.331
-383.543
-364.452
-364.734
-356.385
-344.349
-376.453
-317.609
-375.882
-403.25
-322.27
-346.506
-359.366
-320.447
-379.752
-316.108
-313.047
-397.454
-308.622
-382.169
-373.909
-357.821
-340.739
-367.742
-319.126
-401.792
-326.181
-354.006
-338.909
-372.226
-282.229
-281.326
-296.057
-273.433
-245.674
-257.255
-246.63
-294.852
-332.623
-285.565
-292.054
-303.519
-318.408
-241.609
-269.72
-277.283
-251.118
-268.287
-255.979
-277.205
-238.156
-277.913
-303.747
-334.459
-326.043
-342.149
-280.053
-304.099
-276.105
-324.069
-258.551
-273.939
-281.863
-253.713
-301.563
-286.409
-305.437
-301.996
-244.613
-327.757
-256.336
-297.388
-325.99
-298.686
-324.65
-236.648
-316.905
-273.891
-297.905
-292.717
-317.697
-237.402
-332.743
-263.876
-309.513
-314.108
-275.619
-345.934
-290.421
-302.657
-343.134
-265.929
-252.264
-251.652
-282.384
-293.759
-299.708
-304.271
-306.522
-250.815
-292.785
-253.414
-303.981
-291.707
-272.331
-342.531
-272.763
-278.116
-283.797
-315.684
-277.815
-232.79
-279.71
-310.301
-244.352
-289.4
-291.523
-287.207
-326.294
-328.072
-263.745
-312.76
-336.936
-339.612
-327.167
-254.202
-339.608
-275.412
-257.339
-239.624
-276.938
-290.452
-251.528
-330.59
-271.885
-231.63
-260.141
-310.545
-246.215
-343.35
-279.392
-247.874
-284.18
-292.815
-262.57
-313.032
-249.613
-264.518
-275.422
-253.508
-289.22
-274.026
-288.913
-336.124
-288.103
-276
-300.907
-285.882
-305.925
-320.733
-312.443
-285.821
-339.368
-238.276
-294.268
-280.781
-315.516
-295.582
-253.584
-270.471
-296.927
-284.751
-286.469
-248.859
-311.553
-336.46
-264.744
-281.131
-244.79
-334.22
-263.33
-262.482
-257.986
-262.63
-287.873
-273.102
-252.151
-311.071
-270.886
-293.989
-327.091
-235.865
-307.698
-271.405
-333.094
-263.758
-312.323
-279.353
-231.793
-274.171
-298.305
-248.32
-314.787
-261.684
-301.889
-244.561
-266.81
-249.815
-310.932
-311.598
-316.888
-233.366
-304.258
-294.847
-267.059
-257.368
-257.019
-282.865
-283.24
-271.295
-271.671
-267.061
-295.42
-270.729
-324.163
-299.221
-333.817
-330.664
-302.874
-273.216
-353.477
-381.325
-386.409
-390.968
-429.73
-373.283
-390.973
-404.564
-436.875
-405.72
-389.654
-402.955
-377.492
-420.576
-353.765
-403.405
-424.161
-375.416
-378.888
-433.455
-417.414
-431.138
-431.921
-415.175
-369.347
-386.356
-428.291
-427.468
-415.753
-374.778
-437.577
-435.7
-421.97
-360.818
-424.28
-389.906
-377.452
-418.15
-427.024
-451.354
-406.725
-418.071
-444.824
-443.858
-460.25
-406.023
-381.03
-367.532
-439.429
-401.128
-442.848
-460.228
-409.332
-434.542
-418.9
-370.07
-397.769
-389.597
-413.674
-414.234
-425.912
-426.76
-408.356
-459.739
-381.076
-414.686
-416.674
-418.961
-396.533
-431.127
-460.018
-373.214
-413.318
-402.343
-415.199
-431.066
-431.05
-454.959
-426.221
-433.564
-372.015
-452.147
-379.477
-356.022
-452.999
-411.855
-408.825
-430.525
-427.297
-363.339
-362.909
-412.768
-388.771
-434.963
-458.865
-440.023
-418.288
-410.963
-414.788
-443.043
-384.586
-414.182
-415.333
-445.571
-355.087
-395.153
-422.877
-381.459
-435.903
-424.593
-378.338
-404.389
-437.454
-422.076
-411.369
-410.276
-371.813
-394.486
-441.325
-385.555
-421.181
-420.232
-456.089
-390.512
-390.221
-427.179
-416.911
-405.902
-428.836
-432.848
-363.647
-428.583
-385.718
-426.916
-415.933
-418.448
-459.45
-415.99
-399.403
-418.451
-442.968
-360.094
-443.531
-425.58
-377.544
-433.469
-436.41
-440.111
-371.116
-435.184
-453.208
-449.281
-357.171
-377.389
-459.197
-441.08
-397.213
-432.654
-404.82
-423.486
-387.403
-448.681
-415.236
-405.797
-434.375
-418.802
-443.577
-384.729
-390.622
-425.664
-385.849
-422.642
-401.931
-375.946
-441.19
-415.235
-405.304
-392.472
-410.9
-400.762
-357.632
-377.217
-407.361
-436.562
-417.695
-430.264
-434.757
-371.146
-374.694
-406.235
-430.857
-363.726
-372.77
-437.081
-410.533
-355.315
-375.116
-397.719
-397.369
-388.125
-298.492
-381.44
-338.024
-323.297
-312.199
-345.167
-350.424
-356.409
-320.055
-343.877
-301.698
-300.492
-361.099
-344.481
-302.182
-381.635
-331.523
-292.776
-385.877
-382.121
-300.78
-289.367
-365.929
-323.724
-372.63
-404.062
-310.333
-313.791
-341.434
-301.161
-354.264
-293.26
-343.154
-342.067
-361.273
-367.738
-369.358
-360.934
-350.278
-364.087
-380.224
-297.407
-330.192
-394.336
-384.6
-300.476
-358.092
-389.968
-306.857
-373.031
-365.17
-318.011
-359.556
-318.58
-397.602
-333.556
-292.189
-371.455
-315.808
-334.412
-384.197
-329.375
-324.037
-332.43
-341.484
-320.672
-348.651
-328.989
-372.712
-377.546
-324.404
-298.976
-306.665
-375.661
-371.857
-401.006
-292.827
-374.021
-295.326
-333.505
-298.593
-305.915
-379.16
-348.391
-348.614
-328.599
-359.675
-379.15
-317.367
-389.366
-351.737
-311.497
-383.116
-327.549
-394.722
-308.002
-397.866
-294.908
-393.565
-374.975
-314.526
-319.628
-293.724
-316.234
-338.08
-398.192
-314.477
-330.159
-385.295
-388.392
-360.225
-291.712
-388.009
-395.992
-318.457
-402.22
-313.568
-344.252
-400.415
-396.644
-322.947
-361.674
-345.846
-389.074
-289.88
-395.167
-368.323
-354.513
-319.17
-290.927
-376.326
-338.767
-310.82
-368.768
-354.578
-392.626
-314.586
-298.624
-403.961
-357.527
-385.084
-383.703
-371.951
-385.323
-321.096
-356.535
-344.286
-316.821
-362.043
-354.09
-362.284
-333.475
-361.857
-317.425
-380.062
-335.155
-395.017
-351.903
-324.152
-382.405
-305.818
-318.442
-335.181
-325.282
-366.357
-337.462
-393.81
-310.067
-396.026
-314.276
-347.022
-303.612
-307.459
-364.201
-357.576
-366.675
-375.487
-351.273
-347.059
-336.52
-319.072
-344.348
-327.45
-350.391
-313.552
-332.566
-306.356
-351.212
-317.311
-335.324
-309.694
-388.797
-366.49
-403.826
-362.886
-336.237
-370.868
-339.812
-365.054
-349.175
-115.678
-100.378
-93.2655
-129.318
-117.511
-117.021
-72.0589
-158.019
-161.971
-104.875
-99.7335
-82.5376
-104.025
-113.059
-100.779
-96.6505
-99.0429
-102.754
-145.203
-123.462
-123.061
-97.667
-127.899
-94.217
-84.088
-112.361
-128.214
-60.6203
-111.16
-165.706
-165.682
-83.6307
-87.7987
-115.835
-67.2966
-166.971
-134.639
-69.4393
-133.587
-91.4005
-64.3654
-103.649
-131.362
-90.8186
-129.518
-111.304
-122.098
-108.355
-129.218
-169.982
-106.478
-69.139
-130.946
-170.002
-157.436
-134.483
-131.243
-123.271
-108.013
-161.604
-115.299
-99.6486
-128.291
-139.974
-125.331
-93.2994
-150.778
-152.463
-122.236
-77.3764
-101.246
-137.675
-91.1485
-158.351
-144.952
-59.1953
-139.398
-92.3922
-114.94
-133.39
-138.698
-113.4
-108.265
-137.382
-101.743
-131.738
-126.417
-70.805
-135.101
-150.875
-142.246
-87.5661
-81.689
-154.589
-141.059
-112.002
-152.483
-156.337
-125.705
-124.005
-98.2467
-101.548
-152.21
-83.2112
-113.222
-59.8952
-99.0834
-163.001
-171.266
-94.4791
-77.9339
-72.7376
-109.54
-118.006
-102.259
-121.907
-128.445
-116.101
-111.645
-111.813
-119.994
-152.622
-103.639
-101.751
-156.994
-105.316
-109.444
-112.015
-59.1228
-149.795
-84.8271
-61.9164
-149.014
-98.5432
-79.6969
-109.331
-92.795
-153.363
-63.9122
-138.293
-146.503
-115.9
-90.3713
-90.1413
-125.975
-58.0746
-123.92
-79.1524
-96.4905
-57.8287
-117.753
-105.016
-95.7748
-91.3185
-109.809
-97.3858
-150.779
-101.237
-78.1567
-68.6862
-155.828
-66.5986
-129.357
-158.366
-66.2829
-106.904
-88.2423
-92.428
-127.585
-69.7779
-106.098
-162.085
-108.825
-157.626
-122.692
-82.8325
-100.408
-172.288
-105.457
-116.227
-97.5926
-87.4002
-119.244
-74.763
-74.5198
-89.3487
-132.84
-79.3856
-93.4962
-149.938
-130.706
-105.154
-120.117
-131.416
-106.969
-157.457
-72.0141
-99.6052
-139.773
-136.019
-263.461
-222.229
-237.583
-224.848
-176.83
-195.598
-287.708
-221.753
-227.2
-262.988
-194.552
-286.005
-273.163
-206.02
-176.868
-224.95
-227.095
-230.641
-268.225
-210.862
-267.191
-210.2
-206.611
-233.222
-212.318
-199.19
-251.146
-279.074
-236.108
-286.071
-225.499
-212.586
-265.103
-240.313
-212.016
-237.264
-210.263
-262.732
-208.771
-189.534
-214.183
-215.81
-242.529
-262.738
-233.736
-222.524
-263.03
-224.148
-245.938
-239.56
-277.326
-239.795
-267.01
-244.674
-194.184
-212.345
-253.253
-282.413
-284.171
-239.023
-265.252
-280.145
-282.926
-184.869
-280.503
-225.935
-225.353
-263.492
-195.448
-213.507
-240.05
-220.565
-274.412
-284.167
-218.8
-224.741
-261.327
-220.92
-215.133
-186
-221.654
-235.068
-281.53
-239.339
-253.756
-274.029
-206.633
-214.866
-273.939
-203.047
-203.121
-281.361
-187.447
-284.799
-234.554
-247.62
-228.845
-203.728
-243.375
-269.001
-281.184
-227.088
-215.685
-237.096
-240.508
-208.841
-247.28
-229.305
-216.725
-258.417
-220.682
-196.879
-273.169
-223.567
-232.321
-261.827
-261.35
-219.481
-178.487
-271.734
-263.371
-229.675
-262.037
-249.673
-198.191
-173.398
-236.016
-235.998
-240.122
-272.844
-216.886
-231.813
-274.456
-254.531
-259.056
-195.466
-221.986
-222.581
-226.693
-227.471
-215.512
-209.007
-228.606
-209.817
-237.928
-208.878
-281.349
-240.846
-250.429
-258.344
-254.908
-177.894
-218.492
-238.794
-238.647
-190.407
-269.575
-233.053
-240.235
-210.571
-191.413
-258.093
-271.338
-186.697
-218.743
-221.359
-245.514
-191.205
-280.694
-287.253
-268.547
-229.443
-256.437
-216.662
-227.257
-273.801
-254.802
-246.564
-260.26
-195.625
-249.008
-250.817
-215.707
-249.723
-268.747
-225.865
-186.609
-253.381
-214.8
-233.285
-273.887
-180.975
-277.098
-200.127
-215.047
-288.057
-230.554
-242.963
-207.878
-250.484
-151.359
-211.492
-134.238
-171.041
-201.394
-158.347
-144.763
-175.989
-147.022
-146.372
-159.121
-173.18
-220.465
-127.951
-155.702
-168.23
-226.031
-229.322
-125.102
-126.419
-186.654
-169.525
-163.146
-208.776
-208.495
-201.866
-152.465
-217.271
-221.67
-198.079
-131.697
-138.043
-191.355
-205.718
-164.402
-206.274
-205.516
-168.385
-125.647
-217.632
-198.706
-200.28
-147.619
-144.261
-162.471
-146.314
-152.489
-198.754
-180.095
-165.191
-202.739
-123.444
-149.399
-204.383
-174.865
-154.912
-205.573
-148.463
-202.285
-171.717
-158.478
-203.536
-184.961
-143.824
-134.507
-138.563
-206.335
-172.334
-147.078
-119.002
-205.557
-221.291
-179.174
-198.454
-202.235
-172.223
-146.358
-130.078
-197.468
-117.563
-210.759
-181.985
-220.018
-167.022
-116.326
-154.053
-196.6
-141.437
-150.35
-154.893
-138.198
-181.137
-226.891
-196.454
-219.755
-124.589
-139.372
-204.432
-207.337
-138.063
-205.625
-164.839
-205.986
-144.576
-209.909
-152.238
-198.262
-143.804
-219.675
-222.126
-147.824
-125.341
-193.635
-161.852
-172.597
-188.098
-170.166
-192.465
-215.525
-159.602
-118.964
-165.005
-120.833
-206.964
-201.802
-179.868
-175.97
-207.597
-126.015
-204.954
-153.31
-147.569
-217.968
-212.622
-157.756
-128.648
-157.002
-183.505
-119.547
-165.963
-198.014
-140.149
-180.734
-156.196
-148.601
-150.853
-167.806
-126.627
-185.748
-152.714
-162.815
-152.003
-133.914
-160.988
-147.928
-203.429
-203.955
-128.646
-125.852
-186.456
-133.149
-118.641
-192.629
-148.047
-161.193
-198.728
-229.513
-163.451
-129.496
-156.495
-212.763
-152.287
-172.088
-147.465
-134.97
-196.234
-120.096
-154.021
-180.695
-177.406
-139.695
-207.085
-208.259
-192.412
-128.163
-187.007
-182.06
-133.275
-171.572
-198.082
-174.98
-124.43
-149.47
-157.651
-199.118
-197.05
-188.533
-192.91
-196.636
-163.339
40.5752
4.83238
5.60066
41.3171
35.6873
45.6039
55.0514
31.8529
83.9309
62.054
45.3388
52.9257
41.8545
109.818
95.232
59.0819
90.1634
74.8311
72.9798
0.252016
50.3362
77.1412
76.4502
14.7658
25.0664
78.0614
53.5642
80.6389
76.9933
16.5065
28.7805
42.4668
25.2146
109.251
38.6173
78.9388
68.8175
58.0063
77.0897
114.174
39.6227
106.242
37.8356
44.974
75.4976
61.5767
78.3411
94.5325
23.8138
34.6043
72.7288
55.8521
55.453
101.29
97.9002
80.7253
68.6869
73.4583
86.0571
107.258
24.117
78.7675
80.6176
10.4873
101.279
68.9296
56.5626
55.6186
59.5375
42.2928
52.4311
73.6387
42.7985
25.6945
29.2095
15.037
42.9529
50.0991
108.532
70.9195
64.8702
54.976
42.477
66.4821
5.71346
71.8499
42.4846
54.2249
43.5925
103.13
61.9896
61.3383
13.5
80.0519
92.8808
96.6581
72.25
39.4489
45.9803
97.45
36.0535
46.3602
6.36278
34.045
70.5473
36.7885
46.0835
112.384
94.2299
73.3812
114.988
15.8175
96.9663
104.081
74.4006
61.5218
66.4088
9.94303
65.5954
45.995
12.2093
66.3105
98.4291
87.0627
89.7663
97.0689
74.7942
24.7545
64.5794
30.1271
71.8232
34.4388
84.3597
39.431
73.8385
26.6555
16.0975
23.3975
86.6297
37.6415
105.386
77.4107
49.6268
8.77864
72.1012
0.971249
98.9095
72.2793
62.5028
50.9703
50.616
49.8271
58.6579
61.6619
56.2212
84.9303
115.264
97.6074
65.4649
84.0445
8.00723
66.0492
64.8122
75.8666
36.4045
78.0532
60.1374
43.3297
25.4876
114.116
48.0851
66.2955
7.18002
27.4121
63.9377
79.8394
113.312
20.642
14.9388
110.933
4.8148
43.1503
18.5127
114.325
53.4857
54.8397
57.2788
59.3184
14.4175
32.5536
47.0264
59.06
97.6
12.9278
84.2967
44.6108
31.3919
67.0408
52.0907
48.5191
-55.9477
-66.9613
-80.9366
-67.5146
-96.0016
-38.649
-33.0076
-59.5782
-67.4923
-38.9807
-58.8194
-59.3407
-62.3654
-65.2719
-46.6887
-96.2978
-99.6639
-31.7238
-75.4439
-40.8324
-113.881
-20.0322
-45.2466
-29.9988
-19.0467
-14.2338
-59.4737
-108.947
-48.7224
-36.4487
-34.3291
-25.7463
-68.5734
-89.4263
-60.2286
-69.1904
-48.2508
-85.3807
-88.3805
-43.3645
-28.6549
-109.608
-97.6518
-64.1173
-101.971
-90.3451
-45.3797
-103.019
-49.421
-52.7948
-99.3465
-3.52009
-79.7512
-85.3341
-48.7986
-59.3562
-51.0277
-19.0974
-50.9099
-85.9231
-51.0367
-26.2052
-52.9718
-93.3676
-106.214
-35.3485
-45.5843
-88.1379
-115.218
-55.8246
-18.9965
-36.0022
-81.4431
-37.4938
-106.928
-73.6594
-49.7459
-47.8249
-50.4457
-84.9184
-51.1108
-109.483
-72.9355
-73.7918
-66.128
-37.5114
-109.436
-10.8917
-49.6196
-41.7138
-44.6259
-70.0018
-41.9774
-36.3205
-77.0245
-62.346
-33.9999
-92.9688
-81.0753
-56.0308
-0.311487
-22.7651
-110.294
-80.0193
-53.5767
-79.7973
-29.2996
-67.9824
-92.851
-86.8264
-95.4998
-48.6391
-64.6188
-90.5644
-77.8288
-48.4709
-58.5282
-34.6187
-53.141
-85.7656
-77.9443
-40.2302
-62.5423
-69.6455
-48.761
-89.2159
-84.9983
-54.7351
-47.6335
-60.6821
-58.3833
-66.8234
-41.9843
-8.50878
-83.1042
-82.5484
-46.4028
-43.9451
-88.9328
-110.74
-97.4524
-80.3315
-79.3575
-51.2009
-32.2739
-61.681
-52.0744
-7.88472
-32.0883
-68.6246
-50.0941
-55.6145
-60.2826
-57.0576
-40.2373
-7.97409
-50.1849
-83.523
-64.3202
-34.6955
-89.7915
-55.9703
-110.025
-38.4574
-94.028
-14.946
-78.8926
-83.4412
-92.0409
-92.926
-84.1217
-99.977
-67.3069
-56.5958
-35.1411
-6.81121
-36.6469
-70.0716
-109.372
-61.9788
-86.1221
-60.369
-6.75253
-107.918
-93.9314
-42.9276
-88.2342
-99.5036
-64.3895
-65.4692
-92.3438
-98.6818
-55.2236
-76.5487
-58.9586
-73.168
-60.8791
-63.9694
-78.4057
-33.1973
-11.8247
25.7684
57.2537
37.1774
-0.481644
-13.6744
19.3923
18.9009
-46.4634
26.0939
-45.9511
55.3123
37.1204
12.9697
44.2249
-29.4937
36.0569
19.1439
50.8941
33.8328
-8.77811
-16.7401
-15.9989
17.478
-11.0286
-38.1598
27.2524
20.6238
-32.9678
-32.9979
34.2794
50.0376
-31.7982
9.80574
49.2883
-27.0179
-28.2425
-41.4483
-30.1833
35.2389
-16.7449
24.624
-48.4627
-1.7323
55.525
-33.5133
-45.274
-34.2717
-26.3213
31.0741
-29.7747
8.22426
-36.2593
48.1849
-14.2642
-33.7481
-55.5686
6.15339
18.6014
-55.1672
-31.0004
28.8974
-37.5023
-49.3657
34.5867
32.0047
-18.4483
-16.2004
7.31762
46.0102
-0.767244
-35.8574
-30.3682
-13.3787
-14.3707
-12.6127
-18.2287
-5.68508
46.1144
-36.2767
-39.6569
-33.15
45.5442
-17.0749
55.1154
-53.9188
12.1395
25.2494
4.10891
-9.79094
42.8783
-5.3473
50.5327
-26.4295
-17.7385
-42.4003
-38.4553
55.9281
34.4775
-38.3346
1.42987
-48.2442
-51.1165
29.14
-30.3172
-37.3391
55.5066
-13.4452
35.5752
-23.3956
14.013
-19.5923
57.1045
51.5176
-3.22081
-7.32832
20.8999
-25.3892
52.953
-2.01044
9.38163
31.6933
-17.5746
17.6993
-39.2568
-42.5671
17.0544
18.8982
-0.161148
18.4856
51.0381
13.33
35.4556
-43.1286
-51.754
-22.4613
57.6832
10.2062
9.83968
3.10107
-9.64067
-14.0629
3.54788
-16.5463
54.0145
-30.697
48.9888
-23.6406
11.1367
39.4847
-45.5732
-47.9593
52.4444
10.2305
-52.4467
-44.625
-22.5518
3.19039
12.5778
44.3051
-44.7506
-22.6139
6.44339
43.0309
-19.0642
-6.40464
-55.0763
14.2096
-20.7052
-43.0043
22.2314
-30.4806
16.2733
-47.2207
41.5506
-10.8433
22.0114
23.5788
-12.7861
24.4582
-38.6654
-13.4618
25.8721
16.5731
55.5421
-27.8306
-20.6314
29.1885
39.6035
54.0638
-22.6526
16.5198
30.3409
-35.5557
12.242
45.5908
-49.0673
-52.6606
7.93953
-50.6425
204.059
276.19
259.979
245.6
251.115
220.106
287.017
247.773
204.469
262.283
234.57
245.403
244.476
260.25
277.524
210.136
245.388
230.472
231.466
271.421
257.196
213.062
245.745
224.093
249.206
272.934
237.067
226.58
242.196
216.912
231.544
262.301
236.911
276.846
264.993
232.486
182.831
212.484
207.929
252.017
226.684
190.969
242.296
216.344
237.262
234.398
209.524
287.976
263.87
236.075
261.627
269.793
228.163
208.983
226.123
192.104
212.921
223.492
284.618
242.517
281.546
254.027
194.747
220.655
222.021
238.986
270.571
249.755
234.919
268.835
234.132
192.855
242.594
286.715
287.128
218.348
220.153
229.608
248.138
243.585
268.518
245.445
274.082
206.948
237.693
280.249
200.944
261.989
191.969
250.27
246.047
185.034
217.525
260.855
227.768
212.035
199.893
232.6
231.773
231.752
282.524
221.46
277.325
287.953
228.241
231.677
261.823
225.093
264.509
248.258
184.668
260.793
237.645
192.989
209.742
242.981
271.865
245.637
235
192.001
259.464
253.108
257.771
213.786
226.281
286.435
250.644
232.955
260.436
246.718
240.641
178.29
274.531
232.088
195.726
236.048
284.898
239.466
222.01
214.275
243.701
271.97
239.041
264.399
258.884
278.299
244.82
227.538
237.322
227.099
213.84
224.119
195.351
210.287
266.151
281.659
188.328
266.38
261.772
223.089
280.565
249.414
281.613
229.323
237.325
219.167
244.389
268.157
272.78
214.902
202.135
242.819
211.053
256.885
233.858
228.667
194.871
271.623
255.505
222.608
213.47
200.935
230.505
186.111
204.386
254.879
228.386
270.32
286.887
252.593
221.948
286.12
191.085
275.725
229.668
247.701
214.274
257.98
212.659
275.163
118.457
112.145
127.462
92.3769
99.7954
158.58
100.846
110.289
116.592
69.7086
86.9154
126.205
123.121
158.048
101.442
142.118
112.176
82.0351
129.753
87.5793
60.5752
117.505
153.487
123.869
130.62
84.1821
131.811
117.554
119.159
134.222
121.278
90.0877
96.6863
112.9
97.1484
122.471
89.8466
145.723
142.601
104.311
157.836
69.4069
130.613
127.409
78.1977
83.2042
144.224
129.347
92.4251
116.263
125.59
135.023
59.7091
89.0407
59.1508
100.569
111.231
163.204
122.313
135.216
163.862
141.571
129.964
93.1965
121.732
124.868
107.114
112.084
118.143
144.931
85.0757
163.382
74.9566
121.371
101.761
118.908
132.968
93.4969
98.4516
102.316
121.347
76.5737
69.0649
158.757
141.103
129.266
100.505
132.663
131.34
148.235
73.5734
76.5395
117.013
100.223
165.524
143.213
104.828
80.3761
128.772
68.1636
92.3564
85.3404
130.073
59.6307
118.196
95.4041
109.585
142.133
134.592
90.3586
61.0031
90.3723
117.513
83.0329
143.141
131.084
118.277
93.6156
130.885
106.9
94.2338
91.9252
141.15
125.049
132.64
124.971
85.297
70.438
85.819
125.14
99.7151
85.4557
166.27
102.432
115.103
130.403
91.1498
129.475
93.5967
124.945
99.3651
103.524
139.923
160.271
76.0485
162.226
92.77
59.3848
128.595
120.365
141.773
79.3815
111.204
73.8346
107.349
77.8526
95.8052
114.458
140.32
142.803
126.874
122.432
130.818
114.369
94.034
149.994
89.1316
101.189
134.262
77.5738
170.725
100.18
93.545
150.45
130.981
129.404
76.6623
106.291
137.606
106.18
97.1716
129.468
98.1542
101.854
172.485
148.341
84.0228
105.872
68.5868
117.149
83.2314
90.9764
106.43
59.249
144.257
117.963
168.936
114.885
160.943
124.845
135.059
188.127
158.952
138.522
186.867
215.346
188.891
197.294
135.625
130.011
218.819
228.445
228.86
186.411
154.028
137.79
224.244
216.809
212.161
151.977
209.444
192.026
115.531
226.25
182.346
154.11
176.451
116.479
134.027
215.449
204.46
191.304
124.915
175.038
163.566
212.796
142.383
168.263
188.732
195.217
201.752
166.267
118.499
148.578
212.281
229.492
123.841
183.198
191.407
216.271
178.194
212.526
226.385
206.123
136.744
230.582
150.334
222.035
222.166
216.746
172.844
122.349
209.226
165.254
184.82
180.215
166.175
162.751
150.092
218.292
207.971
142.437
138.63
189.746
158.716
209.905
222.682
170.141
163.808
200.62
207.84
161.921
139.801
187.341
194.447
174.749
130.248
190.304
157.539
188.636
205.557
204.546
172.743
205.258
132.253
150.281
143.809
195.881
225.953
211.483
116.063
219.247
227.585
136.882
218.01
227.09
120.681
174.044
200.111
125.564
138.724
187.202
196.519
154.136
213.671
192.364
125.796
134.383
198.928
206.537
129.675
208.164
147.252
183.66
135.938
225.246
168.729
204.338
181.998
211.87
212.258
183.517
180.768
173.767
147.121
139.26
222.074
204
207.701
131.02
145.399
214.298
166.524
178.471
131.531
130.757
143.924
163.737
166.946
196.657
160.502
220.361
159.769
127.848
136.341
173.957
213.588
177.984
128.85
138.432
177.829
219.341
164.437
162.418
147.824
195.458
191.609
180.958
117.369
191.215
153.903
226.925
207.452
214.349
165.954
184.306
226.312
173.34
207.57
180.863
177.056
167.852
218.467
208.662
204.857
115.941
116.912
165.757
162.221
187.013
117.859
133.469
198.449
140.281
192.1
214.295
178.971
138.25
179.156
170.119
429.92
401.582
406.053
405.852
460.739
407.992
406.351
445.043
455.291
394.642
430.646
393.968
449.759
356.557
424.989
457.331
389.364
450.323
402.485
403.648
433.104
388.33
430.393
393.638
424.279
386.086
414.011
436.58
433.889
389.026
434.464
451.116
367.702
400.532
447.861
448.098
454.704
388.172
407.981
436.809
440.326
400.121
387.533
452.508
391.018
418.503
457.832
443.159
400.2
434.477
415.435
418.106
392.378
424.118
457.318
384.795
377.851
401.528
396.201
441.362
373.601
457.649
419.349
431.643
442.617
360.684
421.57
366.711
424.031
359.525
430.849
436.845
417.547
458.244
404.764
447.18
382.985
383.724
421.446
413.391
432.563
355.808
414.882
388.804
393.545
393.285
459.67
413.424
392.429
415.065
382.47
370.585
386.039
402.556
399.133
455.555
437.746
438.313
456.59
372.851
386.234
386.551
398.068
450.494
379.11
436.106
442.627
365.836
421.705
451.462
359.839
460.521
382.491
385.431
390.456
346.496
444.851
454.13
381.925
358.365
385.372
399.612
409.947
428.08
405.172
427.539
445.394
376.913
375.258
394.295
380.523
451.498
394.698
377.004
432.388
412.912
422.38
370.371
425.257
367.969
444.801
424.351
367.183
456.741
394.137
456.375
420.349
437.971
413.491
395.876
365.472
453.149
460.205
444.852
436.285
405.989
391.26
383.79
424.596
431.719
392.622
396.648
426.58
351.162
432.005
367.051
440.145
394.811
370.274
454.559
378.812
348.868
401.415
415.867
409.492
372.886
425.721
453.704
369.451
377.024
373.45
426.188
455.901
407.967
391.204
391.399
393.26
373.985
380.055
460.252
387.179
394.693
451.622
369.662
416.033
429.382
437.888
449.647
446.789
393.533
260.829
246.815
250.866
314.133
303.378
282.365
253.81
303.654
305.349
319.342
254.531
300.24
264.436
288.821
269.066
320.324
272.782
299.864
287.172
340.21
279.374
262.636
285.441
256.043
283.614
310.794
340.157
339.559
232.94
248.448
234.087
238.955
234.703
267.759
288.284
231.297
256.781
236.051
319.212
274.293
283.228
327.834
243.665
254.962
272.273
287.762
312.658
339.578
301.764
320.445
310.099
277.992
308.085
255.365
285.837
301.674
270.089
248.82
257.898
328.463
333.176
313.54
247.159
251.801
237.723
239.8
292.515
289.238
271.938
256.795
303.531
342.203
307.423
276.347
251.499
302.522
271.863
278.679
337.889
285.642
328.46
307.008
296.335
241.786
331.484
303.385
269.665
289.945
306.609
296.191
269.03
255.139
305.985
242.247
302.291
310.97
286.137
297.777
305.263
286.706
289.457
258.971
273.193
262.621
274.16
333.826
288.812
288.776
309.483
254.66
287.802
280.256
281.523
297.26
245.056
289.1
302.574
255.11
303.314
274.782
278.101
263.171
271.021
294.419
239.292
325.041
246.728
266.231
273.184
292.955
235.613
232.07
255.604
329.448
274.503
327.27
339.748
272.318
240.235
334.952
302.106
335.011
281.939
237.627
236.547
278.307
262.227
314.173
321.126
247.983
295.756
304.664
294.235
241.336
301.212
309.725
284.217
285.72
232.473
287.14
242.542
252.748
252.972
282.007
280.966
301.826
278.951
280.85
306.938
271.161
285.228
303.738
264.018
318.363
306.548
263.489
324.855
287.717
309.324
279.359
286.406
267.234
266.946
246.021
256.522
272.099
278.763
285.972
247.083
276.687
233.646
332.02
297.689
282.402
278.395
303.36
312.284
234.405
241.278
274.597
389.408
296.713
366.92
388.599
317.277
370.462
365.896
321.838
385.412
294.635
304.15
359.298
329.475
359.081
366.22
296.356
370.121
402.93
309.514
364.234
377.111
366.922
382.463
377.372
307.394
304.366
309.863
360.908
310.088
393.491
311.404
393.902
311.836
371.639
368.831
331.349
402.157
363.013
330.746
376.458
383.147
302.917
366.041
360.515
297.581
337.939
375.393
360.249
398.562
363.086
387.915
293.417
330.053
347.74
348.768
343.924
320.955
291.304
379.745
353.441
345.399
318.023
382.339
301.747
359.587
395.145
301.701
391.074
371.227
350.141
304.331
341.531
386.542
378.266
381.758
333.91
356.584
302.211
384.183
358.294
319.894
326.989
349.799
302.64
352.354
324.82
318.838
379.512
391.845
342.217
375.159
380.206
290.678
326.716
304.996
390.635
355.339
346.243
363.198
376.134
336.581
330.699
396.279
392.25
318.226
353.227
325.591
307.096
358.278
395.068
378.882
394.404
297.12
372.8
341.407
329.739
302.578
335.821
400.712
379.701
391.112
318.055
375.143
393.671
363.373
319.484
295.37
390.268
397.69
330.526
368.915
322.78
341.933
335.505
296.656
368.872
394.716
363.802
341.649
369.779
305.577
360.796
310.767
346.104
359.739
358.251
308.044
356.658
337.03
394.656
401.108
318.915
327.6
391.823
322.565
349.675
300.801
304.801
348.493
361.369
347.669
403.162
395.25
350.035
357.622
368.182
357.808
401.704
379.818
374.693
321.121
350.035
366.987
383.495
385.563
384.652
372.732
311.188
324.124
368.244
320.304
379.603
334.303
359.371
375.377
378.515
332.678
289.364
367.633
330.42
323.44
337.864
371.579
358.557
323.499
361.258
360.114
320.955
369.284
363.696
453.58
383.856
439.583
421.038
400.787
456.505
460.575
394.66
450.885
406.838
386.774
449.029
446.112
391.003
436.017
408.74
402.732
417.232
383.308
416.017
407.986
432.83
425.192
437.712
349.702
378.572
346.412
413.114
420.874
381.504
436.423
411.686
386.243
374.219
459.186
420.693
393.846
392.204
383.273
396.901
348.827
423.914
388.943
460.267
362.541
409.828
437.736
408.027
421.667
409.164
451.679
407.268
414.794
441.591
421.402
431.202
402.104
412.832
414.391
347.463
388.051
442.371
438.555
418.798
400.613
424.302
407.58
380.138
374.293
428.729
392.315
384.466
382.206
391.418
394.094
380.388
418.718
394.229
398.355
421.413
389.732
440.945
367.383
391.053
442.993
397.998
383.865
450.737
396.602
423.333
459.691
392.964
442.982
380.134
426.823
443.453
386.369
417.174
410.067
400.487
389.121
398.172
347.87
385.228
360.573
394.141
370.011
399.3
417.104
447.232
404.939
435.375
401.231
394.274
443.928
434.972
447.749
393.226
402.851
386.68
381.151
359.249
414.745
385.485
413.517
422.626
393.346
417.444
410.427
406.74
459.606
398.449
360.306
426.783
438.679
398.521
350.552
353.145
433.449
446.973
421.234
441.116
404.874
403.418
457.558
423.766
406.451
382.115
368.843
420.391
367.894
437.438
424.727
369.505
394.439
360.374
392.57
435.434
417.097
387.224
398.929
422.381
423.967
424.908
412.208
402.413
453.141
443.48
372.493
408.227
439.13
429.389
434.263
347.207
384.545
433.208
396.805
389.033
423.256
434.92
430.323
401.312
444.223
412.42
402.987
388.992
407.818
453.755
407.714
443.299
415.798
420.263
380.717
405.421
396.094
379.527
389.096
438.883
366.953
376.983
292.51
231.93
232.451
262.639
297.189
254.26
291.089
289.661
307.243
296.083
238.817
284.361
277.62
266.287
262.903
298.54
246.356
296.563
299.276
281.796
277.235
294.804
278.509
310.428
272.946
275.602
302.875
280.813
262.602
316.254
288.477
293.151
307.358
278.555
256.306
257.849
257.471
287.284
316.03
300.91
302.065
325.883
276.606
322.02
264.021
281.839
301.032
292.486
343.837
279.891
313.904
260.775
311.476
282.665
275.683
297.273
293.457
292.567
281.032
262.56
300.095
266.87
252.769
270.442
291.503
237.644
256.998
237.885
264.05
253.2
265.01
287.809
319.628
307.271
310.998
327.639
342.776
246.858
241.353
257.427
257.23
295.716
275.67
238.416
261.292
253.488
305.2
275.812
257.203
345.193
277.965
264.364
286.529
287.881
345.58
238.678
265.7
315.736
297.919
272.189
253.325
272.873
307.362
282.292
324.373
309.531
295.886
328.467
251.425
280.575
277.475
303.129
231.89
342.557
298.397
276.652
256.9
306.117
286.509
276.99
288.652
312.417
290.723
256.16
303.554
257.823
340.56
257.992
327.85
282.044
247.288
257.467
241.851
298.981
272.141
287.67
285.277
262.357
295.173
302.613
262.446
238.494
281.327
288.741
268.035
238.232
325.219
250.492
330.971
313.495
291.03
333.751
289.53
233.983
295.924
292.958
301.009
335.011
327.522
333.249
250.981
305.094
260.605
300.648
313.288
269.922
308.088
324.478
289.144
272.127
283.774
313.203
343.431
329.846
261.995
281.048
294.516
239.997
276.058
323.492
283.109
315.479
230.974
251.686
278.91
274.747
241.868
247.209
307.557
242.408
254.295
305.731
245.269
285.252
286.326
239.858
319.908
301.627
278.576
305.456
320.917
373.495
350.902
329.561
296.052
351.579
375.084
302.816
358.051
401.361
361.296
338.578
353.743
400.579
311.815
306.169
385.484
317.977
362.639
297.35
378.763
311.817
379.043
312.337
370.255
343.075
344.287
355.067
339.308
347.764
389.664
385.703
398.975
339.373
372.927
373.879
351.27
379.058
355.316
288.724
367.27
330.328
295.568
375.505
330.437
295.415
313.891
316.917
387.303
299.144
330.865
381.836
300.224
397.253
306.481
296.753
342.413
361.176
326.284
330.797
402.699
369.825
368.703
335.706
292.234
342.637
352.047
317.321
356.424
378.305
361.276
337.969
320.026
334.247
334.441
342.288
334.656
300.615
398.208
343.518
381.374
340.33
388.16
376.771
353.372
343.891
348.656
379.097
395.502
372.5
319.086
352.919
373.505
367.353
373.122
333.212
341.693
372.607
344.53
388.145
387.622
335.558
301.475
323.618
372.1
364.822
367.674
378.889
337.023
321.156
316.711
377.617
348.2
341.577
297.47
362.078
370.6
347.41
299.877
308.98
290.286
325.289
327.894
396.466
373.239
311.674
324.751
398.68
304.742
360.46
343.856
290.247
345.785
396.188
310.175
349.543
303.958
318.933
396.837
350.216
325.172
325.546
377.612
394.168
397.552
356.783
327.027
403.77
396.904
365.022
316.676
362.537
310.714
379.75
309.864
375.315
390.157
348.397
369.509
379.305
342.356
330.941
335.199
366.487
374.392
344.3
342.011
309.103
330.525
335.676
396.865
371.941
372.731
382.888
327.602
342.068
340.851
350.673
302.935
307.164
290.401
313.818
395.599
344.493
380.858
292.512
304.346
366.605
384.231
380.007
288.774
372.964
297.502
336.7
306.219
350.511
327.146
367.294
314.957
311.073
