32.0417
97.1216
74.0817
-15.2777
82.5351
27.9871
37.0118
49.0663
7.52257
31.9374
50.6105
79.6842
-5.56934
84.8478
84.0255
17.1085
69.2849
58.1624
-29.6651
-5.06236
76.8666
37.1425
77.2315
38.6512
41.4017
35.6694
52.6917
0.568743
83.2445
62.8171
61.139
7.43185
29.0854
9.81196
39.7954
53.7337
77.8408
57.1764
39.798
24.7138
15.6973
71.8119
38.6012
41.6512
34.6661
10.0953
17.6149
49.4351
54.5088
48.7776
72.6757
29.3329
17.4638
91.8443
15.0617
55.2428
31.8908
32.026
-7.53627
55.095
38.1207
47.1934
8.3673
44.4943
-1.87838
-16.9604
8.72143
60.9757
26.5101
44.7352
27.2329
33.8987
42.7491
52.9023
-2.68531
36.9168
-5.24968
44.7727
6.4252
81.9722
-14.3407
36.6069
16.3554
30.5844
51.6607
45.9136
-3.77565
21.6835
64.6105
7.43488
35.7782
17.1573
-9.37661
64.7602
-28.4665
31.8945
-25.3212
7.12164
46.697
-10.7635
51.9561
38.2525
85.2424
45.2042
50.7384
-12.3228
56.8621
66.668
52.5604
78.9833
57.029
49.3028
35.6774
63.109
-2.80793
49.8112
-0.734873
-6.68992
74.588
76.9275
31.0579
21.2876
-20.2116
70.3406
37.0955
43.9834
60.8838
-7.49632
27.1635
0.635056
-11.1641
8.43003
25.2912
46.8375
20.14
14.2219
27.5099
0.771462
2.97109
66.9926
53.888
19.8455
53.9579
66.8324
36.697
22.2026
27.5692
0.881887
83.8415
49.5344
56.4277
14.1473
40.3099
22.4457
77.743
73.2702
-19.3382
75.2203
37.4231
-1.45337
-4.45509
72.307
64.8179
81.3342
-14.2097
-12.3042
78.4108
2.50115
-17.5645
68.4096
81.4162
47.8463
-32.2826
7.24973
34.6975
-11.7408
78.3695
29.522
10.5457
74.4347
79.0711
68.4735
54.558
14.8004
19.5887
30.4191
14.6065
77.0781
71.3809
87.8892
63.0474
22.5011
44.3918
56.3186
71.7451
55.2217
50.8698
51.6873
28.8942
-23.2557
43.4075
78.2475
20.2657
37.2598
65.0385
74.3332
-24.5302
21.2719
95.7218
53.4334
90.9464
-14.6988
16.3657
46.7786
78.484
-5.21924
32.6972
21.6727
72.6079
-0.526087
3.6572
39.0038
-8.85946
57.8564
26.4665
49.9624
3.81052
55.3333
83.8484
56.9169
-0.861744
48.8448
70.9861
42.105
47.8751
49.3597
5.03781
-15.6761
34.2276
10.974
42.4137
34.9221
46.4405
55.1998
45.8079
35.3069
-13.7362
19.0372
59.8119
41.2223
45.5462
-17.8759
58.3387
-8.98749
47.4974
84.0807
29.9688
-21.0665
64.9924
68.9475
-13.6898
46.7591
-10.2044
35.368
84.7396
59.625
27.5133
-5.7891
0.00252745
37.2836
9.07783
5.59332
3.69563
35.6293
21.2242
-18.6137
31.6373
75.6814
44.747
42.4854
44.7675
30.8388
61.3764
34.9083
-8.19613
7.61393
44.8253
49.133
63.0991
81.5596
22.3917
-29.143
88.4324
7.72737
10.0944
45.6147
28.2454
39.4302
48.6174
28.6261
39.2629
8.24825
-13.825
45.1552
90.6519
12.4589
71.9018
-8.89477
-14.4196
12.5368
10.7963
70.0517
33.775
2.24641
41.4716
19.9616
63.4017
63.5241
12.0289
17.6948
83.4479
20.2202
-15.1402
90.6621
18.0906
24.7622
36.1206
29.2011
-10.8988
-1.86635
-0.888639
78.4232
-21.6073
44.5053
23.1711
63.4001
85.1414
22.291
52.325
57.7917
1.18549
-10.402
61.7486
50.4626
16.8018
69.7504
58.8727
67.7618
79.9533
69.3914
54.355
62.9514
60.231
65.0255
16.5495
30.7348
72.9358
64.0113
39.1899
68.0417
68.5704
71.4907
61.4743
66.2244
40.8444
73.9014
52.6475
-2.4374
65.2144
0.747701
23.4427
34.0478
38.4195
40.5215
25.2775
-21.0797
-4.24052
76.0884
66.3263
54.4297
33.5786
72.6274
84.5832
29.2533
25.3192
-5.16572
59.9541
30.6309
64.203
-16.9408
28.9881
69.8243
49.4468
81.2981
60.2661
-10.2533
58.554
48.0249
60.1576
41.0076
-95.8508
-98.652
-100.035
-99.8102
-125.3
-111.11
-52.9231
-102.185
-104.266
-37.6227
-29.6096
-63.4086
-39.8793
-69.2574
-64.9963
-80.5026
-63.8582
-51.5343
-73.5636
-102.626
-76.6327
-32.567
-64.113
-97.988
-98.7302
-93.9735
-63.4647
-52.5661
-53.3073
-74.0754
-79.83
-85.5737
-55.425
-40.3708
-112.554
-29.707
-51.1889
-26.51
-128.371
-100.483
-36.0081
-35.0824
-81.8567
-45.2996
-39.5472
-41.0897
-59.5784
-85.9678
-65.603
-73.1077
-71.6223
-79.5207
-67.0731
-49.1649
-56.2775
-67.1769
-104.202
-61.2524
-63.5978
-120.349
-61.8089
-51.1534
-85.468
-60.3929
-73.377
-74.4456
-127.734
-55.6193
-63.551
-61.9832
-81.3083
-63.3705
-103.652
-102.538
-99.296
-54.2748
-30.1539
-59.8408
-49.2207
-95.5058
-68.329
-107.691
-32.8189
-45.2501
-105.014
-113.001
-79.9239
-74.14
-88.7831
-36.8878
-35.9032
-48.2418
-106.103
-105.268
-83.3087
-79.1709
-76.4812
-79.6272
-89.6853
-63.8857
-58.9295
-125.587
-59.6901
-107.089
-87.1669
-89.9543
-67.1397
-61.5566
-95.9432
-103.578
-106.727
-58.8884
-71.9133
-107.233
-84.2539
-47.9496
-44.7873
-82.298
-103.388
-56.7446
-74.1283
-30.9427
-59.62
-96.8966
-83.0509
-91.9562
-121.512
-52.8612
-104.982
-70.2946
-55.397
-64.0932
-28.6385
-38.5587
-40.804
-70.8304
-37.5531
-97.9351
-102.622
-36.2835
-118.564
-110.852
-39.9313
-74.4747
-69.6332
-90.0998
-94.4285
-109.883
-97.0944
-75.307
-29.3838
-119.326
-89.074
-61.7068
-121.586
-49.6082
-95.4383
-93.682
-106.769
-105.656
-33.9091
-116.611
-104.492
-73.7958
-66.0739
-70.0681
-66.2963
-96.0151
-95.5654
-60.809
-105.384
-95.3423
-48.7439
-94.9207
-40.3884
-70.14
-94.8892
-91.5401
-79.4279
-36.0862
-97.2054
-38.8031
-90.4716
-41.0832
-38.9866
-55.0252
-109.572
-70.2969
-25.8522
-48.9899
-58.5507
-52.7175
-99.1395
-78.5065
-65.5573
-69.9208
-100.092
-98.1634
-73.8377
-63.5773
157.143
150.88
152.701
150.643
89.0209
178.126
93.4052
182.283
148.448
142.878
131.139
97.6639
156.081
127.88
143.37
104.072
145.512
181.679
131.061
165.502
144.199
85.171
129.893
159.701
148.88
164.694
151.545
105.048
185.874
150.269
146.961
148.972
103.477
117.73
80.8446
95.0975
98.4253
159.491
132.686
104.578
187.138
108.179
95.3931
170.371
155.381
151.769
144.799
142.306
144.633
137.932
153.476
182.94
132.612
171.878
140.166
91.4538
89.5573
167.023
80.9104
108.072
183.853
150.691
165.052
168.285
126.879
110.575
97.6021
159.441
175.586
149.976
154.025
95.9476
168.377
175.808
189.5
139.913
161.764
74.6882
181.179
84.4334
150.769
137.747
143.797
172.958
175.909
135.377
163.388
138.946
175.501
136.397
86.1324
121.197
160.628
82.9559
100.482
165.557
165.04
95.632
137.066
189.088
144.876
156.2
178.764
157.089
137.312
161.902
151.735
173.684
164.02
115.539
123.06
79.9853
175.711
100.535
93.8387
78.5337
97.9064
88.738
101.335
169.965
176.327
122.304
158.422
179.076
115.601
106.175
128.657
119.645
150.129
166.202
166.461
155.743
144.368
158.026
175.937
147.913
126.722
147.911
118.584
177.951
148.394
159.701
130.367
170.205
135.668
171.179
158.026
147.739
125.28
136.364
107.306
114.117
167.244
176.59
171.214
149.801
110.594
151.899
122.82
154.396
171.134
136.892
111.327
173.601
155.485
154.575
127.733
121.876
144.81
181.476
182.665
154.196
93.7613
153.173
147.445
119.518
128.684
149.98
146.845
130.27
100.472
193.944
84.9036
97.4299
83.0404
183.771
175.813
100.182
168.769
115.112
144.485
190.137
120.957
178.426
180.625
100.371
148.705
143.016
104.13
158.365
84.1068
108.204
193.499
180.54
164.553
166.477
138.268
158.56
101.537
151.253
171.197
89.8873
117.599
138.872
151.27
122.818
172.203
71.9905
106.048
87.7005
151.054
109.924
140.895
171.305
147.592
185.157
84.2126
162.672
101.986
136.685
113.369
171.3
188.932
126.645
169.791
119.204
169.913
149.858
107.879
167.12
150.539
130.605
111.597
132.103
177.341
181.238
158.314
97.4499
153.367
162.433
79.8105
72.9984
123.886
137.067
106.411
75.0279
151.482
90.0512
159.353
104.999
159.975
119.219
79.2117
154.284
176.439
131.922
127.358
153.175
170.459
171.596
174.39
170.248
117.304
169.209
164.657
80.6815
100.463
163.983
159.106
115.184
172.161
117.467
102.587
147.81
162.644
132.074
169.026
142.464
179.582
174.213
81.3762
130.213
102.837
93.1179
148.624
155.662
138.337
145.805
98.6177
162.803
167.357
146.672
156.161
107.265
158.203
158.825
144.453
158.77
145.854
116.356
149.671
128.987
158.409
163.487
134.158
130.003
192.032
103.848
156.397
88.7266
174.719
170.66
150.387
153.919
168.362
107.133
145.337
160.057
78.0394
182.578
119.523
147.091
156.337
165.569
167.197
134.623
182.972
114.777
176.917
170.589
108.793
81.5399
101.222
111.641
117.632
105.439
85.4687
101.571
164.542
77.5146
147.736
92.2264
80.966
94.1351
137.785
182.01
116.877
148.746
126.875
152.226
143.382
152.965
90.8173
123.495
135.378
156.884
105.027
149.786
120.085
85.8181
157.877
169.624
183.119
147.36
95.6242
109.866
79.7835
162.289
123.232
96.119
130.486
170.831
114.081
133.834
158.455
155.146
150.85
181.62
101.333
150.773
149.177
148.893
190.763
146.305
92.024
148.983
150.24
117.029
87.489
164.899
-17.6915
67.5325
-6.28379
63.1494
35.8091
54.678
70.7515
67.726
-15.6783
27.7739
-19.2005
50.9048
5.09307
60.2041
-3.38805
54.8674
30.7362
4.46109
19.1468
5.32617
29.0738
69.9633
-29.7135
22.8288
2.90358
40.6631
25.3942
-17.2643
3.26226
25.5927
39.8561
72.6528
49.3623
4.7305
57.0753
66.6457
-0.773686
-5.44685
-5.11832
22.3413
0.728305
-0.584222
20.8818
48.5253
42.9975
29.6605
38.9952
36.1167
71.8684
18.6772
12.1468
-15.6474
32.6997
-10.2893
8.90547
37.836
49.8886
35.9233
1.18555
59.5707
48.7156
60.7679
55.3695
59.0254
-4.14679
-21.7249
63.3785
14.6717
11.312
42.7266
32.272
-0.433941
21.3498
-15.7814
-2.6929
32.1548
46.354
25.2331
-8.23498
-7.94546
6.05946
32.6821
54.1999
12.6759
72.095
16.9288
-13.4218
13.6673
33.1864
21.7101
17.7156
29.8426
14.2748
43.0189
60.7107
-24.2331
-2.80515
23.1255
52.5123
49.1976
12.3614
-14.3101
69.1784
10.166
50.6153
-13.2237
34.9786
71.0561
52.1825
39.4838
7.16984
21.4538
64.4561
10.5223
-3.53831
74.8715
37.1015
-0.56132
-6.14121
41.084
-2.54073
23.6496
35.3184
63.5508
-16.2321
23.6704
35.3972
42.776
62.8578
-9.65199
-1.67601
64.6943
53.8553
-5.37044
24.4954
61.47
-24.6324
52.1646
7.44718
42.0812
56.5542
12.0116
-24.2195
62.3908
-4.46334
23.1989
30.8059
8.07008
26.6672
52.1199
14.7898
26.3352
16.0537
15.2019
26.1361
-1.30328
60.0919
6.26875
54.3596
64.5559
56.4652
1.07501
16.0699
-0.0139721
-2.47904
-26.0383
22.0462
61.3668
-19.5059
70.0457
27.7311
47.2526
6.5567
16.3785
51.0147
-12.924
55.3114
7.819
3.80063
35.6295
55.1523
33.0458
20.3877
-8.4599
16.5967
32.2795
-0.121566
39.1836
23.836
1.54028
35.7278
73.5556
42.7098
0.548114
38.039
20.3635
18.2188
37.2485
45.6745
28.6639
231.857
210.91
269.403
215.704
177.222
178.841
256
198.594
203.208
191.372
279.131
246.46
249.851
255.414
234.777
241.943
209.967
274.596
241.092
267.843
218.509
246.133
250.397
223.354
227.125
243.97
273.38
199.493
234.768
231.164
289.986
196.115
243.977
245.72
250.173
201.201
242.032
265.019
186.811
260.291
271.09
215.871
270.095
194.623
246.402
193.048
216.444
230.893
205.165
297.27
180.657
238.558
191.143
185.719
212.399
210.932
235.835
255.101
239.486
173.744
259.65
228.731
247.214
207.308
273.783
258.055
180.596
182.777
239.624
273.943
176.959
227.639
263.23
242.963
198.491
185.459
212.519
230.445
187.851
273.983
202.149
227.583
241.629
247.38
243.095
217.494
187.041
241.113
245.774
285.992
208.646
235.545
248.751
285.164
270.937
248.293
281.341
249.877
292.308
276.266
186.521
192.926
185.387
250.646
271.239
180.679
208.929
213.41
211.489
269.786
264.294
235.331
266.829
225.071
188.344
258.479
180.226
258.931
244.736
266.763
180.888
252.577
281.954
213.127
175.532
260.201
233.673
233.587
260.935
284.722
261.949
186.152
234.103
256.647
280
256.392
236.59
273.994
277.272
266.759
210.294
235.923
229.959
198.345
182.988
242.728
263.637
266.11
258.559
269.239
261.405
270.708
282.947
294.567
192.568
219.067
216.476
197.055
203.217
196.978
226.575
231.284
286.61
253.5
266.192
203.52
180.739
268.804
199.113
219.54
253.606
208.794
227.483
228.127
204.431
236.86
194.83
249.047
249.853
277.256
263.651
237.186
278.718
256.25
280.422
248.258
217.5
254.36
235.131
234.448
180.18
256.147
215.923
271.61
269.811
233.911
196.385
273.805
256.611
276.235
189.457
203.456
213.65
221.576
266.316
223.383
262.568
222.949
253.331
252.2
202.686
237.346
235.736
203.033
282.87
290.09
270.494
240.035
225.077
207.545
192.744
238.355
211.476
243.188
278.371
226.802
280.267
185.57
203.513
257.495
189.002
230.223
222.131
220.026
229.892
186.811
210.094
219.167
201.359
273.811
205.732
250.754
294.234
216.399
231.24
251.928
285.124
250.744
224.755
280.007
225.807
246.068
249.44
274.337
241.334
268.387
252.334
258.148
237.654
242.19
241.207
250.85
226.123
215.355
254.799
275.173
261.916
216.129
191.502
276.182
251.768
260.417
221.25
246.775
265.998
237.12
237.49
256.323
266.077
222.1
227.969
247.814
232.551
211.112
253.139
226.795
200.002
254.484
218.279
234.792
225.103
182.438
214.532
232.557
223.208
231.709
178.198
277.975
232.631
280.878
252.369
204.207
190.54
268.066
245.522
186.332
200.319
241.455
261.103
237.694
247.261
273.965
189.228
220.382
265.193
186.513
237.534
198.417
221.509
214.348
253.953
196.435
245.693
249.109
250.52
242.906
292.546
177.787
239.524
208.34
201.672
236.548
239.799
196.677
193.008
221.512
274.957
227.162
239.815
183.168
180.99
272.409
241.184
200.172
244.234
240.145
232.145
253.895
220.493
214.071
181.16
255.704
246.936
257.714
247.799
220.691
243.441
179.507
180.196
284.418
281.251
190.722
263.973
232.41
271.654
233.399
238.077
184.957
226.599
222.302
216.065
253.148
248.166
259.535
197.3
254.961
275.386
238.122
227.609
224.043
208.412
252.178
263.049
230.267
275.837
201.078
282.239
224.105
218.212
244.315
278.649
217.689
277.683
282.957
199.945
262.111
210.528
240.989
187
238.143
145.683
132.775
159.225
98.8586
137.274
169.449
120.677
100.266
172.016
127.971
111.727
99.8944
166.524
135.575
90.1619
109.187
119.194
143.221
157.372
155.337
156.204
104.865
107.394
102.89
144.05
163.736
149.995
167.679
81.9592
114.808
138.646
110.073
162.428
133.797
91.9073
157.655
159.992
144.943
111.325
167.28
124.653
88.1011
79.7632
177.514
123.888
132.141
110.729
163.238
166.9
81.2057
139.328
162.376
163.827
159.485
140.533
80.987
93.3937
120.442
94.281
163.587
121.225
119.411
136.961
84.8759
165.851
109.237
151.246
130.216
132.147
148.766
157.016
150.759
102.842
128.051
119.645
145.5
146.167
178.785
87.7589
177.107
159.263
97.6335
91.1519
159.522
100.549
106.21
111.896
122.714
117.544
131.156
154.454
123.888
142.643
93.7936
97.3694
87.4647
126.375
108.465
157.216
104.63
153.981
136.7
163.198
89.9922
127.108
121.51
105.942
107.194
111.601
132.734
122.346
160.607
100.975
84.4855
82.8719
148.256
119.401
158.769
156.977
159.226
115.989
159.256
154.678
120.623
130.748
129.458
136.805
105.309
151.217
134.217
158.378
79.976
147.402
171.619
153.263
121.312
151.029
88.5894
156.909
164.785
124.551
108.565
121.878
161.8
107.614
88.2692
165.171
176.115
106.424
114.667
171.215
80.9955
146.538
86.1135
85.4032
130.712
110.163
146.018
136.406
157.416
154.484
146.879
117.953
159.598
159.402
153.722
147.181
140.515
150.082
83.696
142.565
150.576
130.785
164.039
103.646
138.098
111.543
163.716
133.134
125.83
78.7169
96.2923
115.873
101.192
162.385
91.597
140.172
124.935
153.324
112.303
103.089
91.6078
124.634
113.581
104.208
139.844
102.426
114.512
166.301
101.929
185.508
158.54
175.55
80.5257
145.592
120.161
111.098
145.832
141.267
125.614
87.7304
143.193
93.2618
147.125
133.536
134.44
149.211
121.962
147.093
182.513
162.644
99.9247
71.6749
147.981
169.465
168.497
104.629
97.48
160.246
189.688
174.561
111.02
185.201
114.193
95.769
111.545
150.768
155.581
93.0127
141.868
135.375
135.16
81.4961
177.422
90.1072
148.155
172.522
133.59
79.7246
158.312
98.6673
144.37
159.318
152.979
125.692
161.094
156.579
171.123
83.7323
108.945
123.293
124.023
88.7572
186.094
137.904
145.684
107.392
92.0012
135.802
127.737
130.301
114.413
160.923
172.334
147.894
126.978
167.66
168.368
89.427
159.398
123.612
100.511
143.841
145.074
165.8
124.846
155.929
100.019
103.768
173.098
169.978
90.4655
109.954
167.185
114.041
141.56
144.666
171.423
148.364
156.601
91.5793
134.164
104.786
148.559
109.847
169.638
99.4645
146.652
138.343
101.648
133.852
137.241
185.589
96.6664
107.802
90.321
132.134
89.5939
118.589
120.514
137.442
87.5828
141.538
145.253
158.161
152.783
140.982
112.691
136.803
110.127
162.801
117.513
132.868
73.8869
125.922
139.267
163.214
132.812
85.2963
119.192
163.412
137.138
82.3566
112.84
117.943
175.302
84.6638
128.372
144.012
171.824
105.358
171.754
122.263
192.731
77.3544
112.711
186.639
108.582
162.222
110.808
159.301
147.485
123.806
127.241
184.215
126.639
144.682
131.476
98.2683
160.813
186.361
172.259
99.2986
86.3114
115.29
73.679
178.929
142.798
175.186
152.006
157.775
90.3912
160.748
144.004
71.9897
137.789
141.977
179.441
145.128
86.8725
127.858
92.8236
76.0348
146.488
150.107
167.783
158.769
105.356
138.503
181.84
154.791
163.281
190.635
154.668
135.243
177.793
146.572
105.869
177.715
190.631
86.7457
139.653
86.5763
108.818
134.57
86.3117
135.7
146.716
110.884
167.326
147.64
145.524
171.525
157.042
177.339
152.996
118.405
129.994
150.441
162.121
107.541
149.689
184.12
151.438
161.109
168.044
82.4313
118.154
106.471
98.1418
146.749
168.198
142.232
102.768
136.773
163.06
87.1527
134.51
122.135
161.433
73.4265
148.177
149.072
155.063
166.598
151.31
107.849
170.767
162.612
128.361
140.808
165.468
176.456
168.765
135.28
111.179
133.281
139.981
162.969
162.778
138.295
142.786
170.258
83.225
155.956
165.465
112.103
92.8043
174.486
96.9815
85.0653
128.423
85.7049
94.2804
165.56
190.304
91.5176
164.053
165.151
123.713
176.634
186.759
162.14
140.142
168.147
181.049
137.514
172.293
140.991
85.6497
75.7709
138.143
90.6614
151.897
141.688
105.396
73.9833
117.996
147.366
102.539
106.332
137.301
77.7563
160.201
148.014
188.826
131.751
182.568
135.83
176.774
130.133
132.235
144.668
135.338
121.433
102.389
119.707
123.16
147.364
90.7579
145.894
152.6
166.577
150.251
154.71
147.669
174.891
143.537
79.4732
96.1957
138.551
100.093
182.848
143.276
109.182
154.279
138.52
129.964
153.711
153.511
127.565
147.451
134.771
175.511
114.442
136.662
158.317
137.399
166.155
77.4195
113.013
119.109
145.071
93.3084
148.24
123.718
163.141
166.858
89.8473
134.324
113.231
140.255
193.3
172.345
93.0193
115.578
72.5827
132.052
179.169
183.206
160.914
102.498
142.369
146.531
146.622
148.474
120.509
142.229
154.608
137.191
105.423
168.576
164.515
165.804
150.936
121.863
188.709
152.784
141.09
113.486
-8.44725
-23.8861
35.1178
-3.79714
70.6419
24.7169
13.236
45.9508
2.66511
-0.520175
25.5212
-26.3543
54.0496
51.1181
57.3649
52.1996
33.2576
-10.321
45.0913
-20.1942
-14.0644
7.4804
51.3169
55.8612
-6.21643
35.1765
43.7339
1.94719
63.9592
-4.70956
25.8854
4.31682
59.4464
10.5743
60.3381
23.7197
4.53288
4.81859
-11.5815
45.3037
6.7052
41.1861
-5.58401
-7.7976
-7.68759
-0.785193
34.7823
55.7339
53.8038
3.39467
58.5183
-1.00877
-9.60949
12.4437
-0.164532
15.8762
65.9247
13.5326
52.8614
58.0372
12.9135
55.7279
-2.52015
0.693784
48.0531
43.6921
48.0686
33.2293
-27.0515
-7.51692
10.363
21.7679
-10.9089
61.7307
7.29203
4.79278
45.1387
5.71783
44.5109
-9.65412
13.3924
-0.663489
8.71167
27.1877
-14.7676
58.3608
75.0305
-20.2723
2.98394
31.002
47.665
4.06156
17.0883
2.24088
22.7921
48.9
-9.4037
34.5431
-25.0678
20.4912
-13.1162
7.55921
29.8187
39.0517
69.6188
53.0677
18.4628
54.0358
30.2978
54.2172
66.5745
-13.1509
42.8419
63.733
19.4786
14.2443
74.2473
30.5775
40.1096
31.8172
37.0781
28.3652
-0.718052
5.42727
7.94695
41.468
34.1089
48.4882
19.3477
36.5527
-10.2789
10.0194
27.2948
-3.27922
18.0972
-11.8755
34.6571
48.0453
59.0663
3.48907
46.902
17.225
49.316
62.9096
-21.7349
19.4792
61.471
24.7083
-26.428
74.3202
66.8092
-19.1861
2.05754
45.1455
-0.264012
3.97894
69.6029
44.0961
65.757
74.0696
15.469
-7.78865
35.2116
18.132
16.1872
36.0887
77.8662
28.1175
73.5279
-2.77968
0.710498
21.5615
62.7095
31.627
46.1931
34.2565
42.0512
46.8989
-2.83482
61.1385
41.9846
74.2556
26.4504
27.8961
19.2516
40.7933
6.66086
4.00997
3.80409
-16.4789
-22.0395
57.5508
41.1034
26.1617
-21.6237
3.08867
39.7893
63.0898
33.2207
24.7328
-104.009
-115.543
-30.9652
-42.0544
-82.3203
-15.6468
-79.4791
-62.9735
-12.1808
-10.8377
-76.9499
-93.3775
-48.7709
-30.1771
-85.3645
-48.3108
-28.8656
-84.6932
-30.6546
-44.5575
-57.2534
-59.0645
-50.7847
-38.4181
-61.4279
-35.7941
-89.1563
-24.8661
-95.9188
-83.5846
-88.2731
-62.1291
-19.0935
-105.659
-80.1816
-98.9886
-71.9949
-47.965
-62.2164
-33.7378
-102.13
-106.406
-95.3154
-46.9142
-120.392
-33.9533
-115.209
-60.3401
-81.2202
-37.0282
-50.0709
-46.8774
-111.691
-40.7034
-88.1404
-91.2919
-74.6237
-41.5712
-33.1421
-73.8307
-82.0399
-55.0634
-109.241
-10.409
-69.8707
-84.02
-94.4814
-112.075
-52.097
-53.1129
-11.5196
-67.3899
-75.0144
-41.1131
-127.531
-106.276
-70.2014
-67.0011
-45.398
-46.6724
-56.6169
-71.4799
-10.467
-107.643
-21.6807
-66.7413
-58.7252
-31.5311
-24.8453
-34.8674
-64.5697
-64.3601
-102.298
-85.0144
-78.1377
-118
-9.09221
-35.0393
-16.9054
-41.8667
-110.745
-56.4517
-27.1907
-45.1316
-29.1219
-104.733
-95.9899
-116.401
-34.9306
-111.51
-37.352
-62.4099
-90.7425
-97.8158
-37.6809
-26.2922
-66.043
-63.8535
-57.0177
-55.9055
-71.1888
-42.9006
-85.0117
-46.0868
-38.248
-80.0151
-36.4073
-58.0261
-107.211
-58.691
-97.4342
-35.8245
-45.9547
-23.6904
-20.9492
-63.3941
-65.9357
-41.2615
-90.8433
-80.2521
-117.345
-92.2413
-98.2634
-51.6006
-32.5307
-114.501
-80.7624
-62.3764
-73.0912
-67.7267
-91.9334
-85.1496
-43.1644
-109.777
-54.5343
-30.9817
-116.966
-66.4703
-22.6046
-39.0648
-123.036
-23.7582
-86.8175
-52.4229
-22.9389
-106.701
-108.876
-51.5374
-25.5301
-69.8124
-89.6473
-50.2171
-103.316
-42.7586
-117.988
-107.793
-51.5315
-74.653
-12.2628
-89.6118
-36.4966
-34.0484
-55.7224
-46.3203
-29.7442
-63.2297
-104.829
-60.304
-49.076
-47.1658
-40.4572
-95.8049
-99.4465
-50.5806
-115.625
-74.5106
-125.125
-92.1707
-116.443
-34.4445
-84.0281
-23.5087
-108.253
-55.7529
-70.8135
-116.217
-86.9617
-76.7614
-20.2351
-24.5694
-52.4428
-120.181
-106.899
-49.0116
-54.7643
-100.423
-48.3942
-10.4177
-86.9254
-48.285
-68.5843
-7.79949
-12.2495
-99.9495
-30.1237
-86.8104
-52.4784
-18.5811
-49.2743
-97.7055
-58.5131
-27.7483
-61.7261
-53.8039
-88.8086
-13.1211
-17.281
-39.1702
-103.574
-52.5607
-72.4634
-74.0873
-48.8245
-33.989
-35.4521
-57.6978
-60.4021
-56.6255
-112.089
-97.1125
-29.4466
-29.015
-11.8027
-94.9384
-102.78
-82.113
-69.5535
-111.902
-39.1518
-58.846
-71.5038
-39.289
-42.2867
-41.8528
-46.2554
-56.4376
-120.535
-92.1082
-37.2973
-55.8722
-41.3956
-111.917
-115.764
-116.773
-77.0495
-34.1152
-47.3064
-29.7191
-46.811
-25.9012
-46.3436
-90.9273
-87.5798
-89.7689
-84.9682
-61.353
-73.879
-50.609
-70.8242
-32.7734
-82.17
-50.8654
-31.7699
-39.5626
-92.052
-116
-54.9617
-63.6641
-114.307
-78.6168
-13.7749
-62.138
-47.3893
-49.8537
-58.9775
-64.8902
-39.1462
-84.2395
-44.3209
-36.7188
-69.4466
-120.809
-108.781
-57.3181
-46.9804
-74.6663
-41.5755
-121.555
-101.832
-16.1426
-74.285
-86.6888
-25.1593
-21.1834
-12.8109
-64.5195
-126.52
-37.9482
-98.9227
-61.2066
-41.6367
-99.1968
-56.1649
-64.8985
-17.5661
-125.572
-36.7368
-39.7572
-7.05173
-38.1492
-76.092
-36.2112
-60.3569
-113.083
-72.7407
-53.5135
-18.097
-119.114
-50.3161
-38.8095
-28.3435
-109.801
-122.196
-78.4221
-60.1879
-94.0603
-32.829
-104.597
-104.237
-117.242
-67.1962
-97.3612
-48.7951
-52.0692
-36.9068
-18.4698
-104.326
-87.3041
-49.4286
-38.1399
-39.4759
-29.5991
-7.39816
-48.1642
-78.855
-19.5309
-93.5471
-8.95974
-103.48
-79.9987
-89.0682
-75.0598
-91.2839
-89.8932
-54.9527
-79.8158
-95.9236
-67.2398
-67.1541
-63.6695
-65.5349
-55.8252
-46.6074
-25.1668
-98.1388
-52.3848
-10.9005
-100.747
-24.8417
-59.5809
-135.863
-191.473
-192.954
-192.862
-158.894
-177.928
-145.139
-125.212
-130.031
-199.159
-180.887
-140.114
-122.304
-196.079
-171.702
-168.79
-192.979
-141.307
-150.691
-145.43
-176.818
-141.062
-207.685
-135.857
-147.98
-133.391
-200.643
-137.066
-173.336
-178.739
-154.22
-200.614
-189.591
-222.04
-185.2
-183.998
-228.057
-165.073
-178.52
-190.508
-127.325
-209.709
-174.293
-140.123
-154.502
-199.711
-139.329
-170.675
-143.798
-174.021
-180.341
-189.656
-187.087
-199.69
-147.717
-143.424
-165.983
-158.212
-179.981
-208.459
-148.177
-131.798
-178.509
-150.861
-142.309
-150.668
-202.397
-154.848
-215.686
-138.426
-202.937
-134.996
-171.436
-123.141
-170.667
-186.037
-149.381
-178.885
-172.432
-164.013
-218.319
-188.907
-224.538
-198.816
-176.978
-194.798
-138.126
-171.839
-182.746
-133.06
-194.92
-186.913
-142.766
-209.29
-191.118
-165.351
-198.719
-164.288
-176.954
-200.25
-172.671
-163.771
-140.468
-149.974
-147.009
-204.996
-160.762
-206.698
-188.776
-205.871
-199.335
-155.385
-154.772
-143.587
-151.376
-177.17
-214.826
-214.582
-166.12
-208.389
-138.099
-200.499
-189.687
-184.525
-187.153
-144.488
-203.56
-166.015
-162.704
-181.949
-142.481
-216.861
-126.307
-197.62
-142.878
-174.551
-144.405
-177.917
-151.538
-171.78
-212.989
-197.251
-204.666
-154.402
-154.816
-182.954
-206.691
-172.99
-196.555
-173.003
-162.426
-161.889
-211.811
-228.61
-152.122
-207.239
-190.533
-205.353
-175.489
-171.251
-206.358
-180.53
-191.579
-188.066
-217.873
-141.435
-203.024
-142.838
-197.218
-155.28
-153.003
-217.378
-205.579
-186.369
-167.334
-204.169
-138.39
-152.782
-168.8
-178.776
-211.769
-150.91
-155.363
-183.21
-188.228
-122.265
-141.827
-222.31
-171.041
-146.357
-148.931
-179.099
-207.475
-183.287
-140.122
-143.67
-177.252
-168.312
-169.244
-158.259
-130.966
-144.422
-174.653
-112.272
-120.931
-176.603
-103.211
-147.445
-109.734
-169.463
-122.41
-131.483
-182.211
-209.108
-184.506
-163.901
-162.599
-145.724
-189.018
-197.727
-211.187
-172.554
-116.246
-167.057
-158.726
-159.079
-191.324
-118.709
-200.036
-200.056
-167.227
-223.021
-187.208
-208.079
-181.899
-129.282
-143.912
-163.404
-206.911
-182.208
-219.231
-142.879
-135.091
-120.433
-209.284
-142.847
-158.001
-143.45
-124.767
-136.752
-135.45
-212.733
-166.397
-147.53
-180.652
-158.121
-185.46
-110.571
-161.872
-120.032
-160.721
-114.926
-206.514
-175.142
-169.138
-210.052
-181.11
-171.325
-221.771
-179.874
-148.135
-133.351
-162.027
-134.186
-158.204
-172.475
-189.702
-138.199
-220.849
-176.921
-195.757
-164.763
-114.025
-179.736
-145.553
-140.106
-159.368
-150.803
-148.965
-109.942
-179.708
-118.4
-146.808
-124.367
-145.388
-140.446
-182.149
-225.628
-195.185
-123.067
-138.514
-219.424
-175.625
-209.651
-155.097
-104.758
-139.186
-194.945
-187.807
-168.699
-123.221
-167.291
-205.853
-203.7
-230.22
-190.818
-210.042
-139.335
-144.898
-144.574
-130.211
-194.175
-120.869
-148.588
-169.722
-195.221
-161.513
-184.418
-169.04
-224.372
-196.518
-139.894
-159.804
-130.421
-157.52
-131.725
-194.047
-149.801
-164.611
-134.867
-163.926
-215.4
-221.717
-120.645
-197.972
-215.671
-174.941
-152.156
-125.783
-151.75
-190.317
-119.877
-170.357
-209.395
-140.143
-117.576
-193.094
-183.824
-185.18
-219.409
-160.664
-220.155
-160.284
-115.246
-181.546
-127.727
-217.575
-134.871
-143.283
-164.876
-203.125
-150.768
-126.56
-203.595
-180.778
-114.333
-193.625
-171.492
-160.969
-165.402
-151.127
-173.025
-154.122
-167.295
-203.404
-173.386
-185.88
-181.91
-215.333
-210.208
-123.902
-127.801
-183.337
-212.455
-156.177
-151.137
-150.815
-115.923
-141.226
-186.229
-185.211
-136.229
-173.75
-103.143
-177.668
-143.072
-193.94
-171.758
-159.047
-140.48
-148.164
-112.411
-171.923
-213.594
-123.476
-161.026
-201.216
-172.527
-103.383
-224.929
-175.149
-147.835
-182.566
-162.447
-157.925
-165.099
-122.459
-165.39
-138.523
-136.287
-146.722
-138.881
-156.651
-124.127
-209.976
-203.294
-184.968
-143.837
-143.074
-120.068
-151.488
-160.887
-124.151
-181.157
-183.464
-221.63
-151.77
-149.975
-119.727
-173.242
-173.23
-145.787
-214.738
-107.123
-204.792
-219.728
-172.754
-136.964
-193.145
-182.04
-203.026
-161.945
-197.303
-181.507
-166.412
-150.892
-141.449
-134.933
-133.446
-141.188
-187.731
-220.087
-171.672
-179.223
-141.204
-163.231
-145.363
-183.517
-173.129
-207.217
-134.3
-216.779
-145.048
-162.021
-187.076
-123.654
-140.107
-153.344
-163.14
-178.291
-201.819
-164.599
-151.277
-212.138
-160.617
-188.883
-124.72
-219.958
-147.875
-155.296
-127.415
-121.007
-133.988
-150.999
-134.461
-173.876
-138.925
-200.624
-196.149
-152.081
-159.333
-154.703
-131.064
-175.285
-200.082
-146.603
-148.536
-165.88
-139.592
-188.157
-120.766
-108.213
-194.393
-151.189
-176.243
-143.502
-126.323
-154.167
-160.557
-195.531
-178.759
-166.859
-143.009
-145.514
-160.074
-182.408
-185.291
-187.441
-136.668
-202.141
-180.863
-126.597
-137.712
-164.502
-142.238
-212.71
-129.67
-161.425
-148.534
-125.465
-162.815
-219.436
-138.265
-170.857
-189.942
-142.927
-150.544
-208.297
-181.383
-151.585
-174.415
-132.337
-132.24
-179.319
-160.732
-145.54
-133.958
-133.194
-107.355
-203.974
-189.893
-213.916
-187.885
-149.13
-117.863
-175.887
-128.013
-110.619
-212.253
-215.007
-215.62
-161.705
-230.465
-147.475
-213.293
-161.4
-124.957
-193.162
-169.068
-139.928
-128.48
-169.73
-169.717
-130.285
-146.056
-196.379
-142.308
-120.043
-170.907
-129.952
-296.727
-285.995
-245.959
-271.893
-268.243
-270.145
-257.717
-232.599
-293.437
-285.844
-273.99
-301.617
-228.967
-248.795
-227.164
-272.424
-247.216
-246.769
-301.655
-284.888
-252.722
-322.72
-290.355
-313.064
-255.032
-230.574
-249.451
-255.906
-300.337
-260.046
-254.269
-248.502
-311.94
-303.232
-241.262
-270.817
-231.14
-297.26
-250.622
-301.846
-295.676
-304.372
-266.038
-250.147
-259.408
-244.586
-281.305
-291.113
-326.755
-257.276
-244.305
-240.391
-257.053
-307.271
-267.111
-244.299
-294.761
-313.747
-229.793
-243.621
-321.791
-259.304
-293.985
-250.093
-256.509
-236.511
-294.522
-296.501
-248.447
-282.584
-302.985
-288.762
-271.478
-285.902
-312.602
-282.367
-239.984
-232.26
-234.677
-238.968
-269.54
-316.152
-271.68
-283.629
-273.779
-270.468
-245.616
-318.682
-279.101
-245.85
-304.006
-261.095
-229.622
-266.106
-251.707
-235.581
-227.509
-260.43
-271.788
-266.548
-309.574
-266.985
-246.522
-253.079
-277.494
-263.052
-314.41
-258.143
-278.736
-252.353
-324.106
-306.496
-263.663
-325.948
-247.052
-290.07
-287.781
-251.751
-275.017
-246.301
-293.56
-286.543
-297.193
-310.372
-302.365
-296.628
-293.698
-295.776
-251.329
-319.995
-258.297
-282.775
-302.795
-268.746
-245.277
-252.477
-278.989
-250.401
-249.866
-236.015
-269.901
-315.781
-268.647
-259.462
-314.546
-271.859
-270.392
-249.282
-270.357
-282.959
-296.813
-302.882
-276.474
-245.701
-311.603
-278.438
-268.647
-243.396
-248.041
-278.079
-230.258
-325.349
-268.85
-263.606
-299.214
-256.554
-234.055
-266.545
-268.298
-287.132
-295.628
-267.118
-287.222
-307.696
-286.587
-293.475
-245.831
-300.081
-270.41
-240.477
-303.385
-272.795
-250.42
-279.415
-293.38
-289.229
-290.178
-289.21
-263.14
-253.338
-290.66
-234.283
-292.833
-237.032
-281.451
-308.629
-234.763
-286.204
-239.413
-291.162
-93.807
-114.761
-82.7727
-62.705
-60.1131
-111.848
-121.116
-39.0687
-116.185
-85.8135
-68.4517
-94.0817
-63.4338
-99.5286
-65.1725
-50.4555
-69.1482
-67.4949
-36.062
-61.3945
-25.5501
-23.3044
-109.484
-111.08
-35.7936
-60.7051
-23.0762
-64.4654
-103.516
-107.928
-57.0687
-107.419
-94.4096
-97.1538
-43.124
-13.0931
-79.9676
-72.1933
-25.3325
-51.6931
-56.5358
-101.512
-20.5377
-34.4008
-122.22
-34.2908
-19.9484
-129.522
-75.166
-53.4719
-64.0406
-71.8918
-36.31
-72.0739
-113.729
-31.4979
-4.56783
-112.839
-58.9581
-100.328
-35.7557
-91.0588
-69.8986
-32.8598
-38.3931
-116.44
-36.2929
-116.424
-11.7954
-39.7913
-91.8179
-31.0525
-37.518
-77.3503
-85.5429
-87.6563
-123.473
-28.6683
-11.4886
-30.0285
-35.2574
-24.3849
-39.6407
-35.7793
-19.1816
-18.79
-96.3598
-89.2389
-56.7541
-41.6179
-122.246
-81.8185
-81.0367
-59.2323
-101.78
-34.1181
-86.9736
-76.5918
-119.482
-43.4699
-103.368
-28.9832
-75.9114
-41.2531
-98.3376
-93.7379
-11.6221
-56.3836
-61.346
-60.1852
-36.8073
-36.0104
-17.9387
-51.0364
-85.0313
-57.6156
-117.144
-34.5563
-47.9244
-18.8492
-55.395
-47.3515
-50.8537
-63.9584
-78.2367
-63.9915
-105.433
-56.085
-44.0032
-51.723
-5.13857
-53.3966
-113.663
-101.222
-112.516
-22.6782
-32.8331
-48.4611
-50.4137
-61.6588
-66.4642
-130.117
-50.2635
-18.9213
-110.638
-132.028
-60.8858
-48.494
-116.887
-87.8785
-101.789
-71.8274
-49.3409
-64.0075
-47.8191
-43.6131
-105.077
-47.1456
-93.4226
-32.5132
-34.4311
-43.5827
-82.5772
-35.1553
-34.3118
-25.88
-43.555
-81.9232
-52.7826
-53.5769
-73.0729
-12.1452
-60.9211
-20.1489
-77.6504
-84.7128
-30.3342
-76.8031
-46.4373
-53.1097
-25.1031
-38.9438
-29.2273
-72.6565
-70.1449
-117.431
-18.6509
-22.4956
-94.6718
-105.909
-28.3162
-29.2186
-114.726
-52.642
-80.912
-105.491
-83.3849
-37.0532
-31.3638
-68.7797
-69.5132
-74.1403
-79.5948
-60.7609
-55.602
-43.7854
-62.6353
-8.99647
-83.5468
-102.234
-64.3567
-42.819
-112.481
-60.6291
-72.4304
-16.2016
-64.0982
-39.483
-45.438
-35.233
-35.5978
-21.4572
-70.8594
-28.8738
-119.968
-59.3887
-63.2344
-32.9957
-48.3534
-58.0961
-42.0344
-115.158
-58.725
-24.4192
-112.533
-35.5268
-64.283
-29.6808
-34.2996
-14.0131
-64.4217
-18.3378
-48.0474
-62.7498
-27.0048
-107.394
-71.8516
-92.6374
-57.564
-83.2743
-21.2749
-99.5763
-16.1784
-59.9014
-121.015
-32.7964
-72.4235
-56.3706
-35.4777
-92.3401
-32.1457
-95.3185
-44.8858
-21.7842
-68.249
-82.7756
-117.456
-17.2914
-34.5522
-41.7604
-44.6903
-112.463
-87.9858
-77.3504
-31.8451
-108.041
-84.7262
-93.0293
-21.4452
-72.3572
-16.1082
-64.2487
-24.0914
-119.536
-30.0097
-65.0543
-34.234
-88.7671
-44.3019
-50.0236
-47.723
-28.4154
-76.1588
-106.495
-56.4804
-62.355
-70.1419
-52.0491
-46.0012
-113.551
-35.6644
-21.8251
-90.3114
-68.8866
-37.5275
-46.7571
-98.1794
-74.8603
-37.8561
-77.7127
-113.274
-18.2776
-50.5957
-33.3004
-87.5684
-82.4295
-38.05
-10.4893
-63.7343
-96.7622
-85.5132
-71.1775
-117.278
-57.9875
-99.8743
-68.4634
-128.525
-109.772
-128.878
-73.4357
-92.002
-62.7988
-56.7799
-103.374
-34.536
-18.7577
-84.1696
-97.2576
-32.4932
-29.7359
-61.8585
-54.6844
-69.9791
-29.9823
-50.2584
-101.881
-50.3367
-47.5194
-66.2606
-37.6082
-38.8056
-64.0284
-68.3776
-30.5085
-43.027
-65.9918
-14.0134
-41.3044
-23.7261
-68.2967
-109.192
-96.6191
-55.4538
-26.4942
-62.4662
-108.889
-56.4482
-114.418
-91.2031
-93.0546
-42.5444
-47.3048
-72.3875
-85.955
-51.8336
-50.866
-17.4525
-113.472
-65.0881
-81.076
-110.649
-50.0835
-41.3773
-67.4114
-76.1031
-34.8881
-88.381
-111.552
-62.7577
-30.8976
-8.08097
-24.4694
-27.65
-44.6786
-14.9932
-55.4443
-90.4096
-53.3447
-92.8355
-33.1645
-142.823
-214.592
-133.194
-177.06
-135.123
-163.946
-164.057
-157.123
-187.751
-212.788
-136.222
-157.323
-134.774
-165.729
-185.193
-137.883
-171.588
-160.93
-203.02
-194.899
-191.132
-149.444
-211.145
-229.787
-153.026
-161.477
-160.023
-212.144
-125.792
-205.257
-129.227
-222.111
-168.996
-204.879
-158.99
-173.332
-144.207
-141.833
-181.673
-185.145
-151.231
-181.406
-140.58
-220.184
-156.725
-186.807
-161.197
-135.887
-213.73
-165.141
-200.563
-218.766
-190.166
-205.579
-128.79
-163.059
-147.695
-191.879
-146.285
-184.078
-196.87
-207.94
-135.105
-201.69
-189.635
-132.377
-137.819
-137.378
-141.784
-145.869
-204.627
-177.285
-170.832
-203.652
-200.941
-154.872
-139.152
-153.893
-141.874
-197.19
-187.501
-196.456
-132.721
-163.636
-178.357
-150.48
-171.132
-165.293
-189.173
-149.783
-193.433
-229.591
-210.019
-181.759
-122.695
-128.626
-208.6
-144.836
-177.968
-138.354
-154.724
-182.527
-163.554
-198.369
-170.028
-185.738
-162.192
-151.484
-139.885
-145.653
-144.373
-169.984
-199.923
-207.417
-140.371
-142.308
-174.789
-179.934
-180.836
-138.875
-151.794
-212.018
-152.075
-186.902
-196.015
-160.115
-150.437
-125.633
-136.196
-176.931
-186.528
-147.207
-169.031
-152.192
-196.188
-163.468
-198.309
-147.869
-209.249
-147.07
-144.759
-167.775
-219.606
-163.002
-156.555
-186.408
-171.629
-153.21
-194.472
-124.384
-169.643
-198.751
-138.389
-170.065
-197.021
-163.774
-165.766
-140.849
-154.743
-174.188
-133.444
-168.183
-145.107
-196.23
-183.109
-144.478
-142.068
-195.22
-228.063
-171.934
-190.814
-146.104
-179.182
-191.01
-170.217
-138.203
-135.233
-204.504
-171.109
-185.908
-207.939
-204.9
-158.256
-218.881
-176.05
-145.514
-227.518
-200.011
-134.954
-129.745
-171.67
-126.33
-143.137
-144.772
-145.551
-149.114
-175.969
-212.459
-188.237
-186.769
220.263
278.925
224.292
280.779
245.895
268.49
267.075
273.056
243.167
209.453
204.95
265.608
249.719
236.16
258.631
243.496
178.309
285.74
255.064
237.804
238.427
195.399
240.307
190.224
264.688
264.804
270.715
213.513
222.211
171.586
194.271
250.538
229.084
296.387
201.255
230.879
216.262
275.288
192.437
212.692
263.582
245.321
214.848
248.164
195.453
260.828
222.29
236.22
228.906
240.692
265.158
246.039
259.163
197.381
252.496
275.588
256.699
247.369
249.173
212.294
206.136
259.73
285.438
239.252
209.357
182.805
231.981
209.799
204.831
217.928
180.756
258.442
294.746
175.823
259.962
244.878
187.25
228.45
261.965
204.755
276.576
236.656
244.496
253.4
233.394
278.925
249.016
291.442
248.94
246.054
194.794
184.739
266.883
225.095
234.816
207.478
236.832
203.291
185.892
227.51
268.918
247.486
207.908
266.055
247.763
262.337
243.819
225.741
196.141
235.093
243.752
287.698
179.053
194.375
248.637
226.58
214.241
237.141
268.485
214.289
219.038
277.094
293.495
176.617
209.168
250.938
270.181
213.167
271.016
199.216
248.462
222.346
271.418
288.085
238.008
207.101
202.109
218.675
248.419
235.629
181.905
178.917
207.89
265.565
238.532
245.79
227.509
262.162
212.323
202.555
246.779
181.791
232.233
263.506
217.663
261.486
173.683
235.248
263.133
192.104
280.559
225.985
230.827
214.109
265.158
266.237
274.883
241.019
230.592
183.266
210.304
265.911
199.248
274.696
205.664
182.775
215.03
254.457
255.707
262.467
215.416
252.296
185.718
207.146
227.195
249.025
250.585
226.367
208.605
195.007
178.099
225.655
179.428
172.896
237.172
261.742
220.795
191.563
207.36
267.298
264.571
266.911
242.781
248.631
262.835
255.251
270.356
254.118
217.135
273.211
253.437
206.229
176.602
280.163
250.946
276.493
265.944
250.974
230.85
230.944
182.874
203.471
244.316
269.114
229.532
244.256
252.292
272.577
198.842
259.459
199.709
191.214
226.154
218.105
188.659
258.879
265.019
201.594
267.23
276.97
278.338
270.976
277.477
235.189
276.314
260.377
219.625
183.288
192.819
251.242
262.836
268.818
268.667
188.584
238.255
248.029
179.501
257.028
254.736
229.982
230.846
249.899
285.619
263.052
250.193
209.579
225.158
255.739
177.844
243.866
268.014
207.115
199.487
247.394
235.35
276.15
276.1
251.131
239.048
172.546
257.176
262.591
246.107
244.09
268.893
226.142
248.627
266.235
214.763
257.24
226.053
221.564
203.238
213.792
188.679
234.13
288.333
177.457
202.195
216.375
194.796
248.277
220.539
223.638
250.187
188.907
212.952
273.924
259.611
245.576
224.597
255.862
202.806
198.544
278.165
202.788
222.329
190.056
226.203
227.673
236.271
191.783
269.7
292.603
248.999
237.07
246.84
195.809
248.525
257.225
195.923
268.348
290.254
272.438
279.186
184.675
269.791
257.543
266.606
205.854
260.432
243.492
249.553
183.803
221.973
255.674
270.589
295.775
283.387
236.799
232.977
261.128
268.226
247.752
264.031
217.608
257.048
257.596
244.686
235.035
209.95
249.644
263.119
217.692
231.201
237.659
265.557
284.244
267.433
213.956
287.693
222.405
261.961
269.69
261.433
214.053
239.591
263.636
207.317
220.566
236.353
275.611
279.627
193.857
263.648
246.75
197.481
279.106
286.71
232.099
199.042
194.174
286.784
259.61
253.085
280.307
271.357
246.616
279.717
184.144
151.855
122.9
85.3764
155.247
92.8362
146.738
172.615
92.0467
99.2155
97.4135
97.4503
119.244
165.149
103.763
114.076
98.2375
83.5701
98.8867
174.862
127.698
145.552
125.094
113.159
128.934
116.242
135.483
164.569
143.24
94.1745
120.086
127.235
129.043
108.445
152.397
151.266
114.042
155.74
109.555
162.261
97.844
134.923
134.883
103.904
168.216
177.557
156.522
82.0523
99.2258
106.042
124.178
77.5878
89.1131
107.8
99.143
141.761
122.352
167.533
114.281
99.9529
113.401
162.739
96.3981
129.552
90.7465
127.93
126.449
88.7581
159.145
157.781
122.618
92.7112
128.899
165.299
153.502
156.141
87.8859
130.95
108.475
148.394
113.032
86.2125
155.992
115.34
122.571
125.402
125.375
101.307
176.618
98.4081
125.69
159.124
105.191
75.434
99.8999
146.921
118.335
125.189
131.494
164.615
140.912
169.648
123.042
94.1647
130.221
153.337
70.9978
98.8462
149.451
117.598
124.392
97.5544
131.359
150.757
159.881
96.2049
153.467
124.003
116.382
169.565
161.269
170.205
100.53
163.022
135.077
153.489
125.429
162.839
94.4127
147.886
167.249
149.4
150.722
133.365
94.8977
140.441
139.658
150.229
146.645
110.762
81.1859
175.731
128.026
109.19
78.2847
167.653
109.511
143.997
171.708
118.297
150.461
150.736
147.303
81.7567
108.747
103.379
103.725
168.13
147.56
118.047
74.656
114.789
161.577
178.927
164.123
160.006
99.037
103.931
102.759
109.052
79.3036
138.988
135.609
92.9579
103.722
128.88
154.991
119.03
135.151
111.798
140.669
178.576
150.465
116.302
100.547
160.64
138.827
155.225
96.4254
97.0358
123.131
161.304
130.231
113.467
162.268
163.679
174.74
124.054
92.0347
160.627
98.5515
332.799
300.797
361.509
288.728
365.567
287.029
329.064
372.064
297.403
358.415
364.698
316.588
326.136
287.13
322.894
348.606
357.921
353.614
312.897
300.448
319.683
324.728
353.366
315.942
355.642
329.144
341.393
330.791
317.493
317.524
356.97
338.167
270.977
323.343
329.438
379.204
341.15
393.592
325.511
328.53
348.954
307.622
339.015
349.406
335.423
329.247
378.303
324.265
284.809
373.718
315.941
368.92
310.089
315.564
342.966
351.913
290.397
311.592
290.611
319.993
325.539
378.771
304.649
300.031
375.871
353.226
312.834
371.821
286.528
318.996
304.567
368.312
359.916
289.167
332.273
346.65
286.595
295.154
299.783
349.209
311.384
294.818
275.703
375.674
327.79
293.756
281.405
392.066
383.035
310.024
382.367
330.579
362.274
377.789
381.498
289.268
335.565
338.177
362.274
370.38
282.542
312.758
307.067
355.928
310.498
389.76
351.285
283.731
333.121
354.32
387.092
366.756
312.414
313.653
348.086
342.782
346.476
352.728
276.091
346.555
328.759
351.408
316.358
367.871
339.652
334.085
318.223
362.33
364.352
320.291
368.66
331.154
365.521
344.121
353.939
350.37
314.784
377.842
335.762
332.014
349.972
358.863
278.879
343.776
382.406
294.948
342.401
358.158
318.622
330.056
361.073
332.883
367.129
363.092
374.494
353.692
376.551
308.19
328.924
364.416
347.583
320.004
388.111
310.233
301.54
338.013
315.694
392.593
352.05
350.986
349.168
327.49
361.788
369.344
311.919
320.324
296.153
376.479
357.576
341.357
370.606
346.248
345.26
371.829
362.23
277.358
304.382
329.217
306.69
383.43
347.112
280.103
365.846
363.049
330.405
381.263
331.325
383.79
325.975
322.49
334.662
325.83
365.752
337.133
302.807
358.611
359.586
308.499
350.778
369.65
288.317
328.154
347.772
372.114
337.387
297.509
316.891
308.308
308.709
361.375
275.297
267.971
328.24
339.119
382.429
322.537
376.387
322.198
334.493
288.051
322.013
364.567
337.598
369.757
339.559
297.916
364.502
347.351
274.719
309.091
301.107
342.805
349.362
286.102
361.529
359.017
339.95
370.292
354.159
352.374
349.463
325.536
360.344
276.958
312.044
355.853
280.056
394.64
289.165
287.969
332.303
371.318
362.722
377.074
373.977
393.638
332.712
318.201
367.182
344.939
312.164
322.212
352.71
287.343
304.356
301.033
296.209
303.686
389.089
359.129
366.159
352.071
352.422
343.382
354.976
300.045
329.439
295.852
342.844
316.045
357.288
397.373
321.133
358.233
287.843
332.756
294.16
342.119
311.169
375.609
300.82
349.963
310.574
385.496
311.065
347.318
286.707
311.88
318.585
374.747
358.485
303.286
376.632
362.24
336.123
339.63
360.971
322.258
328.733
367.291
278.263
367.797
372.017
351.766
383.15
351.216
317.606
349.575
286.709
363.12
276.818
337.992
341.085
314.628
370.645
309.132
375.875
317.437
336.603
356.957
296.291
287.11
316.701
339.596
340.359
351.435
324.978
391.872
373.014
299.358
326.099
363.452
329.393
367.163
307.587
346.287
327.932
316.6
354.606
388.177
322.948
364.295
309.774
381.048
307.359
331.231
343.878
294.982
373.458
390.29
288.679
310.526
287.653
324.967
304.914
376.461
366.839
360.109
320.675
295.903
325.754
358.731
303.258
318.345
318.956
311.005
363.333
316.76
342.418
362.159
334.887
338.748
370.887
308.529
291.58
328.38
290.334
314.184
328.264
332.053
213.558
245.019
243.37
261.285
239.023
206.655
250.352
231.028
214.508
257.925
201.665
177.051
262.047
240.2
262.108
214.996
202.375
204.151
178.636
218.134
217.99
252.978
198.262
249.685
271.564
215.048
209.964
215.045
234.459
200.189
201.658
251.165
240.447
198.891
214.595
264.84
260.942
194.984
214.442
242.193
229.15
230.548
203.513
231.976
241.264
215.092
193.396
198.39
223.283
203.831
219.42
219.16
221.728
207.626
181.357
175.819
200.191
261.756
211.558
189.799
227.862
197.696
234.738
244.495
208.638
248.757
209.626
202.917
222.773
212.795
236.336
275.575
197.255
226.493
270.427
261.635
246.867
247.406
246.493
234.901
218.282
212.758
272.411
206.247
198.852
235.788
223.034
171.847
243.714
197.863
208.17
205.572
204.175
258.09
236.074
228.299
256.928
213.67
209.371
209.783
209.796
235
203.487
230.056
238.689
253.07
209.436
252.135
192.734
230.186
217.75
197.423
204.907
258.883
269.683
220.631
207.984
248.562
248.635
226.576
205.475
262.344
264.254
260.131
260.937
242.625
240.594
182.486
270.501
245.51
209.187
178.069
244.253
266.609
215.374
189.505
257.286
215.533
250.379
240.714
226.16
221.027
216.264
192.858
203.038
188.831
262.526
242.343
225.733
179.175
205.629
210.859
207.79
192.359
193.649
196.805
213.949
216.346
199.112
275.796
192.982
251.489
196.045
255.255
194.139
227.42
268.102
239.575
256.365
209.623
238.396
192.996
191.946
181.596
179.243
225.011
247.506
262.105
219.676
269.137
189.025
269.011
245.497
233.588
264.148
190.272
265.302
245.343
213.837
264.875
241.956
237.943
216.54
209.292
195.587
229.529
190.351
227.614
221.985
229.327
370.315
449.93
441.971
440.247
467.373
472.349
432.643
463.57
415.153
469.205
448.653
430.652
424.245
424.808
449.101
443.562
436.435
392.531
470.523
489.766
445.646
452.764
403.673
439.049
421.895
451.767
434.779
426.341
447.508
443.421
425.857
433.663
486.766
482.713
463.972
495.537
446.592
388.437
456.047
475.96
439.902
383.561
441.766
460.932
421.138
449.578
397.22
429.137
444.866
404.876
418.624
424.144
410.131
392.87
416.619
429.539
461.261
390.483
431.69
424.274
455.321
387.264
491.56
370.133
481.742
417.686
387.113
429.064
426.113
434.83
432.762
401.73
438.76
478.83
460.098
467.911
463.401
460.151
492.545
413.551
384.076
483.758
413.468
464.989
439.706
479.737
418.194
450.323
444.649
397.596
460.375
392.237
412.735
425.762
471.198
475.278
453.905
441.949
420.184
486.793
378.202
493.454
479.954
371.699
453.268
431.741
425.962
451.91
434.168
464.581
380.079
466.928
457.175
453.81
385.579
475.639
419.482
415.475
385.727
427.531
425.188
443.249
439.546
373.434
394.476
379.17
449.54
482.744
377.812
448.82
431.148
386.21
439.674
449.511
443.939
482.556
431.927
392.37
412.238
469.303
432.344
420.112
434.2
434.747
478.241
421.709
459.622
432.343
443.337
396.706
431.411
489.908
393.694
378.105
376.929
418.517
409.257
418.128
401.387
389.573
439.461
434.67
415.841
438.538
410.982
437.357
480.248
442.518
377.773
426.704
425.511
417.188
374.209
433.222
445.701
394.947
394.366
408.571
427.015
401.964
447.343
412.073
475.05
472.257
471.888
490.106
449.606
461.661
389.313
377.92
423.087
446.851
464.517
472.054
404.518
382.319
474.773
461.41
455.128
448.727
422.048
451.654
436.118
413.016
377.512
419.497
405.293
463.364
408.236
433.583
458.478
464.341
420.894
464.434
433.229
455.196
464.265
481.062
406.487
433.455
428.404
421.874
402.383
481.949
444.4
422.801
455.478
382.867
414.945
459.064
474.207
440.997
425.168
421.628
467.693
393.911
474.487
380.069
456.076
417.834
404.908
430.605
466.564
413.504
459.844
398.256
441.606
459.155
438.123
464.16
392.051
434.69
463.546
444.444
457.364
405.496
490.066
469.449
396.221
430.677
399.101
471.06
492.471
474.581
455.853
439.617
387.98
441.75
437.957
463.219
456.287
474.729
373.162
400.54
468.104
381.407
443.897
412.743
412.121
463.14
369.8
411.67
427.683
461.893
441.106
416.675
455.628
395.978
485.665
402.457
448.335
406.797
451.621
422.551
380.304
436.949
438.784
410.237
434.632
466.798
419.617
448.332
444.043
469.938
446.484
379.208
420.606
430.222
442.223
434.302
418.728
450.921
410.811
410.708
471.269
456.794
446.311
455.727
406.222
468.665
487.813
451.309
488.932
381.826
395.549
433.969
473.462
450.854
476.843
392.308
453.982
397.972
440.655
462.483
446.035
392.587
434.598
436.643
389.639
464.667
377.222
467.777
426.809
436.496
463.344
397.111
464.173
441.509
489.712
411.137
457.641
449.276
465.752
428.554
433.815
383.052
496.697
464.758
391.221
454.693
395.705
486.771
470.271
446.918
384.026
401.142
464.834
453.631
457.392
462.831
465.409
408.717
436.455
465.984
475.314
477.394
397.767
406.386
390.437
419.38
407.945
432.438
439.711
477.456
395.709
436.815
393.402
433.494
383.033
385.61
413.026
422.386
407.746
430.758
437.007
455.26
431.013
447.146
410.791
434.184
303.766
314.949
341.15
284.199
341.66
318.661
319.319
348.831
321.43
352.814
365.637
320.624
347.465
323.1
371.305
301.228
282.945
310.627
281.352
306.664
359.951
298.178
322.083
296.524
326.635
319.151
321.138
334.652
347.118
323.644
301.656
322.099
295.031
350.908
337.001
356.783
336.794
350.153
342.594
301.175
336.277
302.056
334.011
361.23
355.527
346.009
336.543
290.079
296.41
296.225
326.947
338.204
284.286
338.71
348.366
335.652
282.685
307.279
365.161
303.459
314.635
374.659
277.128
325.738
358.106
378.793
320.192
345.384
355.03
328.79
326.285
338.221
320.121
315.277
311.265
360.708
346.954
370.36
295.265
333.841
300.627
314.459
336.973
329.478
307.27
359.955
313.85
341.049
343.112
331.938
340.19
314.38
299.933
325.674
364.203
298.426
283.029
376.93
345.003
330.463
335.578
365.5
358.383
297.865
337.576
317.166
299.44
336.739
372.33
325.134
300.93
347.988
314.4
356.082
349.574
296.384
300.31
351.465
277.872
309.465
347.645
360.281
302.493
320.571
278.251
338.537
290.073
353.221
281.261
325.876
342.153
308.242
309.915
336.052
343.64
285.382
289.326
279.716
291.249
313.999
290.706
283.59
320.34
312.992
297.805
335.762
366.771
294.362
352.679
309.241
348.531
311.056
344.901
350.406
329.838
346.321
322.584
372.615
331.404
360.351
326.123
291.397
323.199
311.215
291.721
308.252
337.604
361.955
351.189
289.556
347.655
356.729
339.347
355.207
310.04
310.711
276.303
314.633
326.156
342.051
351.89
316.402
326.302
310.26
328.797
302.871
357.025
308.411
296.947
291.949
331.86
375.049
332.289
369.363
327.493
298.626
281.763
319.076
313.636
355.925
345.094
340.124
335.001
325.345
390.171
322.046
320.346
333.057
335.528
283.924
370.355
369.918
369.305
311.3
292.299
316.08
336.26
323.024
303.372
391.136
369.05
345.83
283.157
324.498
365.045
325.431
323.161
308.309
277.411
302.104
380.819
325.987
310.154
352.466
307.433
315.611
286.483
338.735
273.964
314.021
343.781
351.487
359.088
363.372
378.225
344.762
335.522
373.941
301.982
345.984
364.751
355.679
310.674
383.916
291.772
355.314
327.183
329.798
359.539
361.754
364.58
298.502
279.5
354.249
302.914
282.861
348.293
303.897
296.681
358.501
329.537
319.529
374.455
315.97
326.193
345.451
299.178
335.034
348.33
361.669
335.648
364.033
362.605
281.815
319.146
300.143
340.201
366.239
313.468
272.859
299.511
335.138
317.668
307.767
362.549
328.027
341.518
362.912
274.155
337.138
302.815
277.768
316.184
279.842
317.088
366.867
382.711
352.82
336.518
351.486
389.766
363.547
300.437
381.63
374.029
347.544
347.967
383.078
303.613
387.016
321.218
318.059
339.547
346.619
358.735
373.403
295.747
287.978
374.24
366.972
369.378
321.72
335.193
357.719
304.496
291.737
276.436
297.045
300.243
338.054
311.275
332.269
372.607
314.809
380.71
345.062
287.626
345.088
343.893
329.827
353.712
307.052
335.422
320.577
348.388
354.703
367
369.557
355.59
364.568
336.231
345.985
300.423
336.882
359.922
326.227
320.125
333.599
371.349
313.56
298.566
273.386
323.379
319.67
327.954
358.813
302.114
341.602
352.203
349.626
300.591
358.279
324.006
304.694
300.893
370.95
365.831
366.854
362.594
325.812
305.74
317.482
378.845
279.946
366.238
344.375
390.277
300.626
340.957
369.919
346.241
298.371
296.957
293.86
275.193
349.612
338.968
343.698
358.592
297.775
331.762
348.594
343.418
293.288
340.96
372.477
350.209
307.118
335.255
349.938
394.205
343.848
361.389
303.537
296.102
322.308
363.113
368.23
365.1
344.639
380.363
373.021
381.075
331.444
315.333
336.832
317.626
336.578
347.781
287.508
376.764
288.817
316.054
356.849
349.036
296.459
297.678
361.354
359.034
303.497
370.86
324.27
334.392
289.674
360.283
345.06
301.649
367.771
381.751
344.647
356.077
283.387
355.489
378.191
377.497
341.051
353.96
363.798
354.282
320.487
360.611
330.44
299.295
280.643
321.203
368.882
339.286
368.389
329.522
354.24
375.195
295.317
342.018
343.85
329.314
334.382
353.836
352.782
347.814
287.312
384.724
298.398
288.22
362.873
382.051
333.182
296.436
341.891
362.203
277.807
308.001
377.041
325.335
363.089
368.004
301.516
340.503
335.305
312.056
301.679
344
285.834
351.857
363.99
335.833
378.738
299.929
343.757
316.714
375.91
367.441
356.145
353.046
357.315
347.94
326.113
317.156
314.707
337.753
272.645
313.049
283.054
341.968
343.583
360.933
368.701
323.579
353.622
335.96
300.9
364.868
378.392
360.23
347.402
310.098
301.176
378.794
331.127
355.215
323.719
319.124
288.611
316.148
330.733
372.332
367.579
288.823
304.475
356.618
357.681
333.484
305.833
368.013
269.544
373.953
314.188
341.727
338.088
380.399
358.199
274.757
363.361
303.517
317.816
317.891
311.815
346.248
325.42
352.783
381.21
299.458
375.428
370.081
291.662
354.993
303.295
304.208
338.295
346.731
362.935
357.074
305.618
327.746
333.793
353.851
340.897
338.335
284.793
360.86
346.099
241.369
179.111
249.357
192.054
203.426
243.021
204.284
202.706
210.96
207.862
217.156
194.702
217.978
272.712
225.529
202
232.997
219.682
210.502
254.482
252.005
213.31
236.661
212.468
240.863
234
244.058
227.409
208.163
264.527
218.043
190.973
253.901
254
216.301
226.384
231.79
201.255
262.528
219.182
235.51
223.562
233.871
243.565
207.452
258.771
228.972
173.512
231.559
268.14
223.741
212.719
241.273
177.826
202.946
256.898
252.338
241.003
226.508
225.218
227.562
236.469
222.603
202.791
238.164
177.728
184.395
211.96
264.991
240.098
249.263
189.96
215.193
229.336
267.453
232.824
238.83
225.914
184.642
249.719
272.825
197.4
247.843
187.03
251.196
205.761
216.966
188.622
190.47
265.496
267.257
217.504
197.634
220.566
236.049
218.527
204.522
220.894
200.631
211.253
240.837
201.839
206.412
227.091
187.893
234.521
230.611
259.941
221.396
270.385
223.566
214.658
224.617
168.511
213.357
228.057
227.515
209.549
219.476
174.703
236.061
191.681
200.943
190.076
221.228
270.873
193.198
190.025
231.58
236.65
277.706
197.864
216.972
235.898
212.208
214.958
257.371
194.108
245.613
225.315
257.041
233.262
180.763
277.52
185.895
225.766
259.974
191.304
245.94
238.295
231.073
246.691
211.18
206.532
211.892
239.304
235.349
236.057
206.854
242.073
262.056
261.904
189.413
240.376
240.963
194.5
264.583
222.304
229.666
226.357
269.214
236.824
197.996
263.738
211.834
243.61
276.826
172.939
205.915
221.132
220.06
206.912
193.903
176.31
181.014
225.223
252.359
196.721
215.992
203.249
175.346
260.784
212.879
242.731
229.12
259.477
177.16
261.211
261.835
209.902
243.251
274.67
274.2
250.106
271.284
232.371
243.612
230.068
196.4
226.286
269.394
202.946
280.086
260.176
247.19
229.045
234.15
243.625
239.85
245.857
190.51
279.207
230.671
215.872
197.435
251.352
229.214
270.156
177.928
239.674
216.581
176.42
207.04
241.058
211.592
183.287
187.704
252.775
255.563
249.23
245.033
223.15
218.6
258.218
229.939
207.777
206.516
266.71
178.843
225.15
230.306
247.391
249.03
196.833
270.228
251.734
260.233
291.943
209.144
241.708
285.419
255.075
213.402
238.639
233.176
219.169
249.766
239.43
260.582
216.764
198.706
291.544
260.805
283.992
252.883
278.807
218.015
196.028
255.273
210.465
286.741
191.221
215.834
291.31
192.383
273.521
279.765
254.595
201.549
234.954
251.745
281.511
285.871
251.917
258.11
254.188
242.617
282.984
285.101
209.518
263.515
193.366
177.613
233.614
264.195
219.671
186.536
210.71
227.421
194.072
244.267
193.149
244.854
276.208
279.022
204.126
212.773
253.125
251.085
248.639
268.93
184.374
275.841
271.894
177.475
261.266
254.601
232.634
285.287
219.913
268.144
229.51
257.139
260.812
269.372
174.292
242.182
252.883
221.456
269.409
215.581
259.427
215.271
192.966
259.105
258.001
247.224
263.802
238.476
186.585
265.797
277.663
203.648
202.907
259.088
251.261
236.496
228.133
211.046
208.333
243.799
197.866
280.456
263.808
174.376
194.01
285.583
290.835
267.392
277.714
232.478
262.452
231.554
251.173
250.984
197.029
242.574
228.756
217.911
210.754
239.178
192.375
188.658
251.672
194.467
277.077
250.1
217.675
214.532
211.537
226.72
240.993
251.731
201.336
269.989
269.24
222.065
235.028
214.947
172.794
250.359
271.716
281.451
295.515
243.723
266.421
192.963
247.147
184.454
258.516
250.744
260.45
288.389
238.919
214.447
240.179
239.068
205.013
238.839
288.962
204.093
237.898
289.605
251.369
263.154
173.705
197.499
247.325
251.156
208.927
242.573
247.517
268.056
272.432
227.31
239.565
210.121
175.228
244.476
219.814
200.151
230.805
231.916
268.646
220.141
228.233
237.405
276.69
204.538
224.046
215.692
232.122
270.83
271.613
280.852
226.769
291.944
221.418
246.14
234.912
197.379
243.95
254.581
234.419
244.272
276.045
280.206
197.55
269.835
186.094
266.092
209.873
277.367
199.932
247.178
175.998
234.976
265.183
224.771
242.485
244.79
288.074
206.238
200.529
263.256
239.049
232.962
204.232
212.372
266.693
266.027
244.547
239.108
224.896
239.645
260.884
264.83
184.749
208.843
281.015
245.16
235.925
263.896
200.036
247.09
221.066
252.195
213.38
223.257
228.442
264.022
217.78
267.224
184.785
182.361
233.052
249.36
175.996
229.863
258.486
197.823
188.58
205.739
219.648
271.353
293.935
264.842
230.307
234.653
260.259
248.761
204.917
199.813
245.985
264.064
212.331
233.473
226.269
193.488
286.9
281.452
213.045
186.088
239.446
267.667
195.917
222.418
182.158
253.976
261.969
240.143
204.269
233.121
267.926
259.732
222.198
230.33
259.212
291.79
211.836
185.505
278.833
253.751
250.512
248.756
206.889
219.459
193.417
259.07
227.794
266.176
230.854
273.96
214.535
218.811
239.064
203.818
215.037
235.032
268.161
246.919
229.284
243.229
198.265
191.079
280.943
237.881
206.702
264.165
205.498
227.005
204.146
250.943
278.714
173.64
271.464
252.352
242.51
237.735
273.368
170.005
102.41
92.0087
142.674
157.491
130.631
129.836
162.594
143.206
110.43
156.21
133.751
104.588
120.41
158.546
115.496
108.02
155.81
83.8727
101.976
124.375
97.0252
165.784
94.8144
118.194
149.457
145.354
147.956
87.1199
161.546
110.227
83.9558
153.795
111.236
162.123
124.235
123.949
128.867
150.244
143.913
164.043
85.0438
120.783
152.448
112.113
99.9078
124.917
145.876
89.3141
72.2971
126.447
110.404
88.8819
175.902
101.001
115.841
126.675
139.41
96.4485
104.754
159.436
177.829
95.4175
148.645
101.49
96.1567
94.9361
113.651
170.423
91.3458
119.223
97.5551
125.518
136.763
150.645
100.127
83.0418
116.876
150.772
75.4397
151.258
159.84
144.231
110.932
145.228
148.8
123.014
146.13
170.916
151.382
126.741
72.412
153.593
141.836
129.008
146.467
98.0683
156.977
91.366
143.47
151.456
165.5
149.592
91.6798
89.5007
107.674
147.696
90.2436
98.6876
111.855
157.922
139.82
134.724
139.797
120.916
123.142
98.356
111.381
141.145
97.17
153.564
165.832
126.887
119.147
155.199
132.068
171.881
144.241
159.725
92.6429
93.2692
126.91
70.0535
135.98
136.342
165.344
173.614
116.642
129.329
107.107
129.153
160.556
134.724
168.311
154.942
127.02
167.749
172.218
137.863
83.2871
175.162
98.2191
113.13
139.534
119.774
95.498
120.112
146.022
131.331
101.594
129.607
76.2278
125.084
154.824
125.419
140.885
91.3304
133.241
120.216
143.701
126.977
100.618
162.632
82.5207
121.41
175.945
139.216
106.809
79.4746
149.219
119.895
161.133
128.632
124.578
95.5462
100.02
143.942
90.7966
123.179
153.783
165.467
89.3399
134.825
128.781
108.045
100.502
86.1885
129.102
109.853
115.007
-18.2088
18.6438
69.0039
-11.4388
54.5968
58.0357
45.5426
31.9299
71.1466
-0.224923
49.2733
9.44523
39.2526
15.9512
0.0659716
-28.8713
60.8835
-7.76029
22.3023
49.2802
34.5893
85.8808
14.0707
51.7458
58.7139
13.3163
28.8543
71.1855
-10.9517
55.7932
13.4838
53.1268
76.7198
86.4695
-29.6548
1.07612
2.96737
-21.8488
22.58
-7.45495
-14.2274
60.0454
61.6197
44.6078
70.0308
45.1372
43.8015
44.4144
24.0647
18.2402
-12.2169
55.9013
28.0545
49.8
17.6688
45.3151
44.0279
-6.57598
6.70618
77.4466
17.932
10.5019
51.5398
75.9325
16.1213
39.2379
50.4452
53.1824
65.6595
-14.3964
57.6881
22.0316
-21.3388
43.6337
90.4129
49.613
39.7724
40.9278
48.4501
27.0581
57.3053
18.1343
30.9139
69.9432
44.0207
51.7176
-14.5806
72.4346
22.8641
41.0479
-19.0857
-22.8831
5.8405
4.13479
11.973
26.8843
41.9341
73.3614
63.3007
32.5774
35.5956
19.0988
42.2425
-0.489421
-7.98243
57.7715
58.2398
89.1178
52.3011
-16.4603
84.6259
58.4615
74.2573
74.6895
-8.39575
28.6563
19.3949
21.2356
35.4755
61.7042
58.5714
52.7849
48.6138
-14.449
79.1555
20.0844
82.8114
-0.778739
74.5451
56.8039
72.0547
43.6319
39.0147
37.2163
-2.43291
80.2332
61.2505
60.3177
80.5475
58.3967
54.2758
71.8231
35.2244
17.8647
48.7976
0.269796
89.3527
31.8178
49.6868
23.845
14.622
10.8752
1.1018
90.4741
23.0379
-17.7736
54.0359
7.64482
36.3461
61.5719
27.921
40.8169
73.3345
76.1859
-20.8981
15.3029
-25.5754
51.2843
42.872
46.5511
46.4591
-0.45222
34.2661
79.1853
36.1704
62.5405
50.6042
32.4505
49.053
86.8044
24.1914
3.64863
15.9748
13.0956
-3.53709
-5.18722
11.2653
35.8657
51.8253
-7.50667
96.0788
-12.6863
42.597
24.7177
86.1683
44.142
69.9173
93.2212
71.8642
-10.5898
91.9584
62.242
94.1153
53.641
-1.03896
85.8473
68.0088
28.8062
72.0533
37.8502
27.379
73.5977
-27.3295
47.1654
77.993
-4.7421
53.9966
44.4978
15.0873
76.9926
3.74099
38.4148
58.3323
-20.7614
50.3435
84.8185
48.0801
40.1672
7.61862
47.8308
58.2539
29.5331
-1.22315
-6.57874
76.4967
28.4562
17.997
-3.84347
12.8693
-12.1155
48.9595
28.3154
0.0702735
-5.34807
43.0289
27.8567
62.9265
68.2149
0.965465
10.35
24.0282
62.4782
-8.50792
78.4065
63.7019
41.7806
70.5838
84.4461
25.3375
66.545
-13.2591
53.8581
90.001
72.6108
73.4097
40.2251
29.5984
48.5877
9.17851
73.2273
-11.7339
10.4735
-0.580918
3.824
58.185
66.2351
9.39684
75.5888
57.1988
37.1118
21.4927
44.0598
-5.89131
37.4022
27.0386
58.3366
63.0491
58.2426
5.13125
73.8827
60.763
35.6787
71.7589
25.4802
26.6421
54.817
86.188
-6.52877
86.4494
58.3179
44.9659
52.6173
87.4331
-10.6653
-11.8492
5.63294
2.78462
59.2125
55.3056
-10.4454
59.3429
76.5933
32.9197
23.0205
-6.82476
58.7507
23.5492
64.1286
83.2925
-7.6943
75.4148
43.1708
24.619
68.188
41.9683
-16.9067
64.7214
-4.67171
57.3202
40.965
3.92608
-6.54703
56.3859
22.7128
80.3342
28.4265
39.7692
56.9815
-7.59955
45.0147
41.491
13.0895
-18.0072
46.2407
54.4755
34.1481
74.665
0.352861
46.1707
76.5781
44.5905
28.7454
53.2226
12.2371
-28.4339
57.3798
51.8696
70.2716
48.5847
58.891
16.6025
-20.4847
83.9486
65.4838
13.8234
4.19322
1.18739
78.69
40.4516
22.6429
-13.6189
-10.3689
54.3457
52.3061
33.2663
42.6228
79.3608
30.7305
66.6933
23.7258
-21.069
-24.5462
86.0207
30.7724
35.7566
57.5855
50.0946
62.8588
88.8829
36.1299
79.9079
70.3313
64.8443
76.9316
-7.15501
62.9889
23.0261
97.8662
11.9631
84.9714
-85.6992
-82.9226
-61.9018
-88.9341
-61.2591
-67.8921
-62.404
-48.581
-44.6991
-94.1484
-43.0079
-20.9832
-122.31
-36.7019
-72.819
-37.6789
-57.8464
-61.0909
-97.7979
-87.0395
-27.8764
-45.2829
-83.4473
-42.541
-103.227
-82.015
-50.7252
-107.032
-82.3307
-22.6979
-63.5087
-121.893
-76.0143
-91.4019
-89.0997
-57.1566
-95.3844
-67.4002
-104.932
-81.347
-89.6242
-92.4695
-24.2856
-78.3755
-45.0534
-84.0526
-76.8731
-68.6459
-55.4391
-120.366
-96.2356
-43.1902
-89.6557
-20.8271
-104.833
-85.7156
-60.039
-108.184
-32.6443
-20.9243
-94.6668
-120.125
-96.1215
-47.7255
-122.09
-83.0123
-50.7766
-84.1673
-38.4107
-83.5342
-39.7515
-102.411
-37.2733
-101.639
-97.2334
-38.3964
-79.4555
-56.1299
-34.2408
-105.807
-121.627
-64.405
-44.5881
-91.0852
-114.505
-38.5176
-50.9926
-77.3137
-34.7915
-39.4665
-120.028
-65.0462
-85.4666
-106.486
-37.3165
-66.5857
-70.2805
-101.806
-118.893
-71.7999
-69.1158
-49.4689
-114.725
-29.6147
-59.1056
-115.091
-92.6738
-53.9462
-106.182
-33.9481
-98.5888
-76.1833
-60.1642
-87.3645
-114.069
-44.1611
-44.0811
-110.005
-36.8002
-50.5817
-41.1305
-52.6997
-61.1854
-47.9527
-46.3425
-90.6472
-103.077
-72.0611
-50.7363
-107.015
-80.9396
-36.4837
-22.6215
-103.007
-89.0629
-67.5107
-65.6971
-71.7319
-43.7926
-44.1751
-50.3639
-71.5507
-61.2286
-106.71
-30.211
-55.5627
-112.452
-104.596
-49.9676
-50.8392
-64.8784
-54.0549
-74.5556
-52.5369
-101.917
-37.0505
-80.58
-72.6077
-97.3323
-30.4194
-42.3743
-114.411
-106.144
-90.5897
-91.1353
-78.573
-77.0144
-46.2752
-85.4995
-102.342
-64.9214
-79.2548
-79.4399
-73.2607
-91.4515
-122.631
-55.4394
-113.819
-47.166
-46.1393
-50.2825
-105.688
-46.939
-66.2588
-88.5979
-87.5545
-73.1715
-65.5309
-105.604
-23.1041
-54.1628
-68.8857
-68.9773
-111.121
-110.912
-59.6303
-58.329
-79.6222
-118.269
-62.8885
-214.899
-147.461
-179.738
-205.413
-135.557
-201.663
-168.571
-105.736
-164.316
-143.303
-110.544
-209.64
-175.475
-201.019
-196.721
-110.486
-126.52
-181.717
-163.868
-119.207
-148.194
-194.203
-112.555
-149.468
-157.09
-152.674
-200.424
-180.547
-216.177
-167.046
-203.988
-177.907
-164.084
-200.269
-204.329
-149.71
-203.615
-157.216
-130.881
-157.069
-183.481
-118.868
-156.547
-187.004
-142.816
-146.493
-173.989
-208.247
-138.55
-129.496
-176.968
-155.044
-132.641
-114.587
-196.156
-115.176
-215.156
-138.188
-131.646
-111.12
-148.479
-170.075
-194.289
-157.576
-137.072
-192.793
-145.599
-149.872
-112.799
-131.554
-218.423
-133.336
-177.402
-106.237
-206.892
-146.453
-186.437
-161.348
-152.287
-178.901
-217.881
-171.082
-208.75
-123.883
-141.908
-220.823
-137.597
-187.723
-166.995
-134.353
-132.484
-171.265
-159.338
-157.55
-167.632
-197.703
-138.353
-199.35
-119.212
-137.648
-144.185
-106.484
-179.39
-153.11
-183.395
-181.81
-151.512
-139.123
-206.897
-157.696
-179.127
-192.687
-142.025
-177.85
-150.413
-184.525
-206.657
-183.479
-195.06
-167.874
-168.716
-200.907
-102.173
-161.744
-196.461
-155.84
-190.903
-136.209
-202.493
-172.326
-185.327
-210.043
-144.345
-141.969
-135.77
-162.6
-118.698
-222.486
-203.301
-112.731
-210.894
-171.713
-231.553
-140.436
-192.857
-132.033
-128.69
-135.616
-167.662
-166.601
-203.309
-128.025
-139.443
-129.823
-116.385
-194.55
-189.784
-205.008
-208.739
-117.382
-124.455
-131.779
-175.375
-114.978
-152.178
-206.416
-214.248
-164.835
-182.053
-180.501
-175.273
-143.615
-153.011
-124.863
-189.828
-171.983
-216.939
-142.774
-114.811
-176.248
-172.073
-151.558
-222.314
-178.095
-137.14
-200.151
-132.076
-188.37
-190.676
-212.923
-133.766
-122.199
-180.95
-159.717
-144.917
-129.925
-147.554
-166.235
-136.381
-174.751
-145.93
-117.116
-208.264
-158.283
-151.049
-127.897
-177.798
-103.795
-152.1
-134.231
-143.996
-126.419
-126.276
-135.289
-139.289
-175.684
-163.789
-175.868
-175.366
-181.543
-110.637
-150.62
-126.297
-207.071
-142.243
-144.963
-186.059
-159.669
-224.228
-129.54
-161.583
-124.124
-121.933
-152.101
-115.357
-218.593
-118.438
-161.277
-193.334
-188.91
-185.707
-177.126
-136.936
-195.814
-181.029
-126.773
-194.649
-161.528
-146.071
-218.168
-124.006
-164.96
-128.945
-153.274
-115.583
-134.934
-184.57
-204.371
-194.096
-126.161
-150.948
-199.143
-126.492
-185.83
-215.343
-173.046
-188.657
-129.516
-140.711
-139.624
-194.617
-167.92
-138.907
-221.972
-183.837
-145.176
-151.624
-187.888
-141.525
-117.53
-140.754
-194.595
-115.014
-165.009
-163.5
-154.496
-115.299
-135.788
-174.437
-143.305
-132.571
-132.859
-117.09
-172.043
-151.596
-170.492
-192.659
-210.884
-166.648
-205.957
-125.147
-154.887
-127.155
-202.449
-147.996
-115.292
-211.292
-201.173
-203.258
-219.065
-143.512
-131.174
-148.865
-166.139
-133.072
-108.54
-140.624
-167.495
-128.876
-156.594
-123.001
-166.559
-200.222
-144.126
-167.201
-172.341
-195.587
-161.135
-119.993
-209.801
-124.961
-205.232
-154.239
-171.336
-145.611
-149.243
-140.728
-164.317
-217.669
-139.115
-143.192
-155.394
-181.597
-186.296
-183.583
-140.87
-162.126
-144.956
-157.549
-204.659
-128.795
-187.474
-143.157
-166.842
-136.914
-123.939
-227.023
-208.486
-118.094
-206.022
-219.679
-179.139
-167.989
-127.181
-184.698
-151.14
-136.899
-214.97
-170.547
-140.557
-117.536
-137.447
-139.177
-124.64
-134.801
-143.982
-146.593
-178.65
-194.861
-186.149
-132.723
-162.648
-117.39
-202.881
-170.369
-144.433
-170.85
-160.101
-156.379
-174.114
-168.282
-161.386
-140.481
-196.207
-188.714
-130.908
-134.35
-162.602
-127.485
-128.074
-285.064
-258.087
-299.802
-282.758
-263.473
-309.49
-276.784
-326.879
-264.71
-319.829
-307.248
-276.68
-236.032
-248.167
-264.549
-224.296
-265.16
-262.674
-275.927
-302.721
-260.546
-242.878
-303.433
-227.137
-294.745
-286.746
-254.84
-285.08
-278.392
-288.549
-275.234
-288.037
-277.399
-328.321
-317.711
-306.816
-255.713
-274.847
-321.107
-246.382
-249.862
-304.631
-285.92
-230.93
-244.532
-247.645
-244.038
-262.488
-267.963
-267.087
-302.798
-303.406
-248.428
-285.209
-279.651
-278.821
-294.294
-245.358
-278.839
-263.658
-288.478
-321.45
-241.083
-280.485
-246.321
-278.077
-291.034
-304.295
-305.424
-228.914
-268.242
-242.909
-294.806
-277.752
-235.077
-241.61
-275.58
-317.373
-242.457
-322.203
-299.299
-234.646
-292.315
-267.663
-324.152
-234.195
-286.297
-279.3
-261.233
-242.493
-297.08
-272.014
-299.178
-245.893
-243.276
-310.791
-298.409
-284.195
-297.278
-271.258
-262.122
-266.337
-262.941
-309.186
-242.683
-247.007
-306.108
-249.07
-229.051
-277.592
-273.999
-238.198
-279.898
-279.608
-227.513
-261.637
-296.282
-245.838
-278.614
-284.468
-228.799
-245.336
-254.958
-257.36
-289.071
-229.77
-264.61
-286.206
-241.364
-265.347
-252.061
-248.163
-241.336
-307.822
-250.719
-235.216
-306.701
-297.412
-258.975
-285.262
-224.801
-242.044
-249.979
-241.039
-239.478
-279.449
-302.71
-224.682
-258.214
-307.675
-259.19
-295.346
-233.216
-282.564
-251.794
-317.157
-237.159
-321.421
-285.346
-265.373
-265.282
-316.101
-288.118
-304.44
-298.885
-297.228
-273.754
-302.186
-252.849
-239.743
-301.684
-293.045
-296.525
-318.696
-286.621
-239.176
-281.459
-270.261
-287.276
-307.636
-317.522
-297.224
-300.066
-281.678
-287.934
-254.988
-259.945
-271.108
-222.488
-300.69
-300.623
-270.315
-315.999
-264.224
-299.912
-326.508
-287.719
-303.248
-280.472
-308.057
-303.993
-244.931
-248.379
-298.494
-214.218
-304.982
-257.183
-243.619
-228.91
-317.127
-216.383
-266.602
-320.275
-326.951
-228.698
-305.995
-314.454
-296.493
-266.5
-230.08
-249.512
-314.543
-295.465
-291.322
-248.291
-217.542
-228.716
-277.435
-266.209
-238.753
-235.015
-255.903
-234.919
-312.838
-282.059
-264.424
-318.132
-297.067
-260.678
-231.182
-275.011
-299.732
-322.666
-299.874
-236.715
-222.864
-323.619
-292.712
-217.306
-257.863
-323.944
-235.476
-319.646
-236.497
-256.207
-272.644
-269.095
-311.467
-207.859
-262.854
-260.693
-291.67
-263.392
-260.786
-293.45
-224.878
-262.494
-247.202
-278.457
-239.469
-217.323
-246.751
-250.21
-267.432
-226.414
-281.701
-231.616
-287.079
-245.075
-258.371
-237.907
-242.813
-205.848
-320.302
-295.05
-249.712
-266.894
-260.8
-276.901
-271.445
-266.387
-245.054
-277.031
-250.4
-216.778
-234.409
-224.773
-268.064
-245.126
-207.079
-270.032
-304.908
-249.451
-307.123
-246.223
-247.459
-250.77
-233.604
-246.631
-224.206
-228.195
-230.234
-251.007
-256.42
-282.423
-221.194
-310.186
-279.012
-247.944
-320.339
-213.754
-269.232
-278.493
-307.015
-265.358
-301.589
-300.942
-263.537
-245.052
-242.533
-219.534
-290.394
-222.722
-213.079
-224.565
-275.776
-305.011
-253.375
-259.718
-230.803
-246.556
-331.187
-259.735
-258.384
-305.241
-277.22
-251.693
-307.942
-270.622
-286.242
-268.944
-313.529
-283.109
-217.744
-269.912
-270.804
-251.023
-293.89
-300.834
-283.863
-269.103
-240.401
-244.598
-267.44
-267.351
-228.381
-284.978
-230.637
-230.997
-283.802
-218.053
-242.021
-225.206
-241.778
-217.924
-252.9
-223.932
-252.602
-285.707
-209.748
-303.863
-277.502
-269.247
-297.366
-309.011
-259.906
-291.616
-252.21
-224.571
-269.515
-313.289
-213.137
-320.841
-268.83
-326.581
-248.35
-265.609
-229.438
-287.406
-267.401
-302.539
-220.442
-316.557
-267.997
-248.43
-231.399
-259.596
-247.064
-290.315
-299.454
-236.467
-260.306
-258.307
-267.23
-264.162
-284.548
-271.528
-324.972
-304.727
-313.786
-270.745
-297.277
-264.332
-247.565
-268.212
-275.443
-262.316
-242.807
-278.63
-296.105
-251.127
-302.615
-277.993
-270.051
-297.5
-248.781
-308.069
-298.394
-250.961
-238.425
-307.948
-248.5
-217.354
-252.748
-261.132
-256.306
-224.96
-238.61
-294.848
-219.809
-265.268
-208.935
-235.388
-276.745
-234.07
-261.637
-215.917
-286.47
-254.854
-206.814
-230.891
-259.891
-293.679
-257.8
-280.887
-230.775
-289.366
-227.698
-272.797
-248.929
-240.674
-292.882
-279.577
-248.568
-214.321
-297.915
-264.013
-264.595
-257.425
-260.527
-313.261
-329.528
-266.355
-243.761
-242.263
-239.389
-256.982
-265.61
-260.433
-277.426
-251.586
-303.305
-226.095
-244.395
-269.608
-218.647
-287.388
-219.46
-210.092
-271.267
-288.695
-282.321
-266.775
-319.508
-292.92
-264.626
-242.519
-298.743
-322.93
-237.95
-218.61
-257.796
-280.453
-227.669
-238.326
-294.415
-270.098
-225.787
-252.003
-237.222
-287.461
-202.698
-229.249
-212.907
-222.716
-254.661
-290.735
-323.691
-219.041
-236.877
-233.094
-201.705
-288.51
-287.862
-307.151
-222.45
-248.233
-306.406
-214.031
-313.174
-283.593
-319.67
-217.786
-226.824
-313.807
-305.767
-269.367
-277.039
-217.951
-252.454
-248.226
-242.398
-230.05
-205.057
-207.065
-257.637
-265.997
-202.233
-261.471
-215.97
-224.694
-264.353
-297.776
-245.077
-245.799
-254.498
-299.512
-264.15
-267.408
-269.167
-244.116
-280.293
-315.446
-264.309
-242.576
-300.817
-265.863
-277.954
-232.862
-262.526
-260.006
-265.988
-278.068
-242.999
-307.449
-242.915
-255.038
-266.722
-281.334
-204.658
-227.404
-265.491
-288.891
-240.711
-280.045
-265.798
-248.754
-303.982
-318.451
-219.035
-375.528
-358.518
-352.712
-406.015
-375.325
-414.823
-343.554
-390.275
-342.537
-347.69
-340.799
-361.683
-372.013
-363.422
-330.893
-385.608
-333.423
-354.474
-380.161
-357.414
-402.155
-418.248
-365.282
-390.337
-321.019
-325.441
-405.542
-399.173
-332.891
-368.925
-379.009
-392.282
-391.549
-328.991
-401.934
-354.894
-380.618
-348.149
-336.403
-341.732
-334.358
-401.542
-352.309
-323.005
-346.236
-355.699
-384.378
-413.365
-413.225
-375.92
-324.2
-386.076
-399.776
-369.886
-403.482
-338.619
-409.222
-402.595
-373.562
-364.453
-350.353
-333.794
-365.183
-398.112
-353.564
-322.618
-336.199
-338.675
-400.317
-363.838
-352.619
-366.502
-389.839
-367.853
-350.24
-357.124
-365.014
-389.317
-341.208
-335.644
-328.176
-337.093
-384.286
-341.873
-344.153
-342.713
-415.234
-407.278
-360.281
-408.449
-352.433
-348.684
-339.954
-391.957
-392.105
-329.514
-340.795
-374.252
-376.67
-400.322
-320.463
-419.142
-403.218
-329.624
-365.34
-400.309
-382.066
-367.77
-337.465
-348.397
-398.318
-358.882
-371.294
-362.725
-403.436
-419.664
-384.484
-401.663
-406.031
-339.99
-331.762
-419.005
-363.869
-324.517
-331.905
-354.912
-386.371
-339.013
-377.53
-413.998
-345.665
-331.334
-361.8
-333.889
-398.445
-379.544
-345.484
-391.511
-339.273
-394.4
-377.748
-413.525
-372.284
-343.53
-356.671
-343.712
-366.911
-330.372
-354.807
-369.68
-386.996
-415.236
-409.747
-395.01
-409.138
-342.782
-410.735
-384.407
-382.395
-367.982
-378.662
-388.646
-338.753
-360.81
-405.08
-381.194
-353.199
-422.153
-338.721
-372.546
-357.213
-343.519
-361.377
-360.897
-328.368
-411.756
-353.453
-333.076
-348.615
-399.953
-408.715
-405.695
-330.736
-397.14
-379.41
-368.166
-417.593
-405.408
-339.144
-392.658
-407.548
-336.234
-352.259
-350.539
-394.527
-400.733
-369.593
-363.514
-388.975
-361.17
-393.721
-359.728
-357.062
-366
-323.532
-314.681
-304.754
-373.463
-367.211
-356.09
-385.341
-351.756
-422.318
-396.715
-400.385
-335.899
-378.7
-405.285
-410.321
-352.083
-307.262
-337.364
-313.381
-360.171
-368.986
-393.894
-363.708
-331.903
-319.032
-336.297
-324.057
-397.46
-331.227
-372.243
-418.719
-317.953
-391.092
-307.239
-369.059
-376.803
-345.249
-342.237
-362.782
-379.866
-412.666
-323.395
-336.435
-397.02
-328.262
-314.178
-380.173
-396.053
-391.281
-343.034
-359.238
-397.853
-384.436
-385.002
-342.994
-346.76
-355.649
-360.761
-368.415
-349.509
-373.651
-318.552
-424.158
-410.491
-353.686
-382.047
-370.216
-360.35
-382.806
-338.162
-379.672
-357.298
-388.638
-335.578
-365.286
-354.953
-357.2
-386.869
-326.322
-373.148
-361.639
-328.374
-327
-399.638
-350.521
-392.841
-356.402
-390.793
-327.078
-398.169
-346.653
-331.024
-406.108
-346.903
-419.324
-335.094
-410.473
-392.704
-342.886
-323.627
-344.339
-378.149
-415.484
-384.646
-359.052
-383.367
-359.286
-356.888
-401.3
-332.381
-354.894
-391.922
-367.908
-364.137
-329.924
-398
-352.129
-377.388
-366.988
-366.076
-321.665
-396.695
-318.761
-352.682
-331.969
-376.889
-409.134
-409.777
-319.741
-385.596
-397.582
-359.12
-364.804
-324.105
-360.753
-386.72
-402.756
-340.044
-306.994
-361.237
-398.529
-355.386
-397.231
-336.079
-306.338
-393.806
-352.837
-327.762
-423.48
-325.398
-386.825
-395.431
-357.246
-356.74
-410.636
-400.93
-352.83
-411.912
-318.117
-357.122
-389.019
-415.501
-308.132
-367.403
-367.114
-383.477
-343.553
-389.531
-331.449
-326.017
-379.608
-359.522
-348.202
-333.235
-348.122
-339.413
-332.428
-390.719
-325.779
-396.954
-308.12
-381.235
-328.766
-363.119
-362.252
-332.978
-364.486
-410.79
-393.049
-338.902
-370.429
-415.502
-348.802
-331.236
-316.969
-329.652
-367.815
-324.101
-332.078
-328.952
-399.592
-416.491
-355.272
-429.709
-320.525
-333.743
-326.366
-343.879
-355.112
-358.621
-421.241
-378.865
-352.678
-322.586
-351.363
-404.485
-350.76
-366.81
-404.535
-322.839
-333.598
-339.183
-336.606
-391.085
-342.663
-410.635
-319.777
-357.919
-369.174
-338.01
-393.726
-317.27
-394.56
-396.897
-334.988
-392.972
-355.576
-357.574
-374.7
-348.107
-389.169
-326.3
-319.729
-336.368
-379.926
-321.014
-378.081
-350.74
-369.253
-360.706
-386.376
-408.52
-386.625
-327.434
-323.363
-412.766
-358.126
-360.371
-381.093
-400.819
-394.09
-390.913
-318.473
-367.179
-367.582
-422.774
-363.117
-382.358
-324.052
-413.705
-400.776
-377.892
-412.338
-343.679
-356.426
-337.935
-389.047
-368.312
-372.672
-367.747
-426.991
-360.236
-379.859
-362.112
-335.291
-388.385
-356.758
-369.94
-406.422
-398.721
-354.709
-376.136
-381.594
-380.94
-359.005
-393.671
-360.558
-334.895
-383.894
-408.597
-335.13
-322.336
-337.28
-335.353
-341.556
-359.258
-400.245
-370.209
-331.355
-328.675
-325.153
-318.953
-345.717
-385.551
-323.56
-380.591
-373.773
-344.387
-418.622
-417.595
-381.481
-410.417
-360.121
-422.535
-317.737
-426.15
-386.562
-364.974
-323.143
-329.883
-338.402
-358.907
-316.794
-349.984
-334.082
-356.101
-386.763
-361.987
-319.985
-340.981
-341.614
-379.07
-401.203
-332.113
-331.543
-426.082
-312.622
-343.179
-316.838
-328.241
-317.73
-351.998
-312.384
-357.272
-310.409
-356.097
-404.192
-320.998
-388.455
-420.746
-321.748
-324.818
-369.204
-330.132
-340.716
-400.166
-356.121
-324.649
-383.72
-379.169
-351.229
-332.55
-324.255
-421.548
-379.903
-311.982
-341.985
-326.332
-359.186
-404.274
-406.359
-352.037
-318.35
-402.278
-368.526
-366.091
-389.832
-334.074
-325.237
-416.916
-309.136
-351.331
-321.544
-313.433
-338.625
-371.704
-478.133
-460.305
-448.2
-436.242
-520.021
-434.431
-471.693
-432.124
-429.597
-485.585
-480.166
-437.361
-432.268
-508.949
-481.325
-459.753
-479.001
-429.326
-492.144
-478.388
-474.93
-471.368
-463.275
-448.121
-455.467
-466.152
-483.967
-472.607
-461.459
-464.459
-426.173
-490.512
-511.13
-442.232
-482.351
-474.542
-477.506
-503.222
-446.746
-497.97
-493.913
-470.7
-495.451
-521.523
-481.218
-472.244
-494.708
-421.195
-514.452
-423.115
-496.333
-476.262
-451.265
-448.313
-478.192
-449.703
-487.98
-480.782
-491.627
-450.266
-479.049
-420.867
-490.155
-453.955
-441.956
-429.359
-511.79
-488.08
-513.276
-442.847
-505.23
-454.456
-497.441
-486.91
-514.241
-514.602
-475.114
-461.813
-450.196
-421.403
-493.168
-499.085
-430.616
-464.889
-478.012
-474.479
-503.779
-441.761
-450.601
-508.459
-448.256
-501.837
-479.489
-459.912
-483.498
-488.347
-484.781
-447.411
-502.262
-453.401
-449.784
-467.762
-492.119
-516.042
-436.175
-494.01
-445.389
-437.801
-492.646
-451.122
-486.03
-457.706
-441.217
-461.347
-479.515
-501.429
-467.751
-453.414
-461.532
-494.714
-444.807
-491.97
-489.132
-440.36
-459.302
-501.228
-516.731
-494.449
-505.236
-514.191
-457.623
-521.617
-452.448
-471.241
-434.286
-489.455
-458.997
-455.196
-440.184
-497.48
-476.018
-453.241
-507.419
-452.779
-471.523
-442.013
-464.456
-473.119
-455.645
-432.345
-433.296
-474.132
-478.478
-440.043
-449.794
-496.628
-460.732
-527.375
-507.95
-478.778
-476.977
-476.767
-527.52
-500.559
-458.93
-477.28
-437.589
-499.47
-456.864
-499.098
-514.736
-433.407
-463.921
-489.064
-504.09
-497.404
-504.789
-489.628
-490.756
-452.769
-505.611
-442.094
-514.507
-487.616
-472.699
-463.968
-442.592
-465.618
-468.59
-472.426
-462.601
-451.902
-445.833
-506.79
-459.253
-488.798
-450.138
-463.975
-515.9
-453.555
-278.705
-235.119
-288.141
-222.311
-213.755
-293.112
-285.956
-304.242
-253.54
-283.377
-330.16
-306.741
-227.712
-247.542
-268.834
-307.509
-307.765
-259.672
-310.657
-253.041
-271.517
-220.421
-311.64
-258.846
-290.251
-263.083
-299.847
-323.202
-207.757
-211.443
-290.552
-260.745
-304.798
-241.843
-242.375
-264.082
-258.402
-254.54
-266.087
-313.738
-317.64
-226.955
-308.756
-281.723
-313.389
-327.658
-267.972
-297.263
-262.935
-260.505
-263.465
-279.059
-244.218
-238.835
-311.317
-225.484
-288.913
-210.763
-245.02
-248.244
-272.32
-230.448
-234.023
-271.433
-325.059
-209.206
-282.04
-287.294
-254.817
-254.327
-278.155
-236.215
-312.826
-241.306
-271.81
-325.348
-291.626
-227.943
-252.342
-260.533
-299.749
-211.002
-274.438
-246.07
-302.888
-252.911
-266.57
-237.716
-252.76
-314.755
-228.075
-253.898
-236.853
-271.639
-283.231
-250.683
-263.477
-201.201
-247.535
-305.984
-266.181
-321.085
-261.176
-266.787
-300.817
-216.434
-249.756
-226.719
-224.38
-247.277
-261.031
-241.12
-221.971
-258.405
-262.287
-283.307
-232.542
-274.097
-213.27
-256.827
-307.429
-303.028
-227.26
-252.781
-318.924
-262.706
-256.745
-266.044
-299.442
-297.699
-275.579
-262.746
-294.088
-275.17
-236.381
-324.311
-262.17
-291.63
-310.031
-287.633
-283.681
-284.658
-236.971
-301.811
-272.551
-238.176
-319.587
-263.555
-304.746
-210.723
-284.788
-266.466
-266.016
-271.337
-281.154
-293.187
-249.968
-231.163
-223.126
-234.684
-267.994
-304.642
-295.497
-271.678
-252.307
-254.843
-291.118
-262.121
-271.094
-257.848
-238.545
-274.354
-259.978
-267.255
-238.97
-236.603
-268.854
-295.268
-271.764
-243.053
-225.935
-271.68
-208.878
-236.17
-240.942
-282.087
-321.294
-235.508
-261.017
-311.319
-293.94
-277.238
-267.355
-226.999
-236.51
-278.762
-298.028
-314.858
-212.505
-279.067
-329.982
-205.511
-210.709
-220.083
-245.298
-240.557
-251.087
-314.772
-209.197
-243.063
-278.307
-306.038
-215.214
-237.023
-221.76
-273.55
-269.97
-282.478
-270.069
-258.003
-244.49
-207.537
-241.179
-274.654
-317.367
-313.017
-237.006
-331.795
-296.87
-215.972
-328.31
-280.685
-247.973
-280.635
-312.962
-270.582
-312.439
-229.722
-215.67
-267.518
-268.398
-245.465
-309.193
-311.676
-309.09
-255.774
-238.224
-323
-290.413
-244.841
-291.776
-256.944
-291.409
-316.166
-242.412
-231.206
-290.506
-247.731
-216.178
-311.333
-235.243
-254.25
-244.47
-303.915
-230.722
-291.361
-320.644
-313.192
-266.559
-266.202
-271.598
-234.723
-282.574
-327.779
-253.819
-271.688
-229.083
-242.801
-227.316
-283.663
-318.33
-273.437
-228.653
-245.78
-218.97
-285.47
-284.632
-315.562
-315.857
-271.199
-244.7
-305.328
-246.294
-280.806
-239.836
-234.756
-284.882
-227.021
-222.842
-239.119
-235.815
-227.071
-265.985
-249.709
-284.423
-244.952
-283.84
-234.623
-225.394
-226.944
-261.265
-242.05
-245.997
-262.263
-256.257
-309.105
-225.503
-301.832
-223.704
-301.844
-306.716
-248.523
-223.672
-209.885
-216.121
-306.1
-248.891
-296.229
-301.81
-225.757
-210.028
-268.937
-229.549
-235.292
-228.361
-309.324
-241.123
-261.236
-212.992
-245.179
-317.731
-285.978
-218.527
-248.61
-258.002
-264.45
-272.884
-273.552
-291.563
-249.429
-218.202
-272.409
-278.411
-283.656
-270.889
-287.09
-274.612
-245.696
-240.559
-272.925
-320.562
-249.222
-310.138
-328.615
-278.407
-251.113
-229.496
-247.277
-239.432
-237.262
-239.197
-310.739
-255.257
-233.886
-306.357
-257.543
-293.497
-324.639
-256.261
-296.877
-221.95
-294.978
-322.012
-324.162
-251.746
-231.609
-300.776
-220.472
-272.62
-237.504
-305.424
-255.951
-274.839
-267.946
-231.311
-302.849
-242.328
-221.762
-260.866
-216.049
-368.419
-421.183
-417.767
-328.965
-340.811
-389.606
-415.85
-380.56
-386.33
-342.611
-380.924
-374.224
-386.838
-366.814
-384.742
-407.428
-394.967
-388.534
-359.683
-382.769
-387.842
-358.822
-379.959
-398.154
-358.93
-364.907
-417.662
-351.827
-387.265
-349.119
-379.995
-387.713
-377.668
-359.441
-420.311
-329.598
-383.064
-412.479
-398.195
-341.046
-358.697
-403.761
-354.337
-396.293
-354.576
-370.51
-364.104
-344.946
-420.116
-373.18
-424.688
-370.012
-347.302
-381.067
-338.445
-369.472
-376.28
-333.003
-385.437
-333.002
-379.125
-360.02
-336.338
-373.9
-422.743
-422.221
-373.721
-418.891
-414.015
-362.072
-362.435
-344.152
-338.895
-357.99
-404.067
-409.881
-344.503
-419.564
-348.617
-383.07
-323.513
-361.326
-383.309
-422.036
-349.204
-410.751
-382.051
-368.62
-408.811
-363.197
-330.818
-413.529
-408.948
-373.328
-379.628
-344.341
-403.139
-401.478
-371.981
-398.739
-372.762
-400.035
-390.395
-384.608
-396.565
-391.86
-330.882
-405.742
-383.509
-374.16
-390.955
-384.249
-331.623
-406.838
-330.716
-329.959
-373.056
-391.299
-362.968
-397.028
-365.22
-336.073
-354.151
-349.486
-411.081
-377.356
-349.067
-322.06
-421.621
-337.163
-395.409
-395.055
-340.955
-407.687
-398.279
-397.773
-343.477
-360.21
-353.985
-324.791
-323.226
-372.258
-401.76
-374.639
-368.822
-402.063
-339.71
-405.02
-357.127
-336.523
-382.181
-334.174
-367.913
-381.762
-393.044
-381.129
-401.744
-364.669
-374.112
-368.83
-402.216
-353.025
-346.992
-421.109
-415.443
-377.353
-344.881
-342.312
-366.036
-345.991
-342.893
-393.789
-386.044
-341.119
-356.674
-385.205
-382.534
-399.195
-382.129
-346.852
-351.636
-399.431
-361.279
-410.029
-355.806
-347.399
-343.327
-385.128
-343.341
-420.709
-332.022
-348.35
-329.134
-366.775
-408.086
-378.901
-355.696
-327.512
-394.627
-409.284
-145.318
-168.437
-132.615
-118.681
-165.247
-163.528
-204.389
-184.228
-190.726
-135.964
-143.176
-209.218
-187.846
-131.855
-206.244
-169.835
-161.867
-150.89
-207.165
-216.251
-190.286
-145.81
-208.722
-227.115
-157.536
-191.153
-107.758
-121.518
-211.514
-196.751
-204.802
-186.565
-166.127
-109.849
-160.725
-134.039
-152.263
-116.655
-169.656
-146.685
-205.51
-211.401
-216.275
-149.363
-175.179
-218.058
-179.567
-130.723
-133.291
-203.102
-208.929
-207.293
-117.491
-204.572
-173.751
-183.931
-154.534
-113.667
-133.077
-207.577
-144.459
-184.314
-135.336
-125.074
-180.62
-158.017
-141.268
-124.324
-184.106
-131.253
-115.589
-160.583
-158.048
-199.454
-178.791
-200.968
-136.511
-141.007
-218.21
-114.076
-198.474
-131.955
-214.652
-222.961
-185.649
-167.83
-186.784
-175.337
-152.139
-220.123
-216.213
-153.673
-129.529
-127.461
-150.736
-195.677
-168.269
-130.812
-167.378
-147.634
-209.05
-169.017
-114.117
-176.325
-154.678
-126.267
-146.67
-145.684
-117.144
-151.285
-162.806
-192.216
-217.125
-208.204
-209.245
-160.045
-134.774
-201.295
-150.769
-147.208
-202.338
-148.999
-127.768
-138.129
-214.098
-217.374
-140.487
-123.585
-131.173
-201.044
-219.187
-188.141
-148.24
-138.479
-166.327
-114.788
-138.434
-151.723
-195.6
-171.926
-131.114
-213.374
-131.716
-138.201
-208.597
-185.185
-218.592
-153.999
-190.656
-223.188
-123.128
-128.535
-166.725
-137.79
-118.613
-195.596
-192.741
-163.2
-190.878
-209.551
-118.935
-207.165
-120.166
-149.891
-201.471
-140.213
-185.083
-226.156
-129.974
-204.097
-127.014
-163.838
-178.632
-168.883
-167.476
-129.547
-118.237
-141.634
-170.88
-173.329
-125.878
-215.783
-134.657
-113.965
-155.119
-138.16
-194.167
-120.279
-132.665
-160.642
-164.115
-130.398
-130.561
-134.718
-187.355
-196.487
-199.234
-166.416
-144.061
-218.696
-137.765
-152.984
-141.8
-131.28
-186.928
-155.491
-147.755
-120.523
-139.529
-120.595
-209.335
-113.025
-209.553
-197.456
-139.279
-148.837
-185.9
-194.312
-147.971
-154.569
-197.87
-142.22
-136.996
-184.259
-173.094
-175.219
-143.245
-133.099
-173.014
-177.083
-154.742
-146.987
-166.036
-199.415
-187.403
-195.737
-159.674
-182.06
-151.507
-211.288
-124.541
-156.079
-205.324
-179.013
-169.773
-108.828
-167.655
-146.833
-166.172
-120.737
-136.74
-186.215
-156.055
-194.519
-154.484
-117.513
-165.914
-135.768
-132.197
-138.178
-164.741
-143.988
-147.394
-152.162
-177.666
-187.597
-148.471
-188.71
-169.489
-145.938
-117.518
-135.005
-164.43
-171.521
-146.145
-164.237
-118.814
-112.844
-149.424
-142.44
-169.093
-158.06
-134.029
-179.419
-160.139
-184.342
-130.969
-179.036
-218.556
-160.502
-176.394
-120.834
-194.667
-177.89
-112.194
-161.375
-173.648
-184.066
-220.031
-173.717
-112.944
-191.213
-188.045
-158.532
-127.788
-154.474
-192.49
-203.54
-174.568
-133.029
-121.794
-128.632
-123.399
-165.924
-203.736
-171.969
-163.314
-161.184
-168.454
-135.998
-196.796
-121.756
-218.658
-228.287
-194.546
-142.524
-199.611
-189.657
-165.409
-154.058
-140.702
-149.673
-194.159
-133.88
-209.81
-163.527
-155.998
-216.535
-166.559
-151.979
-182.259
-156.061
-197.109
-193.747
-201.009
-218.246
-116.837
-131.198
-166.469
-157.733
-140.849
-125.215
-135.849
-177.421
-148.993
-195.515
-214.169
-197.59
-163.502
-185.123
-156.796
-212.379
-195.183
-129.736
-195.025
-160.586
-117.012
-176.563
-213.503
-217.452
-150.917
-144.987
-214.19
-138.929
-221.76
-116.287
-136.428
-149.77
-163.18
-160.047
-200.155
-182.991
-136.595
-189.043
-163.901
-123.885
-177.657
-164.948
-168.302
-133.827
-160.196
-133.973
-178.176
-146.474
-224.511
-217.187
-176.803
-148.776
-172.924
-218.305
-263.596
-267.672
-243.849
-301.892
-229.714
-277.431
-303.543
-259.973
-234.859
-293.041
-293.955
-254.922
-302.707
-316.81
-250.959
-246.921
-282.315
-266.362
-245.944
-253.188
-235.141
-250.149
-285.127
-234.208
-270.966
-238.203
-230.423
-283.84
-280.847
-266.569
-276.357
-295.227
-291.614
-292.618
-242.532
-254.631
-249.087
-237.953
-276.957
-283.855
-270.093
-251.751
-293.793
-320.892
-268.687
-299.254
-250.122
-305.981
-243.812
-301.887
-233.444
-276.074
-249.112
-261.341
-325.688
-273.072
-285.506
-278.966
-312.225
-281.343
-308.138
-295.749
-290.278
-264.934
-243.336
-228.621
-233.592
-243.872
-250.615
-246.53
-255.238
-291.473
-250.574
-265.216
-255.781
-321.867
-299.553
-287.356
-235.547
-309.879
-280.99
-307.48
-307.887
-245.346
-327.435
-235.729
-310.939
-252.123
-294.019
-274.61
-294.444
-237.056
-271.621
-282.223
-241.257
-250.366
-297.519
-235.975
-245.902
-297.302
-295.732
-258.072
-244.432
-237.234
-279.154
-310.266
-299.325
-303.896
-236.888
-240.476
-244.017
-251.996
-236.167
-223.411
-291.815
-296.68
-274.987
-318.497
-255.489
-300.879
-246.033
-313.499
-297.187
-268.939
-315.413
-256.433
-262.183
-260.062
-264.529
-292.391
-235.617
-232.195
-279.014
-278.995
-237.698
-317.894
-286.379
-253.214
-254.002
-309.793
-301.52
-313.764
-251.062
-251.67
-300.727
-242.249
-259.797
-263.636
-301.227
-301.039
-257.446
-273.924
-305.995
-257.303
-312.745
-265.861
-241.218
-246.408
-302.042
-291.085
-275.998
-294.663
-291.408
-308.428
-249.582
-229.851
-299.968
-262.116
-273.116
-281.243
-304.917
-293.069
-303.521
-287.144
-241.225
-244.069
-285.849
-268.581
-298.718
-316.675
-284.614
-311.226
-284.599
-323.271
-255.705
-226.303
-262.732
-239.396
-278.179
-246.704
-269.932
-252.849
-260.251
-267.025
-276.207
-260.515
-246.469
-262.723
-252.226
-309.512
2.87181
-12.2882
79.488
-10.2859
67.1267
40.3449
25.3563
2.13214
52.0043
79.326
-0.26755
-0.114751
34.7878
48.7245
59.3756
31.3057
-18.964
29.1988
83.5581
24.9925
37.6665
29.0615
-1.00449
65.6919
59.1536
81.7902
50.195
14.3296
-11.5488
-17.5391
45.4316
73.0736
41.4521
62.9213
13.5509
63.0236
41.8949
41.9121
0.615031
85.9722
52.6571
86.5718
63.2912
40.9347
62.0631
-25.2855
34.9376
72.5209
55.9492
41.5036
3.96959
50.7049
90.7894
-1.82778
-3.8581
19.9974
14.0189
10.2364
35.2234
56.7288
58.1216
60.82
58.9394
1.2303
74.5878
-4.39373
-21.9564
10.6153
38.5974
5.4643
77.0454
56.3657
47.053
59.7103
9.0967
71.0719
-7.42522
65.8487
41.6984
9.66757
23.4083
43.2635
42.7808
57.5198
13.027
22.9692
16.2123
36.6751
26.4164
-17.5741
36.6179
12.714
33.0024
-15.3893
4.72919
7.32011
61.5474
-15.4638
55.9828
-18.6353
2.80703
44.0533
56.8246
21.0156
33.9859
38.4278
78.8299
-29.547
73.0647
65.4831
24.9276
65.0024
48.2692
54.1986
-6.682
53.5341
14.7124
14.0849
46.4508
9.47952
30.0217
61.4573
93.2782
3.52608
76.8579
-16.7237
-22.135
-11.1096
-20.9309
71.9763
37.0643
94.154
70.9758
75.5188
68.7783
37.8612
46.1444
45.7926
-10.7391
7.95671
70.4935
23.3099
1.90386
87.6624
36.3623
84.9681
69.466
53.4248
34.5458
55.8895
77.9281
52.6264
65.2419
75.494
3.43282
50.5203
0.18781
1.56836
49.956
74.9814
48.5837
76.7816
53.2706
26.4281
0.32866
-10.2728
49.0423
3.10106
71.9941
5.98937
-0.554436
-1.65518
50.4901
64.4199
52.4207
78.1504
59.1744
-4.81469
42.7062
80.7518
79.6163
-8.84547
25.1834
22.0917
41.5549
67.6226
66.8094
58.5576
57.9165
59.8231
1.24734
-9.47798
37.4087
56.4714
87.2571
78.0025
23.9602
40.2172
66.1923
68.3794
-26.1603
27.4814
61.6004
4.50987
30.7269
9.60003
2.467
40.643
-11.8042
24.3585
41.3104
40.4331
-17.5234
58.4113
28.9786
79.7278
72.8416
-28.5643
16.315
-8.51093
70.5955
77.2579
69.8961
76.0793
60.9935
54.7518
2.66831
19.3291
23.132
61.6546
33.9966
90.579
20.3237
81.5533
46.275
54.1229
79.174
-31.2767
79.9989
29.7834
39.1877
37.684
-9.98644
76.4663
48.9079
5.23714
91.8024
33.9509
47.5063
60.7007
42.495
18.2577
69.8359
83.6812
51.7848
-27.6746
-30.5683
1.06102
-14.6445
27.1691
64.3578
35.0208
48.8428
75.1305
6.5266
20.1579
77.6928
23.0475
29.7315
2.40385
-15.7741
91.0386
57.8428
-5.23571
-20.1381
35.249
49.0045
69.3504
29.5403
39.594
15.269
9.164
55.7991
44.4844
36.2201
69.9243
57.4283
43.9076
-13.916
47.9135
-11.9351
38.3962
-15.7613
48.1529
59.3202
40.4656
15.872
43.2394
76.3586
22.9796
-5.20111
-7.02776
66.6584
65.8583
51.0618
41.3501
43.2339
42.0032
17.5495
-16.7694
87.1772
68.3408
57.8869
65.6231
22.4118
-4.74576
0.670585
79.7563
1.65123
-10.8025
68.5393
43.1858
80.3824
61.0085
35.515
31.369
48.3976
40.1607
61.2575
77.2338
49.0444
12.7921
7.26719
88.1514
65.6197
86.067
33.9344
73.5224
-25.6913
55.6415
68.1702
50.2193
48.119
66.9715
13.2766
33.4975
78.4877
50.7304
69.5468
34.9281
49.1577
41.0054
36.9173
20.2245
94.0987
53.5485
-0.175862
62.6319
40.5931
57.5033
0.642832
-0.65464
12.1926
-20.9359
21.2868
27.8103
-20.6335
57.5564
69.8025
62.2433
-13.0103
72.7839
49.4353
45.2122
6.9274
50.5238
7.29524
45.0191
15.928
69.3012
34.877
75.6614
66.308
70.5659
55.4268
33.3031
41.5863
-3.73886
61.4737
45.697
10.5222
79.5085
-2.89455
71.3657
-7.33632
67.9321
26.2142
-21.5807
1.24279
15.4434
-115.905
-92.2102
-127.221
-79.3982
-80.2895
-65.855
-35.3626
-50.1307
-99.9422
-68.9089
-73.7773
-67.9615
-101.565
-100.615
-82.4765
-60.3879
-38.1889
-61.0994
-81.6988
-68.4787
-69.8299
-103.463
-68.6394
-74.272
-33.8048
-90.0398
-94.4545
-86.7361
-106.661
-117.899
-98.1695
-84.8156
-68.4572
-38.7827
-60.3367
-54.6124
-44.0199
-75.1925
-124.915
-89.3047
-56.914
-33.8065
-29.5221
-24.0207
-121.481
-55.4318
-52.9964
-105.929
-103.061
-62.8726
-111.929
-54.0121
-52.7213
-74.4393
-101.134
-67.1181
-109.6
-77.8672
-92.7833
-61.887
-54.3204
-106.833
-58.6369
-86.2604
-44.4689
-69.5554
-109.594
-61.0483
-70.5897
-47.1952
-95.1455
-69.4331
-57.5389
-58.7702
-33.369
-97.5146
-55.5718
-83.891
-81.2584
-110.144
-23.7863
-106.94
-68.1412
-95.5054
-127.888
-88.169
-43.7378
-78.8904
-89.5162
-37.4755
-27.0656
-76.4535
-56.3957
-100.914
-63.2332
-81.4123
-68.0907
-96.1459
-86.4081
-30.9561
-62.5091
-62.9258
-45.6989
-63.8669
-117.812
-46.6649
-61.8922
-72.9158
-37.3862
-111.596
-97.8577
-93.6791
-90.6083
-87.4061
-90.1459
-48.539
-72.3969
-54.0277
-33.6576
-50.6317
-85.349
-107.801
-33.7589
-102.851
-104.82
-31.7791
-34.237
-58.6886
-101.974
-72.5949
-73.2868
-42.286
-98.4489
-100.803
-77.8131
-51.7832
-95.5457
-74.253
-74.4574
-115.63
-61.977
-40.3679
-93.5199
-30.3659
-43.0697
-118.353
-50.819
-50.2695
-43.9491
-105.87
-92.4369
-113.474
-57.5664
-34.3256
-95.25
-29.1805
-97.372
-37.6754
-117.389
-47.4916
-88.8392
-108.302
-45.8756
-55.0006
-35.4977
-66.4731
-80.2347
-84.7884
-106.916
-55.384
-77.917
-72.952
-35.8536
-55.5145
-101.666
-46.9377
-53.9056
-122.774
-103.01
-85.6016
-66.0294
-72.7017
-58.1962
-56.9917
-53.083
-93.3087
-34.3196
-42.342
-67.9268
-80.7252
-98.9971
-88.6177
-51.718
-93.0498
-81.9347
-102.315
-84.4025
-41.3468
-23.9841
-44.5791
