-169.735917
-157.589642
-154.627323
-152.117002
-148.863561
-143.800917
-142.386050
-139.922869
-138.249794
-137.402387
-135.707944
-133.264104
-131.540669
-127.357155
-125.556349
-124.620434
-123.774758
-122.762951
-121.379261
-120.450218
-119.866580
-118.764189
-117.933437
-116.699067
-116.269696
-116.004686
-115.736694
-115.323265
-114.602392
-113.770922
-113.069626
-112.906248
-112.607135
-111.936040
-111.543630
-110.824015
-110.443827
-109.953637
-109.260316
-109.073289
-108.504046
-108.105702
-107.926662
-107.562590
-107.315902
-106.884757
-106.508559
-106.249355
-105.942215
-105.825486
-105.609719
-105.290331
-105.131664
-104.752569
-104.478436
-104.176640
-103.885183
-103.665539
-103.275591
-103.085462
-102.906621
-102.658975
-102.518574
-102.340065
-102.111450
-101.885272
-101.804005
-101.530878
-101.349749
-100.946711
-100.741046
-100.580777
-100.360501
-100.107106
-99.715361
-99.394511
-99.132757
-99.031820
-98.737606
-98.407526
-98.246327
-97.801318
-97.533522
-97.209889
-96.795859
-96.567468
-96.335358
-96.062649
-95.864298
-95.657149
-95.197215
-94.735257
-94.443091
-94.078176
-93.102593
-92.568695
-92.220939
-90.912920
-89.797864
-89.043947
-86.391865
