-290.543719
-223.253438
-214.438707
-208.805518
-205.255930
-202.002581
-199.180155
-196.666484
-194.223006
-192.193630
-190.308168
-188.669170
-187.146953
-185.727169
-184.318197
-183.079374
-181.842349
-180.689855
-179.591288
-178.557006
-177.580549
-176.709209
-175.798108
-174.926369
-174.092132
-173.252059
-172.435982
-171.664189
-170.832460
-170.154062
-169.383598
-168.685515
-167.947942
-167.264948
-166.585754
-165.842138
-165.141396
-164.479759
-163.778422
-163.095841
-162.435766
-161.789762
-161.147384
-160.508735
-159.869971
-159.280817
-158.643921
-158.046929
-157.390460
-156.736494
-156.059932
-155.433391
-154.791025
-154.207943
-153.542898
-152.857199
-152.283308
-151.633586
-150.976903
-150.359395
-149.774548
-149.043994
-148.371668
-147.675375
-146.966504
-146.220859
-145.553811
-144.835644
-144.111594
-143.462346
-142.757316
-142.040594
-141.307631
-140.570482
-139.805392
-139.012161
-138.217339
-137.419135
-136.539282
-135.640795
-134.857171
-133.940676
-133.115426
-132.208876
-131.265363
-130.108535
-129.192542
-127.992867
-126.704732
-125.471102
-124.224002
-122.776561
-121.202919
-119.461897
-117.685062
-115.709927
-113.507270
-110.690652
-106.645182
-101.533217
-77.115200
