-138.835627
-134.334185
-133.021425
-131.346106
-129.486446
-128.361644
-127.748592
-126.521264
-125.801289
-125.187026
-124.837450
-124.250780
-123.863092
-123.344759
-122.563537
-122.128784
-121.602505
-121.252709
-120.850841
-120.151865
-119.842877
-119.232306
-118.895207
-118.753075
-118.623225
-118.285887
-118.170293
-117.887001
-117.647162
-117.519206
-117.357922
-117.255918
-117.073709
-116.823761
-116.438680
-116.181067
-115.955428
-115.474320
-115.161177
-114.973732
-114.828570
-114.638573
-114.551939
-114.397343
-114.319272
-114.197473
-114.071525
-113.954305
-113.737086
-113.603197
-113.491134
-113.426660
-113.246655
-112.980617
-112.869005
-112.722526
-112.556236
-112.052561
-111.968324
-111.809741
-111.663132
-111.554474
-111.412865
-111.125595
-110.948539
-110.741564
-110.663926
-110.452520
-110.087804
-109.996729
-109.807546
-109.629829
-109.391518
-109.327175
-109.103043
-108.950270
-108.656972
-108.256400
-107.899636
-107.586178
-107.456249
-107.220748
-106.838124
-106.518897
-106.130966
-105.870731
-105.550258
-105.212604
-104.728740
-104.544425
-104.225498
-103.921248
-103.366985
-102.901521
-102.241314
-101.796007
-101.127613
-100.400323
-99.047136
-97.981949
-91.580587
