-147.989001
-137.382519
-134.691997
-132.698865
-129.116600
-126.322387
-124.020155
-120.615044
-118.648791
-117.851267
-113.433581
-111.742013
-110.937164
-108.766131
-106.171955
-105.078253
-104.150838
-102.681187
-102.110084
-101.318730
-100.243346
-99.117365
-97.999011
-97.512292
-97.116568
-96.875339
-96.486381
-95.911426
-95.196475
-95.000000
-95.000000
-95.000000
-95.000000
-95.000000
-95.000000
-95.000000
-95.000000
-95.000000
-95.000000
-95.000000
-95.000000
-95.000000
-95.000000
-95.000000
-95.000000
-95.000000
-95.000000
-95.000000
-95.000000
-95.000000
-95.000000
-95.000000
-95.000000
-95.000000
-95.000000
-95.000000
-95.000000
-95.000000
-95.000000
-95.000000
-95.000000
-95.000000
-95.000000
-95.000000
-95.000000
-95.000000
-95.000000
-95.000000
-95.000000
-95.000000
-95.000000
-95.000000
-95.000000
-95.000000
-95.000000
-95.000000
-95.000000
-95.000000
-95.000000
-95.000000
-95.000000
-95.000000
-95.000000
-95.000000
-95.000000
-95.000000
-95.000000
-95.000000
-95.000000
-95.000000
-95.000000
-95.000000
-95.000000
-95.000000
-95.000000
-95.000000
-95.000000
-95.000000
-95.000000
-95.000000
-95.000000
