-280.419478
-223.149865
-214.053425
-208.367995
-204.382827
-201.182449
-198.535415
-196.175811
-193.932797
-191.909352
-190.182125
-188.543212
-187.116379
-185.610511
-184.339908
-183.018911
-181.908212
-180.870842
-179.767496
-178.801012
-177.829531
-176.921855
-176.049404
-175.073033
-174.284502
-173.460696
-172.612775
-171.921635
-171.122772
-170.350845
-169.605220
-168.939656
-168.158347
-167.453784
-166.754401
-166.036736
-165.350956
-164.731081
-164.097456
-163.399106
-162.767696
-162.127631
-161.496004
-160.838186
-160.173410
-159.548146
-158.936331
-158.313814
-157.708555
-157.047504
-156.451401
-155.827197
-155.219343
-154.631370
-153.972433
-153.328354
-152.717911
-152.139805
-151.505854
-150.851689
-150.174000
-149.544700
-148.868995
-148.209925
-147.514606
-146.780986
-146.102743
-145.404236
-144.680864
-143.894243
-143.199854
-142.425621
-141.717697
-141.003194
-140.195186
-139.338370
-138.559354
-137.731726
-136.868959
-135.940898
-134.961372
-134.079745
-133.117767
-132.122159
-131.115162
-130.120629
-128.939540
-127.895063
-126.735769
-125.532373
-124.238566
-122.782668
-121.324780
-119.607620
-117.835674
-115.783918
-113.671228
-110.492950
-106.735706
-100.568389
-75.588018
