-140.989001
-130.382519
-127.691997
-125.698865
-122.116600
-119.322387
-117.020155
-113.615044
-111.648791
-110.851267
-106.433581
-104.742013
-103.937164
-101.766131
-99.171955
-98.078253
-97.150838
-95.681187
-95.110084
-94.318730
-93.243346
-92.117365
-90.999011
-90.512292
-90.116568
-89.875339
-89.486381
-88.911426
-88.196475
-87.789563
-87.481012
-87.089673
-86.550628
-85.943758
-85.570063
-85.074466
-84.537032
-83.998592
-83.661790
-83.430957
-83.315406
-83.067778
-82.738862
-82.441206
-82.165488
-81.770478
-81.568001
-81.207531
-80.949290
-80.811213
-80.056120
-79.938773
-79.738886
-79.569576
-79.130517
-78.902539
-78.454017
-78.015957
-77.815229
-77.500883
-77.245549
-76.898332
-76.634162
-76.363961
-76.046329
-75.844031
-75.604777
-75.340011
-75.120937
-74.686954
-74.457657
-74.249009
-73.990829
-73.817590
-73.680045
-73.366147
-73.289864
-73.098289
-72.748962
-72.444768
-72.131937
-71.764697
-71.503481
-71.162630
-70.577406
-70.153986
-69.839393
-69.457228
-69.121454
-68.604727
-68.102694
-67.545922
-67.256196
-67.023200
-66.841271
-66.436023
-65.462004
-64.721949
-63.940223
-63.027349
-57.616777
