-18.010062
-7.395550
-5.063726
-3.351012
-0.115821
0.827951
1.745340
2.462416
3.214934
3.790663
4.940610
5.492084
5.958849
6.433417
6.647811
6.937629
7.317584
7.457201
8.192506
8.509554
8.745356
9.479060
9.603132
9.917966
10.188456
10.545297
10.689589
11.014060
11.296948
11.394742
11.648638
12.169412
12.366925
12.562002
12.988094
13.270334
13.453529
13.555983
13.758621
13.950472
14.190825
14.503070
14.689167
14.930785
15.012303
15.195980
15.305392
15.392266
15.536758
15.761720
16.177976
16.361685
16.817826
17.152716
17.286439
17.471713
17.690647
17.918787
18.332389
18.497221
18.761427
19.071888
19.305997
19.551035
19.767018
19.955800
20.028493
20.415956
20.512841
20.687053
20.986048
21.250538
21.542884
21.737676
21.988908
22.178420
22.453160
22.792681
23.052554
23.426555
24.028966
24.337363
24.767609
25.260294
25.825605
26.104074
26.540293
26.797135
27.079816
27.616495
28.171340
28.607534
29.272682
30.366315
31.258879
31.905702
32.845894
33.499027
35.050523
36.362932
39.677292
