-38.613954
-30.363999
-27.439203
-25.358894
-23.231949
-18.079798
-16.964971
-14.219735
-12.449778
-10.854024
-6.893393
-4.480045
-2.834235
-1.924116
0.011461
0.947496
1.648284
3.043973
3.599809
4.860666
5.132942
5.610452
5.922846
6.469130
6.837162
7.050676
7.406308
7.686168
7.991494
8.340284
8.571674
8.917983
9.184389
9.375305
9.626833
9.854738
10.161969
10.378987
10.530500
10.613446
10.790687
10.908356
11.104844
11.413040
11.562975
11.670018
11.817733
11.927141
12.138757
12.251158
12.348304
12.444102
12.510316
12.599578
12.715662
12.762017
12.869080
12.903959
13.075772
13.137920
13.191005
13.273237
13.315721
13.376748
13.417004
13.524187
13.558939
13.616069
13.687119
13.722449
13.790392
13.873456
13.974798
14.040996
14.102754
14.164118
14.211472
14.253772
14.291583
14.316209
14.359122
14.402658
14.433470
14.461799
14.514306
14.577444
14.622711
14.676564
14.708945
14.739336
14.777436
14.807183
14.829869
14.853038
14.877242
14.894235
14.920008
14.933163
14.958102
14.968146
14.983017
