-127.989001
-117.382519
-114.691997
-112.698865
-109.116600
-106.322387
-104.020155
-100.615044
-98.648791
-97.851267
-93.433581
-91.742013
-90.937164
-88.766131
-86.171955
-85.078253
-84.150838
-82.681187
-82.110084
-81.318730
-80.243346
-79.117365
-77.999011
-77.512292
-77.116568
-76.875339
-76.486381
-75.911426
-75.196475
-74.789563
-74.481012
-74.089673
-73.550628
-72.943758
-72.570063
-72.074466
-71.537032
-70.998592
-70.661790
-70.430957
-70.315406
-70.067778
-69.738862
-69.441206
-69.165488
-68.770478
-68.568001
-68.207531
-67.949290
-67.811213
-67.056120
-66.938773
-66.738886
-66.569576
-66.130517
-65.902539
-65.454017
-65.015957
-64.815229
-64.500883
-64.245549
-63.898332
-63.634162
-63.363961
-63.046329
-62.844031
-62.604777
-62.340011
-62.120937
-61.686954
-61.457657
-61.249009
-60.990829
-60.817590
-60.680045
-60.366147
-60.289864
-60.098289
-59.748962
-59.444768
-59.131937
-58.764697
-58.503481
-58.162630
-57.577406
-57.153986
-56.839393
-56.457228
-56.121454
-55.604727
-55.102694
-54.545922
-54.256196
-54.023200
-53.841271
-53.436023
-52.462004
-51.721949
-50.940223
-50.027349
-44.616777
