-142.003063
-131.579863
-128.296711
-124.972051
-122.921001
-120.667850
-118.330904
-117.222915
-115.263327
-112.982059
-110.868435
-108.201780
-107.219398
-104.819698
-103.839834
-102.161522
-100.405344
-99.003715
-98.128296
-97.509142
-96.998474
-96.092159
-95.335016
-94.617388
-93.890930
-93.113216
-92.868443
-92.530124
-91.959653
-91.452058
-91.110564
-90.675205
-90.349295
-90.144182
-89.679899
-89.363951
-89.223137
-88.851666
-88.273433
-88.113381
-87.955673
-87.601380
-87.292435
-87.145881
-87.037255
-86.805050
-86.622096
-86.479225
-85.926838
-85.829979
-85.583404
-85.384499
-85.237657
-85.044690
-84.851961
-84.639965
-84.410695
-83.963783
-83.793298
-83.640174
-83.258952
-82.954699
-82.721709
-82.239937
-82.008946
-81.904535
-81.529208
-81.316257
-81.063278
-80.971400
-80.791320
-80.612901
-80.387357
-80.085541
-79.615344
-79.261150
-78.839062
-78.562786
-78.330056
-77.978013
-77.655473
-77.281425
-77.018664
-76.860705
-76.516308
-75.981119
-75.620293
-75.098298
-74.685274
-74.320746
-73.433938
-72.886012
-72.355258
-72.112701
-71.720121
-71.053861
-70.785317
-69.391400
-67.873573
-66.025037
-62.521051
