-7.383223
-1.437111
-0.853333
-0.272288
0.868790
1.505431
1.867358
2.041494
2.309711
2.574057
3.281507
3.619576
4.128799
4.534556
4.869047
5.293511
5.592197
6.221187
6.524717
6.779954
7.200787
7.447619
7.750268
8.137276
8.295631
8.375256
8.680050
8.852568
8.992844
9.258367
9.560071
9.836273
10.157338
10.345211
10.610730
10.871777
11.078435
11.398247
11.665506
11.915053
12.301278
12.607718
12.943104
13.040016
13.540041
13.906064
14.182431
14.576754
14.767082
14.939821
15.208623
15.826819
15.953147
16.280821
16.605250
16.873436
17.229464
17.471979
17.841450
18.100857
18.318366
18.452486
18.831037
19.196429
19.606124
20.149226
20.587465
20.986811
21.606120
22.170630
22.516693
22.910874
23.000000
23.000000
23.000000
23.000000
23.000000
23.000000
23.000000
23.000000
23.000000
23.000000
23.000000
23.000000
23.000000
23.000000
23.000000
23.000000
23.000000
23.000000
23.000000
23.000000
23.000000
23.000000
23.000000
23.000000
23.000000
23.000000
23.000000
23.000000
23.000000
