-20.7994
-7.82742
-4.7415
-3.15499
-1.70681
-0.438917
0.562776
1.47449
2.29821
3.11161
3.74857
4.44778
4.98814
5.45558
6.02657
6.54279
7.11421
7.53658
8.1189
8.58013
8.99617
9.46831
9.84834
10.2649
10.6354
10.9795
11.3411
11.6478
12.0675
12.42
12.7512
13.1656
13.5051
13.7835
14.1211
14.4566
14.755
15.0647
15.3775
15.6798
16.0125
16.3239
16.575
16.8575
17.1724
17.5017
17.7738
18.0398
18.3167
18.591
18.9246
19.2552
19.5105
19.8102
20.0807
20.3859
20.6731
20.9973
21.2699
21.5413
21.8494
22.129
22.3795
22.6505
22.9226
23.2307
23.5661
23.9113
24.2031
24.5245
24.8175
25.0724
25.3824
25.6746
26.0498
26.3466
26.6446
26.9907
27.3062
27.7386
28.1081
28.4549
28.8505
29.2026
29.6042
30.0615
30.4721
30.8876
31.3473
31.7868
32.2688
32.8011
33.3977
33.93
34.6378
35.4543
36.392
37.4614
38.788
41.128
51.0995
