-40.8782
-28.5711
-25.3614
-23.591
-22.21
-20.9924
-19.8546
-18.8682
-18.1541
-17.2653
-16.6157
-15.8576
-15.0886
-14.5374
-13.8851
-13.2129
-12.6632
-11.9384
-11.3127
-10.7174
-10.1485
-9.61084
-9.06701
-8.53022
-8.06813
-7.52191
-6.89447
-6.30805
-5.79786
-5.28185
-4.73964
-4.24328
-3.69449
-3.21777
-2.61632
-2.10834
-1.67075
-1.2999
-0.760319
-0.252919
0.268466
0.774149
1.25406
1.72826
2.17847
2.64426
3.01992
3.49197
3.93811
4.42123
4.93089
5.33863
5.82725
6.32083
6.7414
7.14434
7.55443
8.09104
8.41939
8.79404
9.15649
9.61738
10.0471
10.4623
10.9477
11.4118
11.8777
12.3209
12.8565
13.2881
13.7337
14.1849
14.6896
15.1788
15.7055
16.1308
16.6065
17.0231
17.4793
18.0014
18.3635
18.6602
18.8529
18.9982
19.0941
19.1663
19.2169
19.2552
19.2864
19.3102
19.3265
19.3401
19.3533
19.3634
19.3708
19.3778
19.383
19.3872
19.3909
19.3947
19.3996
