-143.465
-129.284
-126.305
-124.524
-123.093
-121.853
-120.894
-119.928
-118.955
-118.153
-117.418
-116.65
-115.888
-115.28
-114.626
-114.102
-113.51
-112.758
-112.185
-111.585
-111.069
-110.526
-110.029
-109.505
-109.012
-108.493
-107.93
-107.361
-106.809
-106.303
-105.824
-105.321
-104.906
-104.429
-103.908
-103.381
-102.829
-102.298
-101.714
-101.232
-100.783
-100.243
-99.7134
-99.2505
-98.8176
-98.4303
-97.8518
-97.3709
-96.9375
-96.4574
-96.0271
-95.5731
-95.1598
-94.6792
-94.2214
-93.812
-93.388
-92.9455
-92.5135
-92.067
-91.6283
-91.2063
-90.8245
-90.4097
-89.9764
-89.5511
-89.1567
-88.6027
-88.1708
-87.7155
-87.2526
-86.6753
-86.144
-85.6839
-85.2147
-84.6618
-84.0692
-83.3843
-82.6793
-81.9932
-81.2919
-80.492
-79.4809
-78.6356
-77.7265
-76.6091
-75.7628
-74.9053
-74.0754
-73.0809
-72.2687
-71.4701
-70.8094
-69.967
-69.2466
-68.4066
-67.4725
-66.3174
-65.1737
-63.2038
-57.9602
