-134.213
-120.442
-117.798
-115.932
-114.472
-113.189
-112.043
-110.996
-110.017
-109.117
-108.28
-107.602
-106.859
-106.183
-105.448
-104.843
-104.214
-103.7
-103.058
-102.453
-101.929
-101.354
-100.802
-100.397
-99.8818
-99.3802
-98.7445
-98.25
-97.738
-97.1686
-96.6577
-96.1427
-95.681
-95.2395
-94.8066
-94.3415
-93.911
-93.4751
-92.9799
-92.5619
-92.1329
-91.7325
-91.3147
-90.8986
-90.5033
-90.0249
-89.5819
-89.098
-88.7304
-88.2365
-87.7579
-87.2741
-86.8639
-86.4016
-85.9304
-85.4194
-85.0452
-84.5433
-84.0803
-83.6364
-83.1934
-82.6258
-82.1514
-81.6505
-81.1639
-80.61
-80.047
-79.4719
-78.9344
-78.4254
-77.9014
-77.2535
-76.7608
-76.1969
-75.6959
-75.0706
-74.3487
-73.7799
-73.185
-72.6197
-71.9471
-71.2604
-70.5231
-69.8711
-69.31
-68.6613
-67.9523
-67.2294
-66.579
-65.8296
-64.9238
-64.0527
-63.0985
-61.9483
-60.9292
-59.5922
-57.9042
-56.1063
-53.6464
-49.4301
-31.7541
