-132.483
-123.766
-121.857
-120.708
-119.855
-119.231
-118.647
-118.127
-117.703
-117.318
-116.935
-116.537
-116.203
-115.859
-115.483
-115.184
-114.872
-114.599
-114.267
-114.009
-113.779
-113.483
-113.274
-113.025
-112.771
-112.492
-112.251
-112.02
-111.776
-111.509
-111.277
-111.036
-110.811
-110.593
-110.384
-110.159
-109.935
-109.686
-109.473
-109.256
-109.014
-108.796
-108.545
-108.335
-108.135
-107.95
-107.677
-107.454
-107.199
-106.961
-106.732
-106.516
-106.298
-106.069
-105.827
-105.569
-105.328
-105.096
-104.864
-104.655
-104.389
-104.164
-103.949
-103.687
-103.412
-103.169
-102.91
-102.608
-102.297
-102.03
-101.695
-101.432
-101.185
-100.87
-100.562
-100.232
-99.8089
-99.4858
-99.1227
-98.798
-98.4052
-98.011
-97.6258
-97.313
-96.9591
-96.4596
-95.9756
-95.3929
-94.8254
-94.2927
-93.6628
-93.0644
-92.2804
-91.4923
-90.7152
-89.6721
-88.1401
-86.4895
-84.3805
-81.2801
-70.6287
