58.1
89.8469
52.7874
23.2077
105.842
54.1595
77.3699
37.3557
14.1967
97.1063
73.9288
98.4138
69.066
43.6203
47.9825
44.4568
95.0081
0.059446
62.178
98.2317
77.9956
87.6481
71.8664
71.675
56.9683
51.2199
108.088
42.539
69.7021
47.8264
86.98
97.9231
46.8164
14.2748
73.6221
40.1827
27.5825
55.3742
89.469
96.1573
93.1405
102.488
41.6258
90.5673
33.2293
92.2561
42.2684
100.262
69.2725
82.0333
55.2661
63.1672
24.8134
77.7877
45.4718
54.8793
54.0869
19.3326
62.627
76.6304
105.525
90.4307
76.4507
63.2951
98.4383
98.1428
97.851
89.1945
76.6477
37.4683
57.5117
71.98
49.4859
80.9961
55.0137
39.0427
84.6534
86.8405
62.124
2.63413
68.4398
28.5913
66.3475
73.7706
13.6969
60.9224
54.428
19.39
67.5019
86.8805
77.0491
66.4421
57.3054
35.7499
105.492
86.5077
3.3575
24.0021
40.7715
17.647
75.6369
81.256
11.2375
62.8098
100.197
97.2541
111.08
92.8759
87.6815
74.7147
88.9746
43.1663
68.4364
25.6653
55.9077
84.1336
6.05065
47.8105
64.6631
8.02747
55.3564
46.4183
82.2011
46.0143
96.7564
66.0981
73.7492
48.2601
81.3164
77.3945
57.9964
103.374
60.8481
74.2313
100.602
67.3644
64.4725
80.2068
24.0764
39.9992
82.1025
76.4156
73.4905
44.065
100.162
32.5471
32.6997
79.9809
62.6704
27.215
5.12948
45.4355
12.4683
55.1539
92.1935
55.5533
85.2109
76.8046
29.5281
56.271
80.874
47.8679
82.8365
40.1446
101.813
67.6244
40.0434
45.5352
55.4345
59.8725
98.9416
66.6966
99.0382
76.116
53.3636
82.8461
68.4096
107.135
72.6064
3.98991
52.1225
52.5833
33.1767
28.2811
59.5517
37.3591
82.0905
37.3591
73.1013
74.6505
82.6128
42.2546
68.0711
80.0971
51.397
112.676
81.9988
7.53231
29.7027
87.8659
-26.8714
-8.71715
-76.1355
-39.2828
-85.468
-70.5785
-43.1112
-48.6727
-57.7568
-0.0318234
-80.0132
-30.0846
-1.4014
-90.6431
-41.3609
-54.8916
-58.88
-101.544
-62.1984
-95.7355
-6.54713
-73.2077
-68.9563
-75.6153
-49.4449
-23.2133
-82.3153
-73.6337
-104.198
-43.6476
-43.3085
-80.905
-40.0296
-59.7081
-104.947
-105.849
-89.1611
-80.6117
-89.0909
-35.5597
-57.212
-62.5168
-98.612
-112.113
-82.5497
-58.8721
-77.7868
-44.5976
-1.79164
-102.176
-11.1813
-37.1205
-62.5112
-78.8672
-52.4514
-31.8275
-25.6132
-41.331
-35.3023
-54.7339
-99.0136
-86.5724
-109.899
-48.9458
-80.7785
-67.9333
-87.007
-54.7934
-55.1428
-95.1996
-31.0673
-71.6491
-76.6899
-65.164
-58.9041
-38.827
-74.3784
-70.4133
-37.5902
-55.8299
-53.6592
-86.6369
-39.1171
-60.0006
-33.8104
-60.514
-95.167
-98.0277
-82.8745
-50.13
-88.5171
-64.8117
-3.18415
-36.5474
-84.4608
-110.412
-100.328
-47.5019
-80.2034
-58.0998
-69.1908
-93.4624
-69.0043
-58.4586
-27.1096
-62.7532
-70.3298
-33.7176
-23.3844
-110.222
-83.3269
-40.0957
-34.4949
-70.9346
-48.2109
-77.2693
-49.4796
-38.1162
-99.9409
-32.2232
-0.607903
-40.2662
-52.8276
-43.8009
-99.61
-112.276
-94.0693
-60.5023
-76.1829
-49.7669
-57.3816
-1.14431
-58.8419
-36.4166
-111.882
-54.0935
-83.8788
-98.9894
-59.7287
-37.6154
-44.7643
-66.1878
-78.9275
-91.0642
-26.2191
-112.009
-90.3536
-40.2546
-41.3107
-89.4891
-102.467
-33.2237
-77.4278
-43.8977
-106.238
-54.8699
-29.6117
-78.6702
-49.1448
-108.849
-8.03952
-114.574
-10.4099
-34.2764
-40.0133
-8.84951
-6.51993
-58.5822
-42.5189
-66.0003
-66.6092
-38.0212
-67.5019
-107.055
-112.912
-33.6876
-53.435
-112.955
-91.6772
-41.1747
-23.9433
-61.3026
-85.0817
-4.02713
-70.5909
-73.3218
-104.619
-83.7681
-94.7013
-44.0487
-44.9787
-114.221
-43.3121
-99.0311
-101.407
-54.0409
-49.7405
-57.7173
-111.734
-6.7242
19.3643
-34.0642
52.9871
-22.4482
6.77907
-43.3693
-11.1297
-2.15677
-30.9014
-31.6109
44.9713
52.3201
5.8499
12.039
-12.58
4.99689
-42.5183
-51.2204
22.2681
-0.535723
12.1621
16.0362
47.8019
-30.8656
45.7977
26.0155
-12.256
24.6127
-51.4743
4.51548
53.734
-9.01215
1.80057
-20.7966
43.3792
-33.9374
-17.9273
48.998
-21.4138
-4.87517
-10.1993
29.5384
-43.9402
-31.1508
-1.16108
-34.4472
17.6912
-55.4368
-20.4559
-53.8773
17.7612
2.82115
-44.9516
50.8885
9.45643
45.4627
5.71864
53.2556
-24.6405
-41.8461
43.1752
-13.8705
-35.2823
-23.6456
-35.6982
-14.7995
43.5614
-40.4759
1.32181
-47.3103
-29.7233
-17.6
-46.4172
20.5933
34.5822
-22.1706
36.6286
-33.936
-38.2203
-28.0739
-14.8402
-41.1252
55.505
10.1699
29.5771
-11.6257
-27.1867
31.9696
-37.947
-33.7793
24.7949
-32.1386
-25.4639
-34.209
26.4887
-35.9616
5.51688
-16.1417
-45.2661
56.0316
-46.2458
-8.03147
-8.56548
-43.9213
-37.5569
-31.7764
-6.81414
13.3217
0.469039
-24.3679
24.6458
16.9814
-49.1012
-45.9291
8.12478
55.3365
33.8533
-24.7178
-25.4865
13.6919
-13.2272
-35.006
7.89383
-49.978
-15.896
-43.4796
-37.2952
-38.6883
45.6148
40.0188
43.9547
8.94072
49.0163
3.31967
-29.0415
-33.6548
10.2449
11.686
27.877
8.02623
34.7811
23.196
-27.7144
1.69819
-12.8188
-10.3868
-31.3382
-10.0528
28.2555
-37.7164
3.85955
56.5241
-13.6382
41.9622
-3.78208
28.0564
22.3192
-20.6352
14.6309
-15.489
-43.8789
-40.1843
-37.9273
19.8808
31.9759
-52.2224
-32.1555
-33.5763
-39.6558
-33.937
5.90183
-44.0532
25.563
-45.3446
47.919
2.78665
50.8619
-0.877846
39.7538
34.565
18.1711
-42.3755
55.3145
-57.0008
-27.0465
5.28244
27.1346
4.57464
12.1942
50.9379
35.8627
56.8974
-45.0503
4.2455
-44.8721
51.5638
-37.8659
-43.2487
-4.63707
57.1964
174.699
271.712
199.183
200.877
213.82
231.856
241.219
231.446
210.676
262.201
226.054
277.533
231.484
215.86
189.171
267.202
262.493
281.819
270.726
213.743
213.566
256.162
252.33
181.232
250.161
208.627
264.927
230.663
231.688
225.58
205.76
281.447
269.54
287.914
237.608
240.905
242.88
257.082
286.462
217.931
248.987
203.639
221.653
226.259
218.596
284.787
286.44
275.656
287.981
239.675
267.963
210.275
269.709
194.569
207.637
279.274
238.017
207.62
286.603
268.904
278.448
257.904
248.901
199.994
196.791
263.319
218.145
227.036
232.147
187.339
240.482
234.629
268.19
187.754
218.202
186.272
220.802
244.442
216.767
235.14
268.108
260.964
215.171
233.691
279.804
195.451
242.606
257.524
252.263
237.641
233.527
278.927
201.731
222.907
175.65
241.228
253.904
181.661
250.822
211.537
234.041
252.36
247.423
260.64
275.992
238.599
219.464
269.735
254.128
281.758
223.592
279.293
250.242
221.892
228.031
241.566
272.123
175.739
221.682
258.035
231.091
183.386
198.947
261.816
248.034
188.728
210.503
192.294
177.276
257.285
228.356
225.936
262.718
220.396
266.767
196.999
272.136
196.866
185.62
202.455
179.087
179.395
281.066
204.607
217.074
226.197
174.881
219.421
252.546
253.595
254.726
228.646
245.695
238.498
281.901
210.318
226.148
283.575
271.427
255.359
177.681
277.969
221.88
231.805
258.051
225.3
178.828
218.382
228.773
267.958
215.776
246.954
222.599
216.851
253.789
222.152
223.658
248.263
205.923
215.483
232.499
247.133
209.678
262.86
230.172
211.277
225.673
238.782
212.517
226.483
253.387
237.989
251.665
188.888
235.979
281.369
206.448
219.033
266.082
264.862
114.846
138.538
93.4281
114.496
78.2331
109.09
130.036
79.2761
107.694
119.761
127.412
118.131
86.9292
99.9653
130.859
76.6061
119.891
104.14
107.465
133.571
134.797
63.1718
106.98
139.057
167.038
76.8251
145.742
76.9821
155.07
133.46
96.4006
89.6485
171.438
86.2991
108.017
117.022
128.953
149.103
110.135
113.045
88.8061
97.2431
68.7433
113.39
129.032
73.1056
84.9336
129.902
126.289
118.925
68.7134
120.894
145.168
141.743
87.8889
164.145
64.7198
94.7258
117.295
78.2984
163.783
65.3709
126.27
141.37
69.7495
99.4014
167.791
80.2947
134.068
84.353
71.5935
106.597
73.033
85.0568
88.2842
91.0954
124.772
148.592
115.022
120.166
119.583
74.5281
117.613
129.785
132.479
95.3446
63.768
135.683
110.896
121.98
137.873
141.111
111.037
153.237
102.434
64.8156
137.553
99.0834
140.78
135.849
113.141
67.6657
81.7141
106.612
102.969
101.753
125.557
134.881
97.225
75.1809
77.5892
113.485
100.061
63.463
154.177
136.675
84.1367
107.5
101.81
121.295
86.3796
120.153
160.049
74.7146
123.082
121.928
125.701
87.6767
133.977
111.746
122.252
96.8442
102.103
131.35
134.793
101.118
66.6608
85.4126
79.8166
96.7365
129.322
70.1165
136.053
131.975
73.3434
133.668
117.711
88.3355
69.7285
154.82
79.5404
111.749
125.497
104.587
107.38
103.988
69.0839
105.644
110.343
76.9941
72.4879
111.651
104.818
87.2366
85.4932
90.8068
162.771
155.984
92.045
77.3283
89.9133
107.332
153.656
142.973
115.096
159.72
74.4266
80.7934
166.19
105.686
81.1798
122.383
75.6181
134.763
75.9802
81.4111
117.246
111.454
125.331
106.71
116.193
67.9374
123.168
88.0381
71.1568
76.9768
98.7491
77.2689
107.93
94.0093
199.094
184.873
121.066
225.307
190.227
173.372
159.368
219.995
159.003
206.364
184.424
131.267
226.506
198.408
177.233
207.06
178.078
117.148
138.9
135.722
199.839
116.996
128.662
161.816
181.221
219.584
178.024
187.228
209.906
197.396
169.788
218.621
172.103
148.805
179.456
213.701
176.344
202.139
180.518
219.877
182.862
172.142
137.224
156.393
171.343
165.953
172.283
214.764
167.549
128.677
176.469
170.251
134.185
200.58
209.166
154.405
140.935
199.719
193.7
202.513
145.364
161.136
124.953
227.946
199.734
189.742
191.302
166.731
196.047
150.43
117.938
170.393
126.566
149.41
122.329
218.483
156.532
187.619
188.082
172.877
139.188
163.26
158.982
133.942
218.253
205.743
162.709
167.094
184.308
132.133
194.812
134.594
136.157
198.635
141.365
189.045
179.409
146.376
140.258
217.035
116.83
189.599
184.168
148.082
196.93
226.639
206.351
215.554
173.375
147.495
217.848
140.547
143.189
192.239
222.75
152.096
161.962
157.943
222.951
225.078
190.284
182.384
147.224
223.587
188.665
229.767
134.048
132.066
204.241
206.357
139.098
211.809
219.344
196.405
204.553
133.158
161.872
117.699
180.676
177.934
145.023
146.344
146.772
187.674
138.87
224.277
181.031
159.341
199.935
116.753
151.883
211.521
146.742
183.385
161.375
160.975
165.5
146.808
211.519
143.683
204.378
125.884
226.911
179.963
127.482
174.098
144.218
210.187
229.852
220.219
217.173
189.73
222.236
116.067
142.826
147.356
167.534
157.368
181.905
181.879
219.934
217.612
160.145
120.683
151.941
203.002
172.174
224.732
158.102
181.534
198.975
188.846
141.845
219.332
214.025
187.545
157.731
203.196
227.183
138.319
31.0422
52.8349
81.3502
64.3696
53.8144
25.1218
107.392
49.1885
27.2739
73.6904
72.6021
69.1027
96.5177
107.902
72.8903
40.3973
31.2133
17.6704
107.04
17.9469
39.0396
56.0301
59.0908
52.3059
10.7178
47.4939
25.9524
80.8273
72.8883
71.401
67.1799
84.8814
62.1577
61.187
35.9342
44.3751
95.5939
41.0569
64.5415
53.9205
67.4283
79.9751
43.9176
49.0899
67.2369
108.753
19.3649
22.7837
65.0538
40.2919
7.33643
41.4147
36.2575
53.0106
44.7137
30.6905
80.2662
81.6245
52.3845
69.9847
94.2717
74.4564
37.9772
41.9932
90.2299
47.2987
76.1986
38.7051
78.4075
84.3767
73.0303
54.1133
92.4597
65.5329
37.9263
20.7694
67.8237
54.2266
18.4233
46.6801
68.2609
39.0566
91.3125
92.7263
27.515
27.6326
22.9032
75.5553
39.5471
56.6721
51.111
83.7011
58.161
34.18
115.424
64.1605
95.3522
75.1863
94.1189
98.5734
95.2638
87.9583
34.3691
55.1173
64.5984
10.6525
27.408
35.5213
97.5724
23.874
62.1377
36.559
38.1024
48.347
6.74161
79.651
28.8805
93.3293
48.8403
69.9288
86.8418
32.8791
67.8854
79.7034
25.5805
62.2598
47.1558
39.7638
62.2111
72.0929
0.626171
45.7073
13.8986
60.4428
111.658
71.7189
70.1678
75.0985
109.086
84.6659
73.1055
64.797
107.879
54.9347
86.6828
46.4942
66.9677
102.896
33.1577
46.1533
68.4843
113.146
105.995
54.0699
47.8816
54.9219
83.1197
79.601
85.6047
55.2638
33.2663
65.443
61.1548
38.3561
107.711
84.0323
109.988
70.6661
80.1238
38.8629
106.88
62.7994
80.8201
55.5859
110.499
63.014
112.128
6.46787
76.9165
33.3632
76.7938
100.663
69.5844
70.2669
36.6862
69.0623
74.7744
107.191
72.7012
61.063
2.01273
64.0079
63.7159
37.8816
40.5185
71.1791
0.678848
66.6701
66.6711
67.9691
-101.149
-106.541
-106.464
-56.3505
-44.627
-8.40201
-55.7018
-25.7438
-44.4751
-84.8614
-81.7697
-60.8224
-29.0202
-63.5008
-42.1911
-106.888
-92.9712
-53.7337
-22.6027
-28.1932
-51.2178
-48.1352
-51.1444
-99.9991
-64.4445
-106.37
-88.1445
-41.3702
-82.0218
-75.9356
-38.3311
-79.0658
-30.2301
-76.9003
-87.2617
-56.4327
-1.29665
-29.6297
-75.062
-95.4182
-41.1727
-94.5194
-63.1926
-76.3547
-48.9457
-2.56154
-48.7796
-66.7314
-92.0015
-2.60566
-25.2431
-89.8503
-39.6489
-92.0705
-92.9012
-33.5075
-15.7035
-17.7619
-49.6569
-19.1979
-108.766
-94.4367
-108.562
-30.1749
-72.3171
-42.5936
-71.2218
-9.51015
-95.5184
-43.0438
-75.0561
-46.1573
-91.2247
-105.363
-106.162
-75.8504
-29.5021
-79.1468
-75.7752
-5.70975
-108.717
-16.4076
-96.1674
-18.7179
-45.4926
-31.3175
-49.4105
-95.2273
-43.4436
-20.4519
-99.2509
-114.811
-113.685
-31.1767
-86.6603
-87.2934
-42.5947
-5.99238
-48.2666
-49.2982
-40.954
-13.0506
-81.7254
-61.9135
-70.771
-62.6053
-58.6184
-50.7353
-94.1891
-81.3375
-64.4003
-113.197
-95.3913
-90.5685
-104.173
-30.4585
-37.2135
-75.5585
-62.9018
-89.3971
-54.5397
-86.9215
-74.6188
-104.084
-75.9254
-51.7851
-86.6487
-79.4433
-107.682
-97.0457
-65.9715
-103.38
-10.6505
-43.0535
-21.476
-100.935
-90.4384
-74.2546
-4.93672
-17.1546
-92.1566
-41.1069
-81.3037
-99.9581
-32.0837
-105.654
-34.0466
-96.4841
-72.5329
-105.937
-52.0799
-9.07097
-72.8874
-62.9997
-80.578
-85.3429
-51.7133
-28.7095
-105.251
-59.6399
-40.925
-100.477
-55.7692
-85.8171
-96.3809
-63.2215
-60.293
-80.1793
-34.5979
-50.2542
-28.736
-6.10742
-112.316
-115.288
-26.6834
-78.2666
-109.194
-69.2396
-45.2267
-28.2643
-63.9168
-106.122
-70.5312
-91.9475
-97.4252
-54.5935
-60.8287
-91.6704
-104.496
-19.6756
-51.5184
-7.09402
-35.1886
-79.4562
-58.1724
-82.899
-24.9624
-57.335
-36.6382
-47.1608
-18.5634
-17.2953
10.958
44.9062
15.2127
-5.70362
-36.7084
-0.560087
-39.9435
55.3795
-13.8076
28.9255
-20.6195
28.021
-7.70168
14.2859
-6.17074
47.5674
14.958
-22.2152
-1.59769
-26.2692
56.2285
-55.0495
28.3536
11.5942
7.91389
-23.1749
27.7032
-16.8496
-46.4048
13.0827
-23.4874
-52.216
-17.1052
57.4878
-46.5921
-27.1847
-12.2828
-49.9591
-32.2515
55.8272
-24.9524
54.4527
32.0991
31.4863
50.5137
-54.835
34.6902
-9.18985
4.27746
31.7663
-6.8249
-44.4032
-16.0623
-35.2871
-9.92195
-23.0802
14.2778
-8.05224
31.5519
41.0849
21.2918
15.8374
-2.59254
29.8808
-28.9593
-8.43247
-21.8238
-18.7489
-39.5595
30.0337
6.75657
-29.0505
0.971456
-34.5152
-16.5985
-25.6273
48.2959
24.1328
-29.4798
10.1595
47.9053
-55.9377
0.57032
-37.2735
19.7422
-34.7383
16.6198
-27.7799
-30.6559
38.6119
0.316728
-57.035
18.8425
-56.804
-35.5624
52.3345
18.9925
0.00789928
-17.7472
23.096
-14.8073
44.8747
-11.4296
41.5172
-55.0056
-13.1689
43.5399
2.14575
0.582625
-39.6194
31.8357
14.3675
6.87364
1.85917
5.87563
-47.3528
0.174466
30.6856
10.9322
36.6645
47.4378
12.0006
12.6976
-43.9866
-1.54372
-2.03052
-49.5425
41.1813
9.29676
-35.7618
34.7207
39.1658
28.3737
-29.5455
53.9836
35.6721
-26.2476
54.468
32.7034
6.94347
8.00607
-23.8499
37.3207
-20.3642
21.1147
-28.0234
48.7291
23.8843
-23.2604
24.5607
9.21201
-23.4646
-1.85968
-3.51795
-2.91863
53.6474
-47.0346
-18.3729
-42.4013
0.536103
0.32837
-2.77628
53.5587
-6.93094
3.36865
22.2903
15.3321
-4.12765
-56.1225
-2.51969
44.4566
51.39
-47.9111
9.11084
20.3325
-20.5088
-32.0902
-47.9013
-57.1221
29.8893
1.35459
14.2171
38.9068
-9.04212
39.6725
19.8042
35.1452
29.4123
6.35101
26.4376
-38.3128
44.8578
-42.0871
-19.5628
2.26269
-3.67212
23.5422
-50.0248
-114.719
-80.2033
-125.874
-91.8058
-95.5015
-120.093
-128.464
-110.021
-88.7046
-97.0191
-137.302
-78.4286
-78.2901
-129.423
-133.573
-79.25
-110.466
-85.4303
-90.8714
-83.0522
-108.598
-111.944
-152.976
-133.294
-118.996
-111.092
-167.901
-75.3792
-91.6955
-123.742
-127.904
-97.9339
-69.2308
-118.824
-95.2868
-133.749
-99.4233
-79.0957
-91.9489
-104.83
-121.2
-84.801
-93.1935
-85.1084
-105.343
-108.787
-137.102
-87.7247
-92.7103
-102.177
-121.486
-146.492
-59.5798
-134.144
-113.283
-103.338
-140.352
-125.125
-109.458
-171.216
-101.853
-151.468
-80.4368
-125.777
-139.075
-167.757
-75.5013
-104.443
-133.318
-118.212
-101.702
-129.52
-118.45
-128.888
-95.4948
-58.7168
-115.996
-90.9955
-110.237
-88.0456
-127.963
-71.6585
-144.238
-64.6132
-63.1499
-112.347
-131.008
-81.5094
-121.917
-121.375
-80.6278
-109.579
-102.468
-102.893
-65.9855
-112.765
-95.6372
-130.147
-60.9447
-139.428
-157.529
-111.136
-89.4348
-132.344
-133.786
-85.5638
-169.834
-85.1215
-147.53
-129.035
-84.8464
-127.189
-95.3701
-67.6117
-61.8907
-129.412
-121.664
-116.495
-140.554
-134.575
-65.0389
-108.951
-126
-143.124
-85.4937
-66.7109
-151.735
-127.802
-96.8687
-122.222
-156.933
-161.157
-69.4594
-119.783
-114.982
-73.7619
-80.4396
-108.763
-92.3401
-99.7382
-119.546
-116.764
-170.746
-148.913
-136.801
-98.9138
-70.3349
-144.442
-92.8477
-116.485
-125.673
-163.687
-113.067
-101.144
-137.647
-90.1981
-135.96
-66.8478
-109.608
-108.088
-123.425
-135.061
-142.629
-114.07
-154.4
-104.603
-89.5012
-71.6896
-121.819
-63.8067
-89.739
-160.889
-96.5878
-127.277
-130.795
-67.4062
-83.9475
-107.503
-121.36
-100.266
-70.4392
-122.87
-59.1062
-146.373
-83.8228
-94.9245
-152.779
-160.59
-117.112
-154.869
-135.652
-73.7959
-92.014
-103.038
-139.755
-167.342
-116.992
-65.0625
-146.259
-102.887
-206.29
-270.857
-220.822
-238.161
-234.216
-186.411
-225.277
-255.873
-266.135
-267.051
-232.692
-286.508
-285.042
-279.268
-200.439
-256.504
-201.685
-279.717
-211.618
-278.4
-238.057
-216.472
-231.29
-196.684
-176.159
-201.889
-213.373
-219.434
-254.46
-241.297
-251.835
-240.975
-188.068
-276.797
-271.395
-198.185
-235.16
-202.99
-246.702
-224.105
-212.699
-258.574
-234.627
-217.47
-261.38
-286.138
-243.13
-269.6
-237.786
-259.039
-223.545
-264.666
-262.447
-215.413
-229.951
-238.689
-208.66
-264.231
-249.195
-244.985
-245.483
-221.321
-277.181
-180.926
-219.836
-264.57
-260.453
-211.109
-246.91
-206.862
-224.552
-223.409
-235.696
-236.958
-224.308
-222.602
-250.453
-256.302
-229.628
-212.367
-253.645
-215.403
-225.055
-243.272
-278.288
-272.27
-227.728
-186.811
-197.976
-273.781
-270.588
-261.191
-244.339
-232.477
-210.963
-240.614
-235.331
-245.685
-229.302
-233.636
-229.775
-194.531
-243.24
-254.595
-248.03
-212.833
-210.251
-183.21
-215.579
-236.595
-234.895
-267.026
-245.524
-256.773
-271.682
-198.86
-221.278
-238.74
-192.692
-221.401
-203.469
-175.895
-243.261
-256.629
-207.925
-275.258
-273.136
-205.683
-260.828
-223.232
-260.575
-258.404
-245.561
-269.653
-269.972
-209.891
-258.463
-252.385
-235.815
-262.712
-174.816
-261.159
-288.121
-242.846
-217.529
-228.51
-218.259
-256.385
-285.114
-243.508
-242.844
-240.373
-240.99
-197.916
-212.025
-209.573
-193.045
-257.292
-257.771
-260.384
-252.727
-183.368
-199.25
-286.45
-246.992
-182.13
-270.931
-232.477
-190.24
-282.207
-223.607
-231.104
-276.115
-271.533
-209.805
-176.593
-196.833
-187.72
-179.194
-250.751
-228.651
-223.916
-204.356
-256.79
-268.456
-261.336
-277.82
-191.848
-246.286
-274.691
-194.273
-205.215
-272.219
-284.208
-190.246
-255.255
-237.7
-219.991
-218.507
-263.168
-163.771
-192.364
-200.625
-205.103
-189.059
-124.728
-146.399
-119.898
-207.155
-217.856
-203.676
-144.895
-124.783
-189.662
-228.08
-161.222
-223.585
-125.821
-132.373
-185.832
-200.286
-210.828
-148.296
-207.374
-190.751
-142.556
-140.642
-158.639
-162.402
-176.643
-193.813
-188.226
-199.62
-223.988
-162.48
-199.81
-147.672
-203.753
-216.887
-155.447
-121.008
-195.496
-192.918
-178.049
-149.93
-196.022
-129.228
-173.375
-191.849
-159.488
-149.24
-133.431
-228.04
-144.766
-206.976
-138.409
-199.512
-128.02
-149.233
-145.316
-187.35
-222.925
-188.43
-132.003
-228.172
-213.219
-222.584
-115.856
-198.614
-198.835
-185.573
-130.974
-129.124
-192.052
-218.42
-139.5
-207.789
-182.358
-119.964
-219.521
-149.384
-128.569
-138.152
-221.449
-213.428
-184.203
-202.734
-213.887
-219.931
-223.888
-154.634
-212.897
-228.074
-173.964
-189.312
-207.472
-139.176
-122.915
-169.383
-195.197
-186.801
-153.148
-189.898
-162.984
-217.98
-203.506
-170.296
-216.6
-224.289
-131.906
-156.985
-208.845
-154.483
-152.27
-167.956
-147.014
-165.295
-156.98
-184.931
-163.198
-202.169
-193.525
-196.05
-153.158
-131.272
-189.056
-143.56
-152.565
-186.243
-226.565
-191.695
-224.094
-173.867
-150.958
-138.793
-140.819
-167.512
-122.838
-201.315
-184.943
-156.81
-208.581
-221.841
-218.625
-130.586
-209.378
-144.201
-215.55
-204.162
-116.886
-187.055
-171.4
-167.658
-132.279
-211.337
-196.603
-209.331
-217.226
-194.459
-171.211
-221.472
-143.966
-141.727
-209.658
-178.857
-184.353
-132.159
-188.538
-184.749
-118.422
-137.889
-128.415
-200.652
-186.235
-228.837
-151.94
-152.183
-221.261
-152.711
-229.244
-225.565
-150.65
-147.034
-180.437
-115.786
-205.987
-161.065
-127.418
-188.141
-124.849
-198.547
-207.909
-218.036
-195.635
-187.799
-193.337
-164.879
-215.768
-137.762
-206.929
-60.9488
-127.91
-63.5558
-167.662
-168.784
-79.9598
-109.058
-107.427
-85.8685
-138.324
-173.162
-116.252
-86.578
-110.248
-132.192
-152.225
-84.5575
-104.271
-115.071
-136.9
-105.952
-105.437
-113.958
-110.679
-121.334
-104.224
-83.3603
-115.692
-98.9428
-97.8174
-83.8192
-126.912
-133.093
-151.77
-127.04
-111.121
-110.735
-138.264
-95.3368
-110.2
-97.4727
-74.6972
-147.666
-138.318
-76.8456
-130.037
-62.6515
-136.14
-133.298
-138.65
-120.811
-76.6904
-87.3748
-102.681
-113.25
-121.864
-111.483
-60.3521
-73.253
-82.5045
-130.2
-110.382
-162.58
-134.986
-74.9057
-75.5012
-87.6479
-78.5072
-103.202
-149.001
-85.4518
-133.817
-62.8986
-104.348
-68.7487
-157.488
-78.8604
-87.3017
-100.707
-71.1853
-117.908
-82.5353
-111.516
-133.776
-95.6079
-147.119
-173.176
-73.551
-100.932
-60.7972
-130.724
-165.839
-103.872
-130.408
-93.8327
-99.4094
-79.9705
-113.076
-123.986
-107.27
-123.616
-92.2212
-93.6161
-93.2421
-57.9666
-82.7126
-147.51
-89.7404
-112.757
-139.269
-76.2301
-139.692
-117.349
-96.284
-94.4039
-73.9063
-72.3272
-65.4518
-66.14
-133.759
-152.158
-136.831
-156.787
-115.289
-140.368
-113.127
-110.189
-125.502
-76.7804
-104.59
-116.399
-104.03
-117.459
-163.326
-105.018
-127.133
-136.972
-73.4372
-105.633
-72.6215
-60.0817
-98.6215
-81.9303
-169.228
-136.378
-146.785
-101.505
-122.855
-117.344
-58.6103
-118.974
-79.8472
-119.024
-132.738
-97.3152
-131.61
-127.854
-126.47
-67.473
-127.323
-77.6207
-108.33
-68.6827
-127.569
-145.147
-118.281
-88.3786
-118.603
-87.8717
-138.484
-140.552
-88.2376
-67.5405
-78.659
-151.809
-117.61
-88.7797
-92.1206
-151.147
-118.56
-130.198
-75.4718
-114.184
-89.9869
-109.597
-96.2017
-144.599
-69.6934
-166.38
-114.172
-104.754
-83.976
-125.924
-166.972
-164.975
-70.8397
-81.9484
-103.578
-66.019
-108.016
-281.469
-254.304
-176.931
-284.019
-237.744
-286.14
-206.338
-266.733
-236.55
-269.535
-246.164
-243.98
-248.703
-230.479
-185.937
-226.519
-238.081
-218.393
-270.215
-223.861
-239.76
-256.731
-277.254
-212.459
-266.664
-209.803
-282.839
-217.962
-248.541
-282.875
-231.189
-270.788
-220.1
-258.804
-233.061
-233.585
-223.613
-225.247
-235.681
-277.142
-224.389
-225.763
-217.723
-270.025
-253.314
-232.056
-229.388
-241.755
-230.043
-243.988
-194.335
-257.643
-255.807
-202.18
-277.604
-223.735
-234.374
-197.804
-215.168
-250.88
-253.59
-233.601
-204.891
-276.862
-272.349
-232.785
-268.684
-266.072
-197.69
-253.018
-233.318
-241.771
-195.688
-239.533
-236.82
-274.252
-207.712
-220.736
-244.975
-195.299
-254.218
-196.637
-217.492
-225.934
-228.363
-179.88
-240.306
-199.072
-216.175
-285.291
-221.389
-258.432
-244.726
-211.695
-216.466
-208.056
-243.947
-270.71
-215.645
-238.765
-180.831
-237.066
-190.442
-259.343
-273.754
-219.492
-280.702
-221.142
-208.165
-277.841
-219.609
-281.458
-254.284
-224.026
-250.925
-185
-288.102
-237.519
-213.992
-248.283
-265.342
-229.759
-228.089
-258.129
-270.885
-225.172
-246.448
-286.561
-229.008
-283.308
-207.514
-175.429
-175.535
-221.564
-228.212
-253.796
-222.081
-215.593
-175.335
-231.936
-217.546
-268.909
-244.366
-275.607
-195.455
-250.777
-258.855
-214.758
-230.384
-216.867
-216.318
-238.614
-254.443
-287.951
-201.94
-206.448
-273.151
-228.72
-197.118
-235.44
-235.961
-218.116
-253.58
-227.67
-232.306
-250.473
-184.373
-244.556
-198.336
-192.853
-250.31
-218.648
-257.333
-217.13
-273.055
-195.238
-250.277
-285.338
-259.826
-183.668
-283.338
-254.053
-177.767
-232.164
-234.289
-245.264
-232.224
-177.94
-269.668
-214.977
-213.257
-275.888
-209.956
-236.521
-271.842
-254.239
-252.321
-198.122
-216.368
-282.406
-177.309
-201.559
-147.69
-147.032
-131.372
-120.949
-125.899
-159.278
-138.542
-121.42
-130.597
-185.792
-180.067
-218.345
-155.563
-141.226
-191.579
-140.071
-154.915
-138.209
-153.852
-204.1
-131.339
-222.874
-212.06
-179.482
-202.351
-229.959
-123.066
-227.15
-172.415
-161.109
-137.853
-172.664
-164.882
-204.622
-195.206
-166.156
-138.387
-212.152
-150.154
-150.837
-199.828
-167.202
-191.606
-145.992
-211.632
-135.245
-195.991
-202.961
-196.227
-171.44
-179.707
-185.95
-126.073
-133.378
-124.892
-139.101
-124.903
-146.926
-166.887
-191.91
-211.006
-202.935
-121.776
-188.175
-175.349
-225.559
-140.95
-140.874
-169.047
-171.956
-191.163
-119.092
-226.379
-194.841
-129.873
-147.895
-180.259
-196.787
-192.668
-227.083
-154.341
-153.796
-169.663
-224.61
-190.184
-122.567
-188.073
-185.134
-128.39
-216.223
-163.655
-207.122
-182.511
-128.402
-118.878
-221.844
-214.076
-190.495
-184.195
-213.071
-201.301
-168.346
-156.159
-163.39
-228.398
-214.3
-132.591
-134.58
-169.593
-203.171
-205.958
-139.262
-117.741
-137.208
-162.764
-197.066
-154.084
-151.18
-224.327
-178.967
-227.564
-229.373
-161.685
-127.997
-193.574
-179.544
-162.517
-155.498
-189.107
-139.66
-191.844
-177.858
-202.159
-166.32
-230.716
-197.967
-173.468
-213.467
-151.456
-173.326
-153.25
-158.614
-208.856
-193.218
-157.814
-169.702
-207.098
-166.688
-143.767
-184.289
-192.167
-161.075
-210.317
-158.342
-199.185
-120.516
-182.892
-206.391
-143.194
-200.151
-138.564
-132.774
-155.518
-153.253
-145.7
-170.432
-167.266
-187.713
-123.827
-152.044
-177.076
-220.079
-207.75
-139.89
-194.469
-184.261
-145.963
-196.475
-173.788
-199.501
-139.73
-189.757
-192.746
-208.894
-154.258
-229.733
-190.313
-129.957
-132.123
-167.064
-149.849
-166.892
-180.647
-163.718
-136.846
-168.658
-205.758
-147.538
59.5397
51.8256
104.071
53.764
42.5062
86.465
113.072
27.3068
70.2314
107.199
115.261
19.6125
55.0583
34.0921
105.261
94.3866
9.2143
77.062
89.922
95.5838
66.641
108.716
111.428
63.079
51.9806
51.0253
73.2612
92.2487
79.4284
99.7137
56.6919
11.4766
33.3501
25.9219
48.4727
100.947
39.5703
10.2276
32.8731
102.897
23.4618
78.6346
97.1313
10.0587
55.6322
35.9108
98.8686
27.889
42.8675
30.2817
93.6023
60.7707
30.5015
94.6496
30.0881
45.6204
75.98
79.6334
45.1889
18.8075
48.9025
54.3776
79.499
35.085
54.7294
72.0321
73.5876
99.4618
100.341
54.6189
52.4936
13.5125
43.964
83.7649
113.662
64.5604
86.5878
75.7804
3.28604
38.9784
50.036
28.0925
40.6302
59.8896
43.501
104.903
97.8461
53.9818
67.6026
74.6304
106.453
37.2714
53.5824
60.1665
85.8833
53.2364
35.4892
74.1769
76.0183
94.5947
111.084
84.3792
48.9655
10.827
84.7361
66.714
34.2402
28.756
85.6743
100.08
107.328
107.925
101.698
112.082
37.2432
36.3634
100.767
88.7173
59.1938
40.8274
105.386
70.0636
67.5423
54.8592
44.6832
66.0979
46.1699
69.4393
46.0711
62.9834
74.8705
69.0244
20.8198
100.6
63.8747
34.4833
76.1757
94.2878
86.5811
67.8804
58.0793
48.5594
11.8783
66.5432
76.6117
36.6217
55.9976
110.277
16.437
64.4118
34.7562
82.8151
62.3535
88.0614
101.758
40.9763
50.8042
15.0794
15.9335
58.4255
47.6174
61.4238
97.2586
106.491
87.8408
7.90701
71.2022
45.1394
107.147
99.6103
47.0401
94.1628
14.5631
27.0078
82.542
11.4158
67.3844
113.237
44.3038
29.5963
30.7422
85.0709
93.6644
71.5347
96.4113
108.679
6.49328
40.286
34.983
37.2582
71.4156
60.3797
49.2661
78.4188
79.3549
29.6232
80.273
80.3837
75.6747
101.183
-51.5161
-62.7823
-50.6188
-104.216
-84.162
-77.8436
-9.18347
-56.1185
-18.4329
-81.4548
-57.6927
-92.4549
-70.954
-19.4901
-21.9282
-56.3215
-63.6791
-74.2134
-46.9047
-15.8006
-64.449
-56.7637
-46.3627
-70.9282
-46.5517
-35.2835
-67.1783
-46.9047
-86.8204
-107.748
-53.3211
-42.6883
-7.72037
-49.2139
-83.5554
-35.4553
-110.827
-81.3825
-65.3482
-52.4204
-26.1012
-10.9814
-84.0929
-42.7741
-95.9569
-66.8321
-51.9982
-21.1199
-14.139
-51.6573
-94.5748
-44.1047
-78.1733
-26.7237
-63.6371
-90.5857
-72.5104
-50.4045
-87.8484
-110.649
-83.851
-33.877
-45.6102
-84.035
-42.0458
-78.8966
-77.9161
-61.0962
-96.0546
-111.144
-90.6566
-100.712
-38.2779
-108.422
-99.8611
-12.1595
-98.9949
-93.0315
-82.7945
-69.1803
-15.1741
-86.0491
-45.2594
-46.7966
-42.3209
-75.555
-70.1713
-100.96
-1.31872
-0.370256
-76.1936
-15.0049
-75.7042
-20.67
-14.0861
-44.6252
-46.2566
-47.2872
-27.8388
-114.042
-82.4508
-41.9091
-93.8712
-32.1799
-40.8642
-54.58
-47.5173
-57.0661
-66.935
-52.5132
-36.2949
-54.4521
-86.3037
-20.1126
-98.5871
-36.6
-35.5975
-76.1542
-44.5795
-38.8411
-39.5943
-54.2701
-4.57443
-111.957
-111.674
-94.9008
-15.0369
-55.8436
-49.838
-27.0043
-49.5874
-93.9757
-57.4643
-45.857
-32.9116
-86.0705
-62.4578
-49.599
-1.48762
-88.0747
-103.244
-56.5
-52.4375
-114.245
-39.1712
-21.2555
-101.418
-63.1474
-92.4904
-65.953
-93.5804
-44.0465
-71.3268
-70.1799
-41.3471
-54.3403
-85.8209
-89.0867
-67.7559
-33.9166
-75.0023
-77.4871
-38.4043
-51.6218
-55.7695
-87.197
-102.927
-37.5677
-52.3763
-91.592
-57.3566
-66.4976
-84.3875
-46.5379
-112.123
-65.1533
-50.2386
-37.2493
-48.1479
-51.4955
-37.1086
-50.2208
-77.566
-66.7395
-42.6935
-94.4918
-18.0427
-110.995
-77.5257
-15.064
-70.9538
-89.3423
-105.305
-62.5016
-84.9648
-40.2081
-65.3715
-79.8322
-95.5661
-106.384
-26.9873
-52.5085
-3.36221
11.9604
-10.8929
51.5099
-47.0721
-38.8215
-22.2396
-10.4745
-38.3658
-19.9974
57.2672
-19.2893
54.1
-27.3779
34.2212
53.6275
45.0832
-29.529
8.55159
-7.03483
-10.8964
17.2507
-19.4347
-1.25997
-31.9983
-20.3227
-26.4099
9.32198
-57.72
9.24048
32.8945
-28.9102
-12.7215
-7.47083
10.2524
-20.6776
-24.362
6.95849
-34.5036
37.1966
50.7132
-8.28254
33.8636
21.2482
-8.95462
3.17651
30.8664
10.2996
-20.9606
28.3111
53.3361
-26.6819
-22.0919
0.880877
-7.5283
-38.6427
2.66712
-2.20123
-14.9768
22.1604
30.7937
47.5871
33.8758
-26.002
-43.8582
-33.5821
-3.40588
-17.5701
-16.2647
-50.4444
-47.4451
-42.6901
-23.7096
25.619
-3.90305
-0.778211
11.4718
-30.8308
-8.71752
33.7221
-33.2965
40.0105
4.32828
51.6607
-31.854
10.616
5.01778
-1.45556
-20.6159
-38.4653
29.0445
-37.1221
5.49521
-55.8893
32.5393
3.64834
3.82824
11.4318
-26.8642
-7.45218
53.9208
-34.3289
-11.8163
-42.4016
-47.4174
37.3427
-20.7404
-57.6736
-36.3962
12.3698
10.2334
31.6588
19.0338
-20.666
-22.133
-9.38764
12.5239
43.2837
-31.3733
-53.1227
-38.9249
31.5894
17.5557
-1.58824
-45.4251
47.448
-7.39588
57.4995
57.3892
-9.03613
27.0407
-8.58148
-19.7007
-9.90451
11.3879
14.5352
25.1332
11.9444
39.743
32.6801
39.5126
25.3144
-47.3052
46.6318
-41.9052
-31.1994
-27.8169
25.0637
24.2842
54.3597
36.9159
-8.27973
-40.2639
-45.3862
-53.802
49.9584
-3.41511
28.315
29.0786
-54.7358
-11.7037
53.5743
-0.110069
19.7706
42.7379
-1.21577
-18.1824
-9.41156
40.7413
30.573
-5.90768
-39.4972
-21.9127
12.0864
-22.6156
22.0269
-20.9348
-44.4578
-37.0843
-24.9527
13.6641
29.0439
24.059
23.9792
-47.3141
-28.7588
-14.9625
-55.3091
-53.3569
-37.6673
-40.0274
11.0332
-53.9928
10.1213
-8.00488
20.1492
36.4708
26.172
276.57
231.599
253.009
272.973
223.812
246.209
248.171
255.646
266.279
250.231
257.788
269.507
259.109
194.151
262.706
228.483
228.505
279.428
240.95
248.047
234.037
215.828
276.02
288.427
197.098
253.864
199.338
215.452
174.539
220.19
221.823
195.634
228.793
214.151
210.271
217.503
268.08
240.531
243.663
287.038
189.905
240.979
239.983
285.764
278.641
251.552
283.678
246.999
174.25
242.191
247.601
261.145
258.444
285.664
239.201
236.788
186.92
233.729
217.446
236.325
197.309
227.046
260.915
218.166
187.239
203.386
254.256
259.476
192.222
275.807
209.182
190.415
268.523
263.478
220.47
231.388
213.472
241.92
266.818
259.272
225.037
188.146
206.914
202.967
194.762
248.587
274.543
226.425
197.49
235.549
271.199
218.328
278.69
230.922
255.185
208.847
255.898
213.236
249.423
211.93
254.583
246.471
258.882
231.109
252.083
208.181
229.899
253.78
251.971
265.561
244.2
261.162
258.001
189.365
241.338
216.879
226.25
283.656
272.185
184.315
226.717
245.33
239.059
191.42
216.789
275.386
176.593
192.594
203.747
260.648
175.334
281.073
234.239
199.907
254.488
249.648
270.241
287.6
221.09
193.473
177.497
218.105
239.415
224.434
264.085
240.02
229.544
175.55
247.211
175.937
266.444
256.122
179.965
206.771
234.622
255.33
257.459
210.841
233.611
214.753
247.992
254.653
256.468
234.552
256.145
265.525
235.231
281.291
251.135
248.143
238.021
253.338
257.053
184.012
234.378
175.576
237.375
204.921
228.313
239.256
228.693
263.096
193.701
236.241
215.132
215.538
208.981
220.01
177.552
272.824
199.168
272.369
242.982
199.864
267.598
262.836
270.878
244.364
237.643
209.345
131.553
78.3013
92.5325
73.5319
60.3838
105
120.039
127.778
96.8488
82.5089
97.946
69.8298
104.876
95.0614
86.7112
131.464
63.6334
123.141
114.545
107.944
104.545
90.3471
133.027
81.7773
136.222
77.5514
106.432
152.163
170.674
132.236
86.2375
120.695
95.5357
69.4543
74.5407
97.7504
78.6983
91.7964
91.108
151.14
110.454
113.176
112.533
77.3442
104.031
61.5069
136.858
163.303
115.645
112.881
141.981
105.626
76.0414
166.802
126.691
137.06
119.87
133.108
59.8793
118.893
72.9319
143.15
95.5658
99.7973
154.467
84.4177
120.183
116.667
109.242
104.203
67.9932
133.023
63.4927
83.1721
106.189
107.008
66.2826
89.2359
125.258
96.7692
151.98
125.251
131.899
82.9894
81.0587
162.111
112.042
132.702
61.4589
72.2212
150.714
146.802
83.3406
143.645
144.486
123.367
144.12
137.791
76.622
153.676
142.427
149.304
128.025
133.196
156.61
134.988
133.231
131.813
113.333
82.5331
88.8926
106.221
95.2723
59.0163
91.3495
147.673
86.5042
106.696
127.16
81.7123
129.104
93.6988
159.194
153.868
89.562
132.416
118.339
129.314
120.771
95.9302
58.2891
97.5048
127.684
106.271
99.7099
116.29
78.6775
98.948
139.604
100.392
131.196
76.5245
147.35
109.95
161.506
166.293
63.2685
98.6229
143.596
96.9617
74.1693
173.036
127.943
104.307
103.477
163.851
124.618
66.2149
72.5722
171.712
114.851
82.2414
79.0963
80.4291
90.0441
149.044
139.043
143.845
70.2013
110.556
137.584
86.4649
124.6
109.518
114.249
106.235
76.8667
138.766
105.991
118.926
135.111
68.1323
58.3245
118.35
144.07
66.8257
68.3167
125.209
115.211
119.364
85.8162
170.341
152.313
60.2268
121.008
149.869
165.927
80.8278
66.6864
118.854
157.396
187.728
222.396
183.263
184.527
206.178
169.768
150.715
122.088
224.171
226.12
180.485
184.333
187.319
185.172
176.203
115.99
204.058
154.861
125.462
128.759
218.468
176.207
124.608
174.955
149.725
175.984
145.389
124.268
190.247
177.59
190.555
212.384
134.32
165.864
166.344
170.188
189.088
130.461
201.156
173.929
211.322
121.873
149.859
150.16
132.335
128.409
197.974
204.998
173.277
202.428
133.966
192.221
158.552
209.909
205.937
160.416
173.533
143.267
178.193
172.249
162.867
204.371
118.341
149.983
208.417
175.683
137.524
155.416
146.41
169.586
224.236
116.214
127.118
131.658
139.763
135.204
165.168
159.666
217.017
228.143
223.22
117.078
159.751
121.582
119.474
116.84
184.442
203.731
198.973
143.397
186.031
136.159
150.346
182.126
127.271
135.952
206.464
182.103
194.658
136.306
201.504
207.276
164.945
190.556
213.479
131.849
172.705
229.445
172.678
185.171
155.492
140.238
175.518
226.461
203.703
129.488
198.639
214.151
145.943
198.679
152.215
183.617
126.38
186.672
141.52
116.368
184.278
162.569
202.343
179.139
178.452
197.647
156.227
151.885
143.052
180.089
137.169
192.368
209.618
124.818
195.869
212.054
127.963
157.703
210.319
171.648
141.104
129.949
217.224
177.725
174.473
138.086
187.615
142.313
119.674
202.784
115.861
135.497
230.849
163.38
157.133
166.019
126.899
153.146
130.655
135.385
223.557
198.009
215.218
185.598
228.375
180.403
195.153
213.726
187.975
222.624
137.72
177.228
125.491
159.273
172.454
129.487
184.981
126.619
184.504
175.958
207.103
130.454
198.141
136.9
129.9
186.701
172.861
180.573
117.279
227.548
190.607
230.63
168.42
392.913
363.357
431.901
413.766
455.683
432.098
384.347
373.653
376.397
386.962
383.322
381.775
439.343
433.866
450.8
406.651
456.3
391.162
403.26
380.288
434.341
399.502
389.277
437.031
425.67
416.807
392.541
394.656
359.725
386.923
449.716
458.909
414.874
398.42
450.835
444.977
405.82
415.499
452.66
443.553
405.198
400.877
399.717
385.847
408.516
459.826
422.235
452.109
401.008
457.008
438.355
403.403
422.301
417.533
431.836
386.697
387.482
356.927
456.906
423.715
370.872
377.278
421.187
424.187
422.526
458.273
409.109
445.731
376.727
400.338
390.903
449.524
392.923
397.534
404.549
421.916
433.698
376.495
390.533
414.819
424.884
413.219
392.002
394.851
405.376
377.85
394.386
356.953
386.037
412.564
377.899
458.56
441.227
454.512
393.084
433.049
422.723
453.81
427.175
434.259
445.818
438.478
350.075
450.48
398.845
432.763
406.936
439.4
393.048
395.009
374.055
413.793
415.16
365.926
358.424
431.217
433.462
421.581
455.177
387.01
401.56
449.437
415.588
361.784
377.229
420.032
385.87
423.198
398.452
401.767
401.518
419.817
394.481
369.637
359.379
432.515
428.05
452.698
403.463
411.191
457.078
394.341
456.492
411.231
410.982
381.07
392.656
348.512
410.138
416.534
425.281
412.854
398.004
409.86
419.314
374.749
406.876
453.475
421.904
373.445
390.858
353.431
379.669
427.27
423.795
428.407
384.836
461.147
415.185
401.235
391.625
399.49
434.87
444.138
395.84
387.163
446.961
443.992
394.138
424.404
381.548
346.827
407.577
384.503
392.917
414.731
455.447
435.01
418.735
369.896
442.337
397.278
433.452
461.588
438.358
359.168
405.679
433.911
386.687
422.905
242.298
305.61
330.963
302.79
272.956
237.522
298.598
237.307
318.208
286.593
323.753
262.029
261.053
323.084
267.2
315.807
288.75
252.518
258.933
293.029
237.08
273.031
310.804
306.011
341.034
286.804
240.206
310.416
285.705
280.502
321.936
261.607
282.974
322.01
262.688
276.668
258.402
243.63
320.088
267.228
265.487
278.895
285.852
251.268
291.449
302.274
303.669
291.406
252.506
332.087
251.829
247.118
291.54
325.969
253.234
278.306
301.677
244.425
263.556
296.662
286.275
302.579
295.481
285.125
273.889
263.707
251.443
263.794
301.895
277.207
266.583
268.045
305.135
295.774
268.761
307.009
336.966
234.545
262.845
269.887
314.802
284.994
260.57
270.734
302.578
329.471
236.024
321.927
318.415
242.228
282.579
241.73
303.168
286.861
273.158
283.545
298.484
301.636
280.908
249.164
231.708
271.397
254.674
269.511
339.309
345.918
284.168
296.083
312.645
327.013
304.176
326.411
256.22
267.602
235.712
252.793
243.293
294.985
281.86
280.074
313.778
280.634
267.978
287
314.081
307.472
309.062
285.754
316.686
260.319
280.62
281.153
237.395
272.547
279.225
258.11
303.283
289.322
275.456
276.423
241.775
270.356
289.61
295.297
272.405
280.065
241.389
328.213
330.89
250.826
242.742
233.942
289.049
307.875
313.966
245.782
314.015
274.476
250.079
291.163
288.258
305.903
262.509
294.749
248.145
286.832
299.891
252.838
274.82
337.818
251.75
292.897
290.126
319.354
274.001
285.529
279.022
281.599
302.762
286.108
311.723
282.23
285.547
289.665
251.066
311.24
280.564
272.226
295.994
300.084
334.489
260.151
290.49
231.223
333.519
295.565
305.71
256.663
281.282
274.899
305.33
322.428
354.247
338.478
356.362
313
306.914
313.827
362.024
320.581
334.839
330.792
331.266
384.994
350.011
362.172
332.221
371.396
316.434
327.698
393.7
317.78
303.488
336.343
303.393
396.483
403.001
369.538
364.305
334.621
349.397
315.839
317.962
394.929
327.821
333.625
290.215
362.251
396.494
347.723
390.407
349.134
334.998
345.238
333.235
348.269
375.706
328.961
307.117
357.448
384.732
313.438
387.498
357.205
326.666
336.531
331.933
297.524
337.259
293.126
379.32
389.227
356.279
327.941
338.625
342.415
337.548
299.647
349.48
309.373
379.279
331.891
386.001
346.644
372.707
385.957
305.326
309.831
325.449
392.979
388.766
352.853
325.747
368.82
385.561
377.287
395.6
359.05
323.458
323.882
389.454
355.372
366.373
367.604
395.419
306.128
321.406
377.265
316.178
333.611
294.528
343.346
319.098
383.465
326.091
356.438
397.389
308.528
368.974
297.335
364.976
358.423
359.714
334.613
388.628
354.394
297.613
340.684
365.706
315.078
339.362
344.072
374.731
301.811
296.61
361.007
362.269
312.841
324.89
351.545
379.499
299.257
385.827
382.596
367.965
388.749
314.407
392.634
307.671
319.012
332.653
293.34
354.258
310.632
331.506
364.373
313.9
343.883
402.445
376.64
342.239
312.52
323.762
348.689
316.806
325.949
378.13
320.413
359.133
385.662
350.091
396.255
306.822
356.544
329.338
297.384
349.067
393.997
345.911
333.87
402.594
380.762
348.751
400.614
370.119
328.64
354.52
330.34
340.516
389.896
288.937
387.526
350.362
371.592
341.784
309.911
344.969
307.499
331.618
375.023
403.344
331.514
301.111
345.647
308.673
323.606
309.095
395.676
326.15
332.588
264.486
213.227
205.542
261.136
231.076
217.142
221.823
241.451
264.66
271.87
255.842
250.367
218.398
226.376
205.359
214.017
278.982
218.524
221.333
233.748
246.925
223.353
212.668
240.86
201.026
251.544
279.338
268.787
209.879
247.686
240.832
248.605
253.258
285.878
178.73
243.031
244.435
240.607
240.367
257.659
247.129
227.084
237.304
281.597
212.42
274.006
208.054
282.073
257.122
288.594
193.689
255.327
221.919
232.752
263.73
239.648
245.889
265.48
193.585
220.059
258.202
203.338
221.826
242.006
219.925
219.995
183.88
206.74
282.978
265.61
234.576
237.333
242.45
238.77
211.377
239.032
228.915
221.976
179.12
223.726
285.009
226.662
283.99
283.576
224.033
258.032
218.919
245.511
241.093
256.776
184.641
262.316
277.962
270.671
215.718
205.804
267.262
269.169
254.367
209.23
254.662
216.237
195.526
216.329
248.579
187.518
256.136
252.481
240.615
227.645
272.242
204.192
226.42
225.714
257.099
256.685
233.75
247.4
263.579
282.744
288.541
182.738
228.577
251.877
227.674
274.26
246.082
277.53
240.575
229.935
233.833
235.977
231.222
215.184
245.117
199.11
198.047
184.606
242.297
267.354
280.606
215.053
276.855
227.58
275.612
216.556
286.142
273.085
246.26
272.925
272.854
212.735
176.747
225.798
176.711
214.444
259.16
261.724
246.133
237.375
285.95
218.314
218.881
211.792
250.188
205.462
196.713
229.103
266.834
221.066
286.544
279.253
234.26
262.024
251.529
209.122
241.093
173.658
245.15
227.132
195.917
257.7
201.105
258.424
180.829
260.305
254.598
227.665
241.31
239.443
211.726
237.785
226.754
194.605
176.712
227.645
218.815
203.078
225.513
257.234
103.089
80.424
78.1157
145.965
65.6674
128.935
92.5037
155.781
159.089
169.606
153.116
99.339
139.553
150.226
61.0805
123.153
125.258
134.722
120.268
128.69
71.7862
99.4596
115.217
125.103
84.8622
120.424
152.718
113.317
143.082
114.882
118.908
81.1676
86.6873
100.157
62.8756
59.2174
122.191
92.5923
73.0505
101.63
130.192
123.845
152.443
129.316
86.7609
138.459
114.222
123.69
92.6065
83.4801
109.46
80.248
92.6356
109.106
93.3009
117.394
91.5447
101.095
112.2
90.0565
59.7577
149.142
99.0942
92.3821
87.83
85.4793
79.773
156.292
109.048
118.6
115.862
152.841
80.1895
106.621
131.805
75.5721
71.135
110.863
115.034
67.4015
156.414
127.362
97.4508
59.1008
128.246
78.67
108.79
124.618
140.791
134.185
113.785
138.799
108.036
61.9927
92.8008
154.963
105.751
138.139
113.192
104.692
74.1179
90.7649
98.44
102.606
138.492
68.334
139.324
120.619
103.14
90.5624
105.219
166.095
117.799
108.704
107.197
138.677
134.408
104.923
60.3875
121.881
89.5172
172.136
99.5
143.063
107.354
108.146
105.183
103.464
150.257
107.096
112.741
80.4869
102.727
147.77
57.996
113.046
92.8261
118.528
137.176
153.285
158.914
117.959
69.566
89.2599
94.4795
139.825
90.8473
165.862
90.5538
133.462
160.888
111.885
74.8164
151.081
62.8479
120.313
61.9671
160.509
91.6787
97.3914
71.7329
88.9583
123.795
74.5158
102.786
77.4108
118.756
72.4529
99.336
111.525
84.0979
108.53
130.925
110.891
135.043
86.4117
114.063
104.819
70.7548
156.259
134.05
115.795
73.1451
74.0859
112.688
73.3245
84.5707
72.9631
91.1857
121.138
80.4471
115.941
102.789
111.14
115.747
144.636
82.1413
131.351
133.691
84.3516
192.1
200.749
151.104
146.568
168.101
169.19
124.861
222.209
223.446
118.328
126.754
166.169
224.588
152.005
197.468
187.773
157.943
173.717
137.195
204.531
181.506
212.289
141.202
227.603
125.677
160.517
207.753
144.116
133.405
152.111
141.427
145.595
165.734
140.782
179.888
180.074
144.231
137.112
142.025
165.103
186.071
164.693
132.581
173.149
146.531
118.141
170.759
187.261
122.266
157.581
227.578
135.165
211.622
183.61
147.962
192.409
201.883
204.251
205.817
139.232
136.443
174.558
135.33
134.353
123.913
213.593
221.261
177.672
181.006
116.974
144.879
131.748
158.578
189.707
157.176
138.799
200.419
121.45
191.257
170.259
143.584
163.214
207.818
227.163
209.182
201.927
158.743
188.048
136.65
173.021
173.974
178.293
193.506
182.512
177.17
196.952
196.738
181.25
157.609
227.812
125.656
201.946
209.139
170.39
146.06
157.5
184.861
152.191
193.987
216.958
155.332
169.161
142.576
226.932
201.107
171.878
158.526
193.431
202.887
199.427
153.403
180.412
116.761
227.728
159.012
218.8
191.311
132.074
190.48
173.09
121.608
166.718
225.033
195.694
172.378
186.325
214.7
177.324
222.671
185.701
224.508
141.238
200.082
125.242
168.029
126.947
117.605
193.4
211.535
175.309
175.004
210.891
177.27
149.033
160.252
129.377
179.444
119.26
213.475
125.168
191.993
147.922
142.848
229.082
226.304
120.872
182.399
177.007
226.25
144.519
202.025
117.1
175.042
139.565
225.832
218.186
204.221
218.593
161.836
115.532
131.866
137.134
172.138
168.384
164.484
181.533
217.661
181.664
186.621
143.996
212.878
209.359
207.084
119.233
200.835
210.49
148.058
163.415
172.607
212.438
59.4785
23.6314
70.8624
35.0329
12.019
48.5247
105.196
35.3413
86.3934
44.9528
108.038
96.8773
107.998
45.4762
42.7947
79.1559
23.7824
36.3707
83.0901
91.7073
46.6714
45.9123
63.8968
102.287
47.6284
65.6938
57.2243
74.8887
64.0847
37.3469
108.705
34.345
34.5963
69.3741
75.1792
38.3847
13.0927
64.743
80.9217
33.2821
45.7493
110.251
64.1139
91.786
34.3068
41.5664
69.4961
84.3095
106.594
40.1856
57.201
7.20049
111.434
77.0296
45.9434
36.3055
34.1718
107.571
6.59717
68.6476
34.7901
64.0052
38.322
34.3497
53.7896
74.8402
41.8263
80.7495
69.6957
35.6773
31.9657
85.1649
52.2921
94.3228
62.9458
43.6544
59.7694
93.8458
69.8378
50.1611
11.9561
81.5506
102.384
94.0668
50.4751
0.961486
60.1181
53.4391
85.6615
113.422
91.2559
100.907
67.4937
76.7392
54.0746
75.1007
76.2901
40.2426
39.2554
51.393
100.346
63.9988
111.916
48.6286
78.747
3.73778
15.4604
92.6892
56.6697
57.6543
79.3277
3.77063
41.5283
30.956
45.1411
58.2204
99.3185
76.5915
40.9607
42.8633
38.7833
73.2772
22.2237
67.4365
49.0923
91.866
111.524
84.6909
67.8248
39.2039
74.0982
96.3377
30.9253
77.2502
36.7227
61.7871
87.9039
84.3587
26.3231
80.1781
107.223
112.898
23.3779
31.6236
73.7483
46.7922
55.415
88.5763
45.5722
102.915
67.7382
61.7643
91.2567
28.1577
78.7913
104.287
60.2722
90.9618
23.8027
41.2898
56.9701
83.6925
79.413
77.4495
103.343
28.0269
71.1199
83.21
0.598622
25.4271
109.825
55.8101
50.3934
36.466
62.929
0.190202
85.283
60.4729
89.2455
59.5848
81.5097
87.2675
51.3495
74.2897
10.3114
14.7775
21.5722
97.7847
55.0061
88.2944
68.6281
36.6634
66.6031
20.3029
51.6298
58.2163
43.1397
35.3152
89.2063
81.1083
-46.4341
-39.815
-93.8641
-114.801
-0.931966
-96.9888
-106.443
-79.2141
-79.942
-43.9509
-36.0379
-101.895
-97.2566
-77.5255
-60.7074
-21.5783
-87.2203
-44.1468
-76.6942
-54.0354
-35.2854
-40.7442
-95.2977
-74.302
-46.2381
-54.5875
-57.8722
-48.3486
-43.4132
-18.405
-105.564
-42.9373
-65.8266
-21.5831
-36.5824
-62.0461
-63.3526
-52.3306
-40.2767
-26.6843
-58.8166
-107.7
-12.5258
-96.7819
-36.7309
-63.4285
-55.4132
-54.2444
-59.7537
-105.234
-92.8041
-103.325
-23.031
-55.3972
-33.2432
-67.6983
-78.59
-40.1755
-58.6633
-68.452
-93.681
-39.6996
-11.6434
-102.279
-32.9112
-1.0399
-41.3392
-62.9147
-41.899
-115.204
-3.3166
-73.1132
-55.999
-63.6259
-40.1838
-66.4117
-29.3289
-49.6762
-65.6947
-75.3329
-66.9869
-93.2549
-101.049
-53.0951
-71.6238
-54.4401
-97.6068
-72.6632
-113.185
-41.6618
-65.8222
-53.9868
-21.7255
-63.415
-100.265
-92.8109
-96.0194
-74.8645
-77.6314
-100.584
-104.686
-83.653
-67.7603
-13.7789
-31.8671
-35.5125
-56.8495
-88.147
-100.776
-109.867
-56.354
-99.985
-107.966
-110.391
-97.2972
-43.0868
-99.2948
-0.300709
-32.9729
-90.1975
-110
-81.6079
-68.8728
-54.5543
-82.4445
-46.9183
-85.9905
-10.0289
-73.3536
-109.676
-31.9135
-33.6525
-36.4147
-19.9013
-35.9258
-90.6763
-42.084
-58.7181
-104.656
-4.96092
-52.0507
-101.904
-65.2069
-103.493
-76.2427
-107.487
-39.8783
-88.8108
-106.016
-9.43566
-57.8062
-88.652
-19.2858
-105.232
-67.4647
-33.7307
-35.4469
-42.3501
-96.6361
-65.9793
-55.6778
-42.7312
-102.894
-96.0848
-54.7211
-51.3269
-80.1721
-68.7395
-70.0641
-101.008
-92.5746
-43.4653
-115.078
-75.4206
-46.8143
-41.6947
-90.4374
-8.69346
-55.5819
-95.6512
-79.5576
-81.5631
-10.2167
-54.5902
-85.1647
-31.1725
-66.3027
-84.3543
-30.3593
-52.3639
-4.31601
-79.4461
-111.128
-83.0146
-56.5192
-66.2464
-67.7777
-41.1309
-58.4689
-91.7139
8.5115
-9.1511
17.4945
-56.1314
-14.0912
50.9719
-24.1463
-18.4575
-18.4491
-19.8897
31.5654
56.656
-14.1253
24.0493
-25.3119
5.2526
-6.96537
48.2389
17.1477
-3.99349
-46.8609
-51.598
-48.6654
-45.618
-48.1848
14.7561
-33.1503
14.6083
19.5023
42.048
21.7306
38.7584
-56.6291
33.0139
31.2407
-29.8822
18.863
-28.1908
14.1122
-49.4167
37.2903
-22.0127
4.6717
43.4959
17.9421
2.20871
17.3541
-55.7994
-48.5523
-35.9767
-9.07513
17.8652
43.615
-39.0186
16.4489
50.7788
29.5686
1.55937
7.40787
-17.7204
11.2544
12.3348
-50.2518
2.47148
-0.91391
-1.07614
54.1262
47.5668
48.6629
-0.896014
20.9389
51.1778
53.7877
52.2841
-21.2121
12.9027
-11.305
2.67451
-42.5596
22.3275
-17.0801
-28.7133
24.6904
43.0406
50.821
-17.245
-7.41545
-12.4456
19.5671
40.7863
-42.625
-5.75706
-50.1418
25.4542
-2.79537
-12.305
50.396
-22.8164
7.53767
-43.495
-2.09915
-44.3454
29.9805
-19.1648
-49.6948
26.1942
20.7347
-51.6953
8.44671
10.1241
38.012
46.5549
-2.37765
24.7489
-20.7743
54.524
12.8366
31.6898
40.2785
48.1116
3.27477
23.9028
36.2185
-4.28838
19.1332
-52.181
-52.1776
24.075
8.18768
9.14832
13.2996
37.9664
-14.7316
33.1771
23.4657
15.6737
-17.7352
-0.923565
36.5928
3.14811
-54.8403
1.59682
37.3113
-15.2984
35.0389
24.1351
-50.8393
32.1559
44.3418
52.7361
5.50766
45.9398
-27.4569
-4.16644
-47.3657
4.05185
8.25988
51.3579
-3.86337
-37.959
9.04115
-14.2085
-32.0518
-16.088
23.8904
-2.50876
-2.80351
-28.0168
21.1072
-30.1994
-40.4066
15.0409
0.975695
-24.0117
-17.9453
-8.36329
29.8441
49.5739
20.5113
25.7824
12.7215
-19.4416
-45.6385
11.2888
-4.34875
-35.3378
-38.6312
20.92
6.00957
48.3022
20.268
-8.58624
14.5658
35.465
32.6415
52.449
-50.5393
-23.6437
-10.058
25.0349
-98.4878
-160.33
-77.5532
-69.2937
-132.719
-82.9815
-132.303
-83.6663
-74.4953
-89.0097
-131.052
-142.098
-59.6241
-163.378
-89.9915
-74.0811
-98.6549
-78.2869
-161.037
-118.41
-105.555
-93.8649
-94.3186
-140.72
-86.7281
-113.577
-70.0204
-58.2243
-69.9682
-80.0008
-100.999
-117.242
-134.657
-107.956
-76.1757
-128.027
-146.456
-150.188
-136.024
-97.3963
-63.2744
-132.156
-116.737
-69.9635
-158.157
-83.293
-110.231
-123.731
-109.508
-133.107
-66.0191
-80.3152
-134.529
-122.673
-96.165
-84.3331
-82.5003
-169.362
-145.62
-101.685
-132.869
-115.806
-79.8987
-137.819
-127.045
-76.0279
-114.233
-164.376
-91.6023
-144.248
-126.383
-88.7513
-142.879
-89.7927
-119.454
-95.3729
-106.839
-74.0794
-73.6644
-161.517
-161.152
-163.784
-125.274
-106.22
-119.844
-138.476
-94.8074
-141.494
-161.294
-122.965
-97.8431
-138.444
-88.4915
-137.848
-127.015
-144.172
-129.663
-150.667
-69.656
-126.995
-60.9843
-135.237
-154.129
-151.529
-92.4161
-119.836
-144.558
-94.3263
-106.457
-119.754
-70.3829
-162.022
-71.7439
-120.634
-110.585
-107.382
-103.879
-148.554
-126.397
-100.983
-84.9941
-104.877
-127.836
-171.517
-93.2375
-131.118
-153.968
-122.571
-82.8727
-133.892
-141.956
-121.752
-137.034
-121.557
-85.8832
-91.8784
-117.382
-129.996
-91.5381
-68.8446
-112.062
-100.33
-96.7493
-162.08
-116.24
-67.6808
-141.696
-129.1
-92.7689
-118.149
-86.5592
-82.2514
-130.919
-112.665
-118.584
-104.005
-107.869
-118.517
-162.782
-60.5768
-140.973
-109.786
-112.207
-140.406
-78.7324
-113.908
-135.449
-161.764
-131.565
-171.903
-77.5478
-129.259
-83.8485
-100.818
-96.9526
-101.682
-133.067
-108.414
-129.894
-145.447
-72.5313
-76.4228
-143.616
-93.6953
-106.104
-106.299
-170.336
-59.8912
-98.9815
-100.709
-163.561
-142.203
-113.255
-103.455
-134.242
-87.8114
-78.9703
-122.624
-163.378
-70.7656
-230.843
-284.368
-192.872
-186.268
-217.054
-283.237
-248.271
-232.852
-227.25
-243.094
-246.455
-272.103
-207.477
-213.388
-251.493
-241.519
-212.132
-240.137
-279.42
-260.608
-212.692
-245.672
-224.131
-209.548
-200.039
-263.85
-214.658
-226.882
-267.236
-244.959
-265.812
-183.859
-209.51
-224.928
-182.607
-179.006
-265.022
-279.57
-268.699
-225.431
-273.449
-211.063
-190.878
-260.471
-221.484
-272.18
-252.329
-252.092
-221.073
-284.818
-246.392
-188.499
-186.864
-239.292
-278.616
-265.629
-259.467
-191.579
-253.842
-224.675
-255.487
-257.587
-213.73
-219.966
-251.569
-225.239
-227.957
-255.716
-191.353
-274.119
-183.179
-268.535
-261.959
-186.361
-247.617
-243.81
-241.316
-278.284
-256.745
-250.417
-180.896
-223.693
-235.065
-209.749
-259.464
-211.497
-246.527
-218.585
-210.613
-265.219
-255.112
-210.014
-225.433
-267.839
-232.861
-231.136
-224.906
-266.506
-256.336
-288.33
-258.041
-234.938
-263.25
-275.204
-276.959
-246.593
-238.031
-207.757
-186.158
-228.558
-199.306
-208.963
-243.551
-274.207
-252.813
-261.779
-211.33
-255.207
-209.855
-216.567
-274.908
-209.118
-226.913
-272.659
-219.025
-233.549
-238.903
-251.666
-261.43
-251.183
-204.853
-276.85
-237.833
-279.411
-276.286
-241.647
-251.635
-227.059
-243.952
-243.667
-201.912
-288.641
-262.308
-287.203
-233.722
-236.88
-238.175
-271.91
-269.034
-263.189
-229.38
-214.544
-209.246
-180.529
-251.978
-251.826
-251.991
-277.95
-211.23
-262.325
-242.924
-222.907
-240.795
-268.497
-223.715
-239.997
-284.762
-235.617
-236.986
-285.003
-256.828
-262.685
-263.266
-285.826
-268.886
-231.691
-181.872
-245.709
-208.478
-273.085
-194.311
-238.135
-216.732
-228.124
-219.681
-180.582
-217.722
-204.694
-216.433
-236.899
-234.537
-245.549
-238.753
-241.787
-213.515
-225.995
-192.226
-245.863
-245.332
-269.524
-191.143
-143.436
-161.012
-185.106
-215.864
-168.866
-170.024
-173.676
-218.448
-128.287
-147.061
-216.132
-189.911
-207.169
-223.563
-216.428
-190.766
-192.383
-138.337
-176.508
-207.362
-127.159
-175.148
-154.432
-209.569
-226.65
-223.508
-186.52
-155.94
-198.892
-132.09
-155.416
-140.265
-141.412
-129.657
-198.513
-143.945
-141.952
-190.196
-209.662
-129.814
-185.731
-200.831
-159.541
-161.431
-174.494
-159.983
-211.433
-147.59
-193.363
-206.3
-148.258
-146.841
-221.536
-216.393
-147.506
-159.171
-229.27
-150.322
-139.127
-179.021
-206.473
-148.204
-175.992
-192.537
-225.474
-134.683
-116.617
-184.642
-150.608
-202.266
-154.037
-200.895
-183.509
-166.328
-152.617
-158.911
-172.502
-175.556
-157.298
-176.965
-206.885
-133.787
-215.637
-167.962
-119.722
-164.209
-216.539
-174.59
-187.003
-214.042
-215.794
-182.43
-181.205
-229.902
-181.005
-207.181
-165.628
-121.355
-190.344
-148.693
-226.914
-172.61
-160.855
-177.475
-168.61
-135.91
-213.627
-152.626
-134.364
-194.469
-213.724
-198.934
-201.236
-164.007
-138.569
-179.942
-189.603
-132.906
-118.177
-191.71
-227.533
-180.377
-166.865
-153.79
-138.145
-225.265
-216.735
-128.391
-137.843
-164.366
-167.142
-212.031
-129.494
-156.021
-179.604
-203.722
-171.19
-207.18
-229.906
-199.221
-115.939
-178.197
-185.279
-122.375
-187.033
-180.497
-177.7
-185.385
-156.489
-181.589
-186.358
-133.44
-149.596
-182.933
-196.094
-162.277
-127.215
-147.716
-197.003
-188.92
-200.505
-194.083
-167.096
-209.51
-131.985
-156.894
-190.072
-118.109
-180.666
-186.728
-217.078
-156.283
-201.738
-180.035
-176.663
-177.793
-190.045
-130.797
-195.083
-207.211
-142.92
-207.788
-130.944
-192.739
-228.359
-224.799
-153.484
-176.29
-201.814
-125.998
-171.365
-119.442
-133.95
-119.721
-125.06
-142.974
-160.34
-219.51
-207.311
-308.964
-273.222
-325.774
-243.388
-317.837
-275.78
-249.259
-308.739
-297.671
-319.625
-337.276
-321.707
-290.977
-274.831
-269.45
-322.408
-258.284
-283.671
-271.224
-281.82
-271.375
-295.348
-248.88
-276.647
-281.533
-298.247
-305.486
-313.333
-305.213
-310.323
-312.112
-248.913
-269.738
-253.66
-338.764
-264.936
-261.968
-272.344
-315.88
-344.572
-241.384
-294.148
-317.885
-290.65
-307.238
-235.086
-317.366
-292.851
-255.284
-248.277
-231.883
-234.092
-345.292
-306.579
-300.732
-238.741
-280.19
-299.189
-298.408
-292.733
-274.798
-268.258
-299.757
-252.817
-293.919
-293.534
-280.892
-328.323
-247.706
-302.317
-316.485
-277.897
-334.717
-308.673
-293.529
-272.109
-280.59
-273.695
-246.872
-300.132
-318.227
-275.956
-246.419
-234.252
-282.71
-275.65
-235.768
-263.076
-282.867
-301.543
-310.669
-249.52
-280.363
-268.239
-288.096
-339.984
-285.997
-281.351
-299.354
-298.635
-326.639
-239.992
-294.008
-330.963
-344.969
-270.36
-280.708
-344.117
-269.196
-271.108
-296.979
-290.703
-258.815
-282.221
-295.799
-303.653
-295.133
-234.02
-277.633
-298.133
-274.362
-305.45
-247.281
-242.052
-249.07
-289.192
-341.252
-291.314
-271.908
-290.695
-270.908
-340.076
-243.465
-290.244
-276.724
-268.677
-309.943
-262.761
-275.992
-308.664
-253.533
-261.747
-244.701
-282.846
-343.351
-242.75
-277.294
-299.672
-280.19
-249.039
-250.341
-290.524
-271.016
-305.062
-296.138
-280.086
-298.145
-294.036
-292.582
-306.204
-241.51
-291.969
-313.291
-293.344
-287.887
-248.586
-236.11
-238.283
-252.03
-323.586
-309.17
-308.51
-259.257
-243.414
-281.377
-235.171
-297.712
-299.546
-283.355
-287.164
-276.467
-262.931
-280.264
-264.996
-235.73
-307.227
-304.287
-276.506
-326.889
-282.234
-295.428
-271.426
-309.077
-338.605
-258.811
-301.852
-272.709
-344.469
-255.947
-258.22
-386.284
-401.151
-434.197
-407.214
-415.979
-404.685
-404.863
-438.853
-378.293
-369.191
-366.13
-402.73
-422.242
-405.055
-414.052
-415.079
-420.956
-359.662
-431.214
-401.576
-397.513
-437.17
-442.656
-422.6
-420.688
-423.762
-457.567
-391.191
-416.88
-441.78
-457.415
-433.032
-390.073
-392.266
-348.633
-446.848
-374.399
-383.015
-437.458
-405.326
-382.673
-419.028
-421.527
-425.074
-379.57
-405.95
-373.497
-436.365
-397.479
-453.622
-440.265
-398.382
-407.978
-411.492
-424.031
-410.909
-402.998
-386.004
-393.313
-390.664
-400.554
-412.282
-454.674
-397.321
-449.133
-406.392
-387.018
-443.882
-433.986
-416.748
-435.292
-421.692
-403.014
-449.012
-372.388
-397.213
-381.833
-404.307
-357.361
-379.28
-377.557
-362.372
-424.785
-389.119
-355.043
-348.666
-440.764
-442.722
-396.917
-402.558
-439.173
-427.305
-453.19
-405.669
-398.284
-415.375
-372.533
-391.96
-413.15
-392.853
-414.587
-393.24
-425.966
-411.603
-438.076
-411.498
-385.275
-456.958
-410.959
-385.241
-441.049
-406.787
-404.652
-386.78
-368.05
-456.532
-390.458
-460.819
-417.375
-390.501
-399.355
-435.703
-402.123
-439.993
-433.528
-419.063
-429.651
-390.672
-365.057
-414.334
-367.34
-386.167
-413.754
-357.033
-409.544
-381.804
-381.293
-421.006
-388.906
-423.685
-410.494
-401.718
-383.83
-375.206
-393.103
-378.622
-395.028
-383.045
-458.039
-417.94
-409.086
-438.612
-437.383
-405.551
-443.822
-409.705
-403.422
-429.944
-400.227
-364.182
-418.731
-347.578
-372.441
-420.847
-434.932
-400.241
-365.769
-451.34
-387.019
-446.781
-398.391
-439.95
-429.715
-433.38
-445.908
-446.218
-412.072
-389.024
-429.336
-356.004
-437.095
-394.584
-405.685
-457.37
-402.253
-382.314
-416.337
-442.424
-427.846
-445.199
-420.487
-351.178
-415.346
-431.372
-392.617
-357.669
-360.691
-370.712
-388.959
-444.897
-358.613
-323.426
-364.617
-325.025
-293.671
-378.642
-360.986
-398.038
-327.169
-360.591
-338.334
-301.925
-303.763
-308.944
-296.208
-299.096
-330.659
-312.789
-295.478
-316.638
-307.746
-367.4
-335.632
-310.666
-346.374
-395.457
-388.39
-329.019
-391.718
-313.706
-304.664
-353.768
-322.332
-361.636
-396.863
-378.761
-329.902
-300.935
-330.498
-399.309
-314.11
-340.965
-323.926
-400.054
-293.915
-324.284
-349.069
-357.296
-333.011
-334.468
-322.164
-317.621
-308.159
-355.63
-373.331
-293.523
-357.495
-302.98
-333.708
-374.496
-350.347
-319.109
-339.603
-338.682
-308.879
-319.31
-341.156
-325.524
-326.719
-307.817
-305.034
-336.643
-331.677
-310.586
-357.374
-357.581
-383.969
-367.246
-367.287
-342.942
-363.878
-346.863
-366.115
-389.478
-382.023
-376.881
-312.847
-332.812
-291.649
-361.024
-354.307
-370.44
-394.884
-335.038
-374.83
-355.28
-343.846
-336.323
-391.243
-381.095
-353.135
-308.173
-327.664
-393.308
-326.683
-341.356
-395.388
-298.157
-325.288
-384.819
-364.334
-324.009
-341.997
-349.345
-379.653
-399.547
-314.194
-371.565
-313.039
-364.452
-325.959
-363.693
-375.426
-293.839
-304.207
-313.929
-376.446
-379.957
-355.823
-372.911
-361.01
-339.913
-339.258
-391.9
-302.268
-312.403
-324.645
-329.148
-394.943
-337.076
-380.359
-299.609
-356.431
-299.614
-296.43
-315.164
-320.887
-392.819
-329.806
-318.013
-367.813
-398.609
-331.228
-326.99
-296.24
-336.743
-331.282
-384.486
-323.678
-362.173
-395.388
-357.097
-375.641
-374.459
-326.892
-324.378
-329.4
-328.323
-402.012
-392.434
-381.633
-391.797
-375.625
-289.516
-296.428
-318.809
-311.474
-312.34
-358.728
-333.629
-380.95
-314.973
-402.258
-295.779
-340.832
-327.782
-364.079
-349.446
-358.595
-364.504
-305.654
-336.93
-306.855
-352.022
-308.668
-325.959
-307.371
-318.02
-377.539
-375.263
-309.659
-296.448
-238.252
-277.102
-291.834
-285.693
-269.902
-294.752
-323.396
-231.704
-312.776
-274.808
-254.432
-285.061
-266.786
-266.648
-281.766
-283.588
-248.478
-286.858
-255.39
-342.162
-314.91
-267.285
-325.162
-251.445
-284.971
-297.735
-243.546
-323.974
-303.5
-252.008
-266.329
-303.102
-335.327
-280.212
-251.049
-294.394
-269.16
-296.48
-306.118
-287.916
-279.345
-293.041
-290.864
-274.235
-266.754
-283.875
-252.923
-235.318
-336.629
-242.574
-255.37
-296.234
-284.616
-258.432
-239.639
-260.034
-286.193
-286.952
-287.751
-308.6
-238.47
-243.42
-249.551
-277.948
-287.319
-253.534
-276.865
-277.016
-254.449
-279.675
-303.971
-303.619
-239.249
-281.332
-259.313
-322.33
-290.156
-283.407
-271.901
-321.006
-265.16
-268.37
-343.28
-270.194
-272.767
-264.379
-296.113
-303.364
-251.988
-299.128
-276.89
-279.647
-233.877
-274.631
-280.171
-289.318
-316.497
-257.954
-258.03
-282.736
-255.02
-324.478
-296.08
-292.628
-281.213
-292.154
-299.293
-284.801
-273.614
-288.764
-275.792
-306.951
-285.116
-323.133
-284.656
-274.572
-334.89
-269.259
-252.943
-260.339
-257.336
-267.371
-274.099
-256.97
-327.992
-299.914
-267.322
-280.555
-300.912
-244.058
-251.775
-268.603
-301.341
-331.165
-277.017
-320.083
-287.135
-319.81
-290.382
-273.377
-268.525
-278.95
-265.204
-328.563
-249.088
-277.698
-301.873
-284.03
-319.937
-293.571
-289.633
-301.874
-258.804
-303.514
-240.854
-247.398
-242.782
-303.228
-275.321
-290.688
-240.73
-278.16
-283.542
-306.348
-252.015
-266.685
-299.338
-306.172
-247.334
-308.066
-286.135
-251.036
-255.552
-274.46
-322.94
-235.401
-291.396
-306.771
-234.787
-331.668
-272.172
-290.902
-249.103
-272.562
-300.053
-266.252
-268.558
-265.615
-281.293
-283.136
-278.981
-327.017
-234.946
-254.578
-288.028
-248.729
-293.474
-261.943
-436.267
-355.101
-408.937
-398.461
-434.875
-424.052
-386.193
-391.41
-437.344
-380.442
-456.779
-413.378
-414.664
-375.673
-350.385
-401.032
-425.267
-346.648
-425.702
-377.344
-407.075
-348.297
-437.632
-420.494
-443.251
-383.115
-420.266
-379.898
-435.117
-427.314
-380.307
-452.729
-407.42
-422.825
-433.97
-397.874
-453.983
-419.15
-409.77
-422.873
-387.73
-404.328
-419.83
-396.312
-409.626
-427.277
-413.389
-406.678
-441.537
-405.356
-374.542
-422.311
-386.711
-372.069
-401.24
-386.223
-416.394
-380.46
-401.636
-445.087
-410.585
-380.542
-387.693
-396.098
-461.313
-436.128
-414.39
-422.637
-410.971
-452.037
-382.879
-445.557
-385.237
-412.87
-430.762
-417.264
-453.45
-402.666
-392.539
-450.198
-377.046
-368.225
-400.576
-372.457
-446.912
-398.685
-458.586
-444.062
-457.731
-457.08
-452.626
-407.016
-399.712
-431.33
-459.256
-417.041
-461.301
-420.871
-424.597
-410.538
-417.967
-437.071
-347.128
-401.687
-448.869
-364.406
-450.953
-406.693
-350.963
-379.839
-440.011
-437.469
-422.981
-418.107
-410.573
-439.291
-383.998
-425.537
-399.165
-436.669
-448.086
-450.617
-348.798
-418.667
-389.22
-369.7
-443.514
-354.467
-401.786
-424.515
-437.857
-392.386
-354.978
-384.043
-377.786
-390.753
-425.463
-446.966
-429.032
-370.991
-449.859
-442.459
-387.796
-428.453
-408.723
-378.205
-382.871
-386.58
-454.797
-394.842
-454.52
-430.544
-443.367
-389.448
-404.899
-419.601
-412.573
-434.187
-430.872
-373.485
-366.651
-417.625
-348.874
-395.193
-385.641
-425.395
-404.359
-422.971
-387.181
-423.938
-387.354
-376.694
-389.827
-358.78
-391.885
-406.679
-389.558
-404.48
-348.803
-394.328
-415.899
-450.829
-390.438
-424.418
-436.95
-460.698
-433.806
-434.84
-380.49
-380.686
-389.114
-449.71
-415.846
-425.287
-427.52
-450.781
-422.892
-348.979
-369.755
-382.912
-349.861
-371.206
-320.252
-360.973
-293.304
-381.938
-318.934
-299.266
-397.56
-400.082
-346.235
-353.713
-299.596
-348.222
-303.245
-299.944
-340.099
-354.403
-325.409
-324.909
-316.23
-332.367
-322.38
-373.155
-299.987
-373.726
-369.832
-312.664
-327.621
-393.694
-336.97
-394.715
-327.869
-342.099
-349.233
-291.573
-333.241
-383.687
-355.123
-365.095
-312.614
-326.995
-369.957
-345.27
-314.697
-360.85
-344.484
-348.479
-306.73
-309.656
-357.552
-375.404
-344.036
-339.378
-393.613
-299.667
-388.785
-386.154
-374.351
-347.051
-390.054
-306.138
-400.204
-341.617
-382.835
-389.11
-396.751
-345.437
-382.518
-297.494
-322.87
-383.756
-345.259
-392.138
-322.768
-304.68
-308.139
-323.843
-380.906
-399.535
-329.167
-347.493
-351.524
-289.873
-301.899
-303.216
-336.525
-365.278
-390.369
-312.197
-324.215
-384.657
-358.152
-312.921
-391.577
-306.072
-321.836
-315.034
-340.551
-366.043
-325.234
-302.425
-376.48
-330.468
-387.024
-376.288
-367.643
-388.776
-362.224
-365.124
-342.536
-387.869
-355.194
-399.044
-351.437
-318.299
-394.995
-392.441
-303.884
-325.042
-335.821
-353.101
-334.705
-379.925
-337.242
-397.753
-397.64
-361.06
-364.184
-314.42
-372.689
-393.413
-371.889
-389.035
-395.612
-319.29
-403.307
-400.554
-352.595
-345.47
-357.588
-354.426
-312.221
-327.537
-397.446
-309.352
-402.167
-401.798
-311.028
-359.309
-369.195
-298.675
-329.243
-357.925
-328.089
-384.997
-403.584
-292.355
-348.359
-367.994
-324.943
-297.495
-326.876
-397.408
-309.849
-396.631
-380.044
-321.003
-396.87
-400.303
-371.5
-395.467
-336.848
-352.393
-293.266
-334.549
-337.337
-325.757
-346.879
-341.997
-362.926
-346.568
-359.424
-309.101
-302.118
-322.324
-339.245
-377.193
-397.516
-395.112
-370.904
-356.276
-315.302
-348.38
-305.11
-348.18
-347.381
-305.313
-363.732
-330.934
-329.418
-335.73
-314.214
-274.916
-255.16
-320.16
-248.631
-265.032
-281.826
-297.854
-311.674
-241.093
-270.602
-241.73
-309.476
-234.265
-338.121
-262.679
-341.982
-288.806
-258.401
-293.773
-261.321
-319.235
-307.429
-236.004
-291.134
-276.093
-282.086
-283.984
-264.334
-332.204
-291.262
-317.265
-277.355
-330.964
-282.338
-302.596
-284.19
-326.737
-254.667
-255.762
-280.527
-252.375
-269.026
-316.339
-313.723
-311.29
-291.246
-262.718
-275.409
-235.717
-276.428
-319.06
-286.624
-303.471
-323.313
-293.127
-338.521
-273.573
-304.916
-303.674
-272.132
-270.993
-277.004
-272.551
-248.519
-282.386
-287.747
-284.26
-271.178
-269.289
-243.985
-235.53
-253.671
-272.132
-283.7
-324.018
-238.228
-286.102
-274.059
-233.591
-294.861
-267.347
-287.307
-293.446
-290.023
-336.202
-267.135
-275.413
-334.324
-309.796
-252.637
-252.461
-315.535
-231.834
-301.983
-251.949
-324.889
-291.92
-312.352
-237.458
-267.564
-338.103
-264.735
-319.945
-238.903
-329.206
-292.987
-308.938
-283.478
-299.347
-234.784
-239.911
-285.084
-297.115
-238.796
-335.961
-277.779
-235.686
-275.216
-336.01
-300.148
-275.746
-263.998
-307.206
-298.116
-263.864
-268.821
-266.982
-254.458
-254.916
-276.6
-263.151
-276.205
-287.289
-294.402
-327.742
-271.906
-253.129
-301.299
-289.77
-286.745
-237.39
-267.298
-293.808
-289.181
-278.733
-261.193
-308.97
-304.812
-258.333
-294.645
-296.013
-246.638
-276.038
-293.049
-238.554
-285.405
-308.623
-290.044
-264.96
-263.09
-316.67
-240.076
-293.328
-271.884
-273.899
-264.132
-285.683
-310.935
-245.43
-281.408
-301.36
-264.609
-260.141
-338.561
-310.413
-283.136
-297.822
-342.741
-279.086
-265.424
-286.684
-325.426
-268.793
-309.373
-304.574
-235.754
-280.453
-250.352
-318.338
-289.879
-271.346
-256.514
-239.082
-304.122
-291.742
-299.764
-290.172
-350.151
-398.921
-388.946
-443.353
-456.536
-384.186
-399.368
-446.077
-392.643
-387.596
-364.819
-415.801
-378.558
-406.001
-385.734
-448.056
-401.912
-347.02
-377.93
-367.942
-437.451
-393.649
-418.29
-418.275
-354.589
-442.06
-438.858
-445.471
-377.056
-364.766
-433.956
-436.85
-422.038
-407.621
-387.499
-461.263
-410.742
-407.644
-359.781
-427.975
-417.247
-381.737
-440.049
-412.148
-449.326
-410.857
-384.527
-413.579
-443.502
-371.493
-457.524
-458.397
-408.066
-382.144
-434.585
-451.105
-380.034
-409.41
-392.801
-393.871
-393.544
-406.19
-442.931
-352.281
-402.09
-411.603
-445.18
-398.444
-428.056
-390.722
-418.004
-425.671
-372.558
-389.845
-446.857
-418.631
-444.163
-454.804
-389.469
-445.692
-450.618
-380.718
-434.156
-384.28
-416.857
-358.843
-395.474
-440.306
-415.071
-376.845
-403.487
-439.958
-445.066
-365.77
-407.624
-425.818
-391.886
-461.418
-386.135
-442.298
-378.704
-429.058
-430.921
-405.082
-411.426
-388.801
-457.475
-390.954
-460.475
-384.06
-458.418
-423.693
-417.505
-375.768
-356.209
-373.711
-401.759
-354.171
-416.272
-400.561
-412.372
-395.69
-410.59
-412.677
-409.52
-409.486
-445.318
-409.086
-413.371
-422.794
-390.693
-388.418
-412.566
-411.297
-397.705
-392.186
-401.514
-450.742
-428.843
-447.921
-386.828
-439.441
-425.698
-450.808
-445.501
-440.416
-378.167
-389.924
-361.837
-424.081
-424.924
-413.328
-454.464
-399.797
-406.536
-438.918
-457.987
-433.604
-365.587
-434.004
-376.257
-379.135
-408.84
-415.76
-442.177
-405.602
-432.749
-415.888
-445.473
-385.021
-429.714
-383.962
-371.376
-411.824
-404.176
-435.191
-410.517
-399.591
-412.081
-441.495
-402.794
-400.701
-438.359
-443.431
-450.733
-460.228
-410.736
-431.613
-377.377
-388.494
-428
-402.615
-384.757
-436.826
-407.271
-436.187
-427.552
-406.074
-410.924
-457.948
-362.649
-394.658
-293.622
-398.794
-375.715
-337.813
-381.752
-294.778
-350.857
-329.76
-362.749
-393.739
-304.34
-321.734
-363.063
-316.358
-312.355
-351.295
-301.379
-361.455
-357.955
-316.658
-396.041
-370.758
-311.412
-333.955
-396.489
-369.639
-306.533
-375.215
-353.175
-310.673
-297.482
-386.005
-373.677
-305.484
-387.207
-310.954
-307.017
-363.41
-348.892
-364.013
-367.28
-352.449
-320.893
-363.743
-326.175
-334.05
-327.465
-299.394
-400.047
-307.617
-371.224
-388.338
-362.15
-377.684
-331.818
-305.433
-328.007
-300.242
-310.006
-381.944
-370.444
-376.609
-320.48
-361.118
-402.767
-359.813
-300.047
-320.962
-315.473
-384.079
-378.842
-356.084
-392.377
-311.87
-327.478
-308.601
-309.878
-383.299
-314.18
-333.915
-374.74
-344.561
-319.356
-387.612
-311.666
-373.588
-345.127
-380.248
-386.075
-318.275
-358.126
-384.783
-361.184
-289.035
-387.73
-348.568
-293.204
-297.661
-309.054
-387.912
-315.817
-301.289
-398.639
-354.143
-303.641
-316.895
-291.914
-327.031
-315.273
-334.071
-351.174
-376.663
-387.078
-350.88
-296.367
-321.021
-313.743
-381.863
-366.76
-398.18
-355.891
-321.92
-399.535
-303.034
-347.047
-383.86
-348.189
-352.34
-320.894
-362.153
-301.263
-307.09
-309.598
-322.634
-296.229
-350.556
-304.516
-351.259
-358.843
-341.425
-366.974
-375.744
-369.86
-394.894
-376.711
-290.43
-373.704
-352.059
-339.688
-319.81
-350.033
-348.506
-356.359
-396.862
-312.532
-367.767
-354.689
-297.796
-329.25
-390.038
-327.703
-341.863
-386.299
-350.554
-300.916
-370.364
-335.942
-339.44
-333.37
-299.751
-391.739
-319.037
-341.59
-348.027
-355.012
-355.693
-295.492
-347.242
-365.413
-289.696
-403.621
-332.458
-386.114
-387.687
-314.305
-367.841
-295.461
-365.857
-379.811
-382.25
-360.548
-369.539
-294.646
-356.979
-321.414
-308.449
-288.928
-359.473
-143.334
-60.4316
-88.1643
-145.854
-133.185
-117.658
-101.784
-92.8925
-66.3045
-108.861
-157.44
-151.372
-144.406
-69.1579
-107.481
-82.9759
-119.056
-101.6
-63.846
-119.934
-105.8
-118.927
-110.943
-92.712
-78.283
-102.094
-89.7525
-108.173
-144.994
-128.439
-104.547
-118.419
-143.177
-60.1554
-154.647
-113.648
-143.614
-119.632
-171.551
-66.477
-144.001
-115.527
-116.591
-124.913
-117.677
-118.575
-128.479
-97.2636
-172.17
-134.769
-59.0378
-90.5917
-154.441
-129.328
-141.058
-130.902
-144.891
-117.222
-112.027
-168.23
-94.0014
-120.79
-59.1439
-142.815
-148.783
-159.299
-70.0243
-71.641
-146.28
-136.357
-97.7793
-131.871
-138.369
-87.7963
-113.123
-100.689
-113.274
-106.678
-103.035
-72.102
-77.8876
-72.2116
-119.356
-128.186
-91.9745
-85.9519
-107.974
-84.4437
-97.7863
-117.155
-159.72
-89.7027
-167.656
-109.783
-124.832
-119.881
-99.0075
-123.052
-120.416
-127.535
-118.933
-63.6014
-65.5606
-140.979
-87.3977
-106.033
-110.586
-98.3988
-69.1845
-163.449
-136.229
-113.886
-112.375
-132.496
-84.6071
-116.203
-115.629
-158.783
-98.2456
-98.5092
-116.71
-127.64
-127.956
-62.8205
-108.138
-151.201
-88.7485
-150.971
-86.2711
-70.7924
-111.908
-109.398
-162.236
-119.819
-138.094
-127.914
-75.6169
-78.157
-117.734
-110.537
-85.7964
-118.78
-127.96
-97.2394
-102.478
-70.8266
-135.842
-73.8657
-168.114
-103.056
-91.0874
-130.415
-92.4212
-150.077
-164.83
-171.103
-108.858
-166.623
-112.315
-98.8856
-153.514
-94.2484
-130.177
-58.7494
-119.041
-110.889
-140.482
-61.4956
-144.053
-120.075
-123.487
-108.409
-87.359
-137.371
-143.071
-135.024
-139.674
-125.474
-116.2
-157.682
-73.8526
-113.956
-143.395
-154.359
-70.215
-69.2681
-122.318
-110.494
-116.263
-78.6818
-61.1949
-73.8984
-134.222
-109.431
-117.993
-108.223
-137.232
-105.328
-71.677
-127.136
-227.95
-176.638
-260.551
-250.287
-226.431
-250.644
-232.437
-279.287
-245.507
-210.464
-250.72
-244.418
-248.844
-217.098
-215.398
-274.202
-190.732
-287.147
-224.289
-222.551
-176.278
-242.644
-233.62
-223.651
-265.952
-280.816
-196.165
-272.506
-180.182
-232.004
-259.749
-266.861
-214.74
-213.394
-260.886
-208.704
-233.868
-260.806
-224.34
-227.386
-193.294
-239.328
-213.951
-217.618
-253.406
-218.025
-223.516
-228.727
-222.742
-257.4
-260.412
-234.197
-190.454
-233.259
-248.312
-270.471
-274.131
-227.195
-211.236
-263.401
-278.65
-220.137
-208.63
-274.444
-213.28
-263.786
-230.905
-251.194
-216.348
-226.535
-217.064
-282.423
-267.399
-216.564
-218.395
-238.464
-267.021
-267.63
-189.932
-193.368
-212.49
-210.219
-242.715
-262.663
-245.114
-219.302
-176.816
-262.365
-184.585
-282.419
-255.797
-182.061
-214.669
-221.633
-276.122
-286.486
-175.308
-229.448
-196.909
-181.69
-262.909
-287.481
-274.652
-216.152
-238.239
-217.365
-230.289
-242.546
-254.67
-239.462
-223.044
-252.021
-258.217
-268.768
-224.437
-228.373
-262.248
-243.399
-277.209
-188.079
-191.94
-264.701
-210.872
-232.578
-206.399
-284.92
-255.727
-274.678
-233.351
-199.497
-261.693
-224.786
-240.508
-251.891
-189.9
-267.573
-283.414
-211.858
-194.832
-265.506
-241.929
-274.532
-231.113
-175.408
-236.602
-240.057
-279.062
-267.51
-237.913
-282.378
-288.314
-254.86
-263.665
-218.143
-251.174
-192.114
-255.998
-275.127
-218.38
-244.509
-261.897
-281.974
-215.081
-206.773
-259.459
-189.004
-242.43
-208.501
-211.598
-238.991
-215.939
-244.644
-180.936
-278.487
-275.408
-259.128
-268.94
-257.476
-209.128
-263.967
-235.774
-187.219
-283.177
-258.911
-184.804
-263.737
-235.449
-196.956
-230.939
-218.147
-270.111
-239.35
-234.347
-228.585
-220.703
-267.206
-240.454
-253.888
-189.253
-183.338
-136.293
-125.514
-179.695
-199.554
-126.442
-158.69
-178.143
-140.18
-139.382
-130.724
-143.054
-121.993
-121.659
-164.208
-124.647
-166.68
-147.595
-128.655
-133.665
-196.727
-216.264
-132.602
-221.714
-201.168
-141.237
-202.474
-134.914
-212.615
-222.908
-172.738
-229.241
-157.989
-210.377
-143.43
-152.714
-117.512
-207.769
-219.898
-172.706
-214.545
-219.858
-123.724
-177.367
-210.006
-213.744
-170.552
-144.933
-200.006
-158.916
-198.26
-222.023
-127.155
-204.481
-166.974
-146.32
-190.825
-195.209
-136.006
-166.624
-198.42
-198.55
-136.922
-167.182
-174.51
-201.021
-161.497
-206.663
-172.14
-142.041
-182.259
-128.202
-133.899
-229.557
-173.718
-159.758
-172.237
-199.877
-144.324
-194.245
-146.477
-204.89
-198.619
-218.718
-133.504
-227.074
-221.59
-184.073
-180.338
-149.967
-223.902
-212.739
-154.627
-183.334
-212.466
-122.723
-135.519
-188.572
-205.109
-166.348
-210.55
-211.575
-182.65
-117.704
-129.311
-169.547
-187.485
-200.438
-161.241
-122.89
-171.409
-122.967
-178.074
-118.1
-181.219
-160.722
-179.443
-187.329
-133.163
-187.769
-188.087
-230.865
-130.166
-119.827
-195.17
-184.773
-151.379
-133.833
-167.486
-164.961
-219.062
-175.547
-188.78
-207.301
-148.779
-215.466
-181.578
-166.584
-199.139
-174.615
-187.91
-208.07
-183.51
-180.827
-172.723
-123.647
-153.266
-131.138
-167.753
-209.146
-188.535
-219.494
-206.933
-146.267
-187.073
-156.626
-136.684
-159.393
-217.958
-184.33
-163.464
-212.477
-187.523
-192.179
-172.383
-205.121
-221.896
-194.101
-132.989
-156.239
-125.126
-202.367
-128.979
-174.162
-137.656
-167.402
-195.547
-200.418
-142.12
-132.747
-170.787
-144.054
-130.845
-198.551
-131.489
-135.362
-184.547
-216.141
-204.112
-178.093
-175.031
-154.443
-211.332
-120.716
-196.192
-141.157
-140.838
-139.517
-170.698
-216.833
-196.216
41.2186
87.7809
99.4031
111.501
33.2272
74.5246
65.1325
93.3107
62.2209
93.0371
94.8932
27.2858
105.8
45.8694
77.325
53.6931
111.132
34.2204
84.2933
55.0402
65.8568
50.0051
44.2585
52.6883
101.752
91.0634
55.3945
63.8927
46.244
74.2555
28.3977
29.3789
62.0245
56.8475
25.3275
52.3642
52.9257
20.3152
38.5188
59.3126
106.021
80.7916
73.8906
36.5168
23.4782
36.2878
76.5632
88.0101
85.0246
58.633
45.9712
39.9707
71.5874
49.2701
36.724
45.2205
101.807
61.3779
52.2089
69.3723
82.9055
87.1608
88.1051
55.4108
43.3288
27.9371
57.5161
70.7018
110.099
22.9782
74.0203
92.0373
26.4092
46.3888
106.694
11.4008
62.1729
70.4063
54.7301
81.9698
67.0553
36.6386
12.0824
42.1176
100.411
68.2985
83.7465
24.966
47.6915
46.3643
90.9844
59.377
48.3294
65.9469
28.04
66.6895
53.9312
64.8672
47.5493
55.31
55.8059
112.186
66.883
89.9267
59.5708
43.0574
71.0406
40.8493
16.5233
66.5992
25.3379
49.042
65.5241
66.2859
11.4752
39.658
59.3545
100.437
60.4747
83.7113
65.1421
85.6505
81.4399
50.6723
62.6832
97.1378
76.3845
45.3788
55.9737
54.446
96.6498
24.3578
104.512
76.3956
84.4066
110.111
112.291
76.3318
103.197
90.2423
53.7587
32.6658
62.0239
67.5419
69.5045
99.7552
22.7399
25.0601
45.7568
112.994
70.3936
62.6348
110.904
1.8941
99.7691
2.61438
97.4578
34.438
2.89288
50.7814
80.8003
76.2272
109.13
75.0125
61.9212
47.3283
35.2246
23.7835
113.823
109.66
51.9996
92.4763
37.2487
13.6336
40.677
63.3053
67.1352
84.4006
73.4735
102.301
63.3549
85.0451
39.0987
102.472
73.2678
59.4323
29.7609
20.3847
28.2808
57.4169
25.3194
92.2308
50.9396
54.5643
56.9569
9.29089
92.2446
59.415
82.8565
57.1596
-99.774
-42.7829
-37.2265
-42.1504
-54.7895
-17.5711
-44.7963
-86.0044
-109.712
-108.433
-57.9975
-59.6055
-14.7384
-51.9188
-84.1017
-23.3066
-41.6568
-61.386
-112.42
-19.6684
-47.2773
-77.5158
-69.6007
-23.4143
-20.6569
-24.6175
-98.8461
-75.4367
-32.988
-81.9453
-47.5887
-71.8667
-92.8572
-107.17
-48.4241
-9.70336
-70.0884
-59.6084
-51.6732
-74.7928
-113.932
-41.9283
-78.5549
-35.3553
-105.3
-56.4752
-97.3835
-42.7511
-65.6533
-38.8363
-37.2138
-84.2187
-45.4719
-102.095
-45.3533
-95.3716
-107.667
-89.7782
-30.2068
-38.5256
-50.8877
-7.37441
-47.4124
-104.556
-59.6983
-107.615
-56.4842
-58.1332
-8.5949
-62.4703
-15.3471
-91.8057
-91.2615
-35.815
-98.7435
-7.35482
-33.8285
-64.1636
-7.60241
-42.0793
-51.0602
-68.7204
-76.2264
-86.2818
-45.7376
-90.3902
-80.6342
-96.7847
-70.3064
-84.6092
-65.4266
-23.184
-34.0325
-38.5574
-5.45495
-85.9706
-111.069
-0.911639
-54.0123
-51.5996
-97.9931
-114.766
-56.6062
-113.67
-95.2829
-77.127
-99.9496
-9.3882
-87.1302
-52.5713
-66.081
-41.313
-83.8569
-109.769
-29.0072
-22.023
-56.8982
-44.5752
-109.973
-82.9229
-32.549
-53.4947
-103.686
-25.533
-24.6169
-107.59
-71.4293
-71.5866
-50.1485
-54.164
-103.163
-56.8734
-100.016
-41.8836
-48.6317
-44.9827
-59.4935
-75.7646
-68.7044
-104.799
-63.6315
-48.5931
-94.5801
-34.732
-79.0523
-101.517
-59.8347
-110.782
-13.9128
-97.1444
-107.283
-92.8954
-89.3498
-66.5715
-19.9959
-91.3193
-94.6111
-34.6101
-48.5914
-95.3278
-26.9716
-78.2104
-33.6579
-41.0497
-45.5336
-65.3017
-101.07
-26.34
-78.1729
-46.2539
-2.13067
-55.8462
-24.3538
-59.9828
-83.4363
-53.0922
-13.8073
-54.9616
-73.2121
-22.0474
-93.9483
-77.0449
-35.4167
-51.0854
-106.298
-38.9406
-62.2093
-100.931
-53.3187
-39.1195
-41.164
-20.2631
-85.8154
-5.03307
-46.6846
-81.8509
-58.5497
-16.7188
-94.6571
-36.2169
-31.7426
27.1093
42.9977
-22.1737
6.65195
3.65489
57.454
-21.7357
-49.8247
-13.7294
52.588
-55.5065
-45.2361
-17.9154
18.4381
32.2684
39.5651
-39.6666
16.6607
12.4072
3.85596
-19.3281
-25.4508
3.18825
29.7849
-44.3914
22.5708
-8.34277
-21.769
4.2989
-17.3103
37.9822
-6.7973
-56.3404
11.6229
1.35152
29.8434
-4.15529
45.2973
-33.0725
30.5205
-25.403
-7.19075
-26.515
-39.8915
-19.8081
5.95854
-25.205
9.25919
12.8178
-48.597
1.48663
-49.3821
-35.2387
2.21906
48.3361
34.9897
21.3735
0.536836
39.8461
-30.2687
-27.4054
38.1088
-38.9164
23.931
39.4672
-40.9312
1.42357
-39.2711
11.7999
20.2256
34.0623
21.0367
-13.3671
-20.0923
-0.509719
-35.9423
-44.5222
-4.45212
11.1746
49.2487
-30.4337
-17.0201
26.5958
34.2576
35.229
-15.9595
-40.8179
3.11543
-34.8666
-21.3202
-26.8946
0.850118
-13.2694
5.91671
-24.9844
-15.0459
52.9932
-23.4398
32.4199
-23.3042
-40.9412
-17.5912
-31.5094
-7.04378
34.1845
28.1862
41.2741
22.265
-5.70256
22.6668
-22.2479
9.18348
-2.852
-33.2325
-6.36808
2.49618
-31.4422
-27.0383
-52.6326
5.08582
5.24841
-43.5554
53.351
-13.4231
38.7401
-41.6647
6.36453
-20.171
-14.4906
-19.3919
-20.8459
31.1283
-50.0457
-20.6676
7.79888
-49.1301
0.0792029
-22.4975
27.1072
-9.62408
-0.438607
24.1561
32.3218
-51.2926
20.1147
43.4424
50.7868
-27.0889
-56.2192
0.510842
22.4073
-24.2486
-13.0441
-19.6765
47.9657
55.3385
-8.96209
-44.1874
28.3784
-18.6131
34.3785
54.1044
30.9532
-3.17654
-46.2919
-2.58014
-45.5512
20.4182
-11.6397
40.7307
5.09482
-5.77027
9.15755
-10.8081
-43.2319
19.4797
-0.261855
-45.4444
54.2017
-37.3726
35.3605
-3.34538
-28.1694
13.2685
-10.4958
-11.3395
31.2996
33.5421
44.2215
-22.1823
31.0151
36.4931
-17.3821
31.5607
47.5016
-41.7226
57.1198
36.9394
38.2662
200.764
221.087
198.643
282.642
207.587
260.896
264.804
233.132
259.783
205.293
217.912
259.59
273.218
231.188
206.648
270.007
275.292
214.63
235.316
262.671
228
249.129
263.733
239.141
249.306
226.644
199.656
271.225
182.734
205.319
285.329
229.94
184.215
221.157
255.109
250.388
256.635
263.047
221.788
234.88
197.561
273.293
231.196
258.672
209.031
176.534
181.31
250.374
257.497
264.416
184.864
219.512
249.389
243.354
245.636
256.743
269.923
198.871
237.181
268.192
222.207
221.615
260.777
257.047
262.483
260.172
253.223
214.715
184.589
270.079
280.643
233.033
265.177
224.271
173.748
220.056
232.652
213.391
272.516
216.338
280.273
175.392
262.676
242.673
268.371
238.126
217.076
288.509
232.25
284.391
209.545
268.602
246.801
281.677
218.723
229.819
248.406
251.279
271.622
244.102
269.538
286.093
199.679
277.303
234.744
217.334
248.177
275.579
231.535
254.224
231.161
193.284
191.86
221.564
236.141
244.98
237.135
241.138
211.608
283.798
283.398
239.042
277.322
173.564
285.975
272.606
246.639
174.009
275.316
247.051
234.965
240.917
251.018
254.305
218.976
280.346
232.627
218.424
246.705
236.999
226.626
189.286
206.665
256.914
272.365
209.546
227.4
282.515
284.654
258.908
265.067
191.03
201.943
200.981
237.111
245.829
255.604
279.22
248.672
234.273
220.211
243.834
259.876
211.817
271.265
213.954
283.131
197.847
267.323
280.437
227.472
267.722
227.995
218.434
212.917
267.396
284.9
209.974
210.975
247.501
250.742
205.764
259.131
238.426
243.534
222.885
216.683
211.956
284.942
224.311
223.864
256.815
246.702
214.102
238.438
286.823
239.002
272.664
269.511
260.02
143.481
132.354
117.982
62.8162
157.554
162.202
124.188
108.422
89.0482
135.435
114.74
122.979
61.0674
90.6717
120.896
122.628
147.991
113.878
68.4906
136.87
136.496
138.748
112.98
114.343
151.241
114.985
97.9022
140.078
81.9319
139.543
108.597
134.175
113.114
117.497
118.164
101.235
127.005
128.659
76.1996
68.1808
62.849
81.044
103.1
110.371
136.933
90.2465
131.344
119.811
111.044
72.3312
84.4148
152.43
110.858
95.4168
103.535
100.101
171.631
110.381
145.52
62.8903
68.7302
93.8669
79.2715
109.409
67.4845
168.686
111.808
138.687
71.04
140.912
106.995
96.2729
117.172
130.798
97.4669
132.48
137.804
78.6192
172.988
71.7705
59.244
131.328
116.904
106.836
117.442
75.3108
91.3599
58.6761
82.9775
130.656
101.896
129.495
101.739
74.4934
127.928
103.322
94.7184
92.6212
84.0909
108.741
127.589
109.818
120.311
68.7809
146.246
122.4
76.2039
145.087
111.011
112.935
108.469
123.368
105.986
101.205
110.699
120.749
79.9187
126.321
126.242
88.5615
92.9351
71.2413
139.6
95.4443
137.418
123.854
134.895
124.909
169.77
113.323
105.42
85.1112
103.553
137.31
105.891
82.0411
78.7467
136.41
102.111
63.6573
71.2655
112.869
63.2017
146.951
106.388
138.989
58.5159
152.662
135.148
79.529
130.961
107.563
128.645
130.009
119.834
70.8509
115.403
79.2307
80.1365
66.4929
152.416
91.8634
133.128
85.0748
113.607
127.608
105.833
61.3833
103.651
151.737
164.343
76.4013
107.795
123.21
87.9236
83.073
98.4512
105.197
63.3346
57.9405
92.7278
121.488
113.927
124.236
76.2515
136.53
121.173
140.067
64.9655
63.7422
124.669
137.192
95.3403
94.5703
70.6167
61.163
90.9647
116.757
93.705
141.685
172.606
128.446
163.075
157.114
194.692
190.368
213.566
215.135
129.791
171.997
122.953
139.238
153.076
145.615
140.079
187.681
175.591
180.993
157.036
157.784
209.792
150.443
197.819
204.438
210.829
183.789
204.254
189.286
188.22
173.976
204.21
169.673
177.55
212.967
164.337
176.589
154.788
223.503
129.902
128.069
151.824
198.664
182.717
213.695
128.883
178.027
119.15
213.054
206.977
124.725
139.393
226.43
116.279
122.097
126.749
157.558
138.773
145.596
207.545
191.981
201.163
217.357
174.106
144.754
199.492
207.284
211.537
210.178
192.111
138.246
202.666
191.113
200.512
204.624
125.719
149.289
170.469
175.196
173.942
188.87
131.163
140.931
226.707
149.016
192.768
166.308
219.716
115.666
143.661
120.364
134.321
152.354
147.058
156.151
139.855
168.671
131.902
222.373
176.808
212.008
150.66
216.344
159.872
154.279
183.83
227.702
124.865
154.241
144.217
136.657
214.067
119.336
188.495
182.065
192.657
203.471
158.607
180.672
201.925
207.492
184.149
149.074
170.682
195.134
211.6
145.573
210.46
144.293
146.736
226.32
171.48
159.734
219.522
168.443
166.775
192.617
137.961
190.663
162.102
124.626
215.139
120.881
210.619
194.849
174.844
217.393
159.142
177.134
153.491
116.398
205.431
129.34
125.416
151.063
219.183
123.645
224.677
202.873
146.899
219.223
163.189
176.078
161.35
186.82
116.556
119.699
124.696
127.013
121.199
125.549
158.266
200.733
141.91
160.986
193.103
189.18
226.453
222.264
208.145
171.977
138.959
222.906
179.601
191.718
150.542
159.672
135.542
226.917
169.859
120.685
169.893
121.546
214.498
167.49
172.263
153.739
129.86
167.611
142.484
152.275
447.796
428.762
416.647
380.137
409.925
405.411
376.488
382.931
459.567
455.106
441.589
401.591
388.363
375.411
408.921
395.837
391.193
423.903
448.05
402.229
401.521
400.177
393.158
455.925
393.755
378.14
410.54
444.023
397.103
439.044
439.25
446.382
400.795
400.761
405.782
378.817
350.429
441.977
427.549
405.254
381.589
412.072
433.801
381.41
400.092
422.422
396.562
411.912
450.626
453.013
400.921
454.784
413.935
420.123
450.844
382.149
402.698
396.472
409.179
410.454
397.015
457.896
408.36
414.873
426.302
392.174
379.682
438.758
399.953
443.796
440.195
445.699
443.464
417.288
400.663
429.193
416.559
458.368
439.167
364.791
426.693
385.636
411.699
392.586
425.232
386.501
425.724
436.272
399.407
405.229
402.876
442.929
426.599
443.211
441.292
406.006
419.072
412.919
442.89
414.91
388.193
394.326
393.836
397.373
388.153
373.677
437.404
359.94
440.912
446.476
445.152
425.083
404.582
417.383
387.015
364.679
381.001
385.501
355.382
396.501
390.948
435.858
397.343
405.627
352.422
425.84
396.608
430.761
442.99
408.637
391.745
373.639
444.993
382.481
404.876
381.185
396.308
420.745
430.916
442.899
435.886
408.945
438.297
415.032
436.41
375.829
434.55
438.517
387.849
438.228
381.89
428.349
437.82
435.084
381.06
433.532
370.306
367.662
455.014
369.679
394.965
381.657
397.09
439.678
377.297
390.767
419.212
396.593
363.601
407.944
390.829
443.193
396.974
415.294
385.986
391.027
421.592
451.519
427.39
379.755
433.181
352.653
374.09
437.291
441.852
383.827
430.866
405.334
405.89
394.147
430.556
429.28
410.11
405.096
436.152
417.588
390.426
382.344
366.993
414.407
311.403
283.198
255.535
280.555
293.148
288.161
303.53
245.753
263.359
262.4
304.542
283.081
331.278
277.903
265.961
244.623
269.451
286.484
333.842
274.469
294.005
275.176
300.063
253.285
281.385
333.602
249.246
262.181
276.354
283.425
319.477
262.932
251.995
301.772
320.597
262.97
288.136
311.475
291.53
235.96
236.472
274.183
231.364
324.478
289.979
293.334
304.667
250.757
317.136
253.766
283.592
317.654
289.916
278.298
276.02
297.546
249.777
293.224
288.773
299.144
268.422
302.741
237.464
301.078
276.598
312.29
300.643
320.878
284.333
246.496
301.024
269.147
301.071
249.015
268.426
288.135
259.898
289.17
275.918
282.183
340.261
310.785
264.074
279.261
335.465
286.726
264.665
303.404
284.986
255.844
316.436
252.776
292.997
252.231
308.966
279.956
308.826
325.11
248.479
243.089
239.342
295.122
260.74
260.712
252.27
306.418
293.66
274.695
275.321
254.38
324.403
242.752
256.133
264.861
327.414
315.986
299.916
303.611
286.08
245.992
252.292
242.476
308.348
339.743
344.575
291.999
234.335
273.06
232.55
334.48
268.226
313.493
301.169
342.006
310.655
272.936
293.478
281.132
338.596
243.159
249.766
253.374
250.022
245.45
258.367
232.367
245.023
302.868
239.311
266.225
233.538
294.502
248.598
259.579
306.994
320.059
274.533
270.348
272.897
335.859
236.505
291.869
273.489
304.349
346.082
275.417
288.436
307.226
251.324
275.574
246.616
263.516
276.086
311.787
298.058
235.571
269.253
334.624
319.082
234.264
262.091
301.76
290.498
268.94
271.028
278.566
314.524
270.223
272.311
317.699
271.819
234.53
315.995
313.597
261.611
260.827
283.135
271.171
264.814
266.385
401.563
340.655
336.282
315.624
388.72
402.571
349.681
304.67
297.566
372.39
301.534
342.861
364.571
378.991
320.307
373.392
316.128
333.417
378.728
316.584
400.422
386.925
353.467
402.774
333.342
308.607
328.195
376.012
344.484
364.721
399.557
366.378
323.749
357.161
397.118
336.992
394.015
335.307
338.28
375.473
388.39
293.357
333.8
332.894
366.247
370.348
363.969
391.923
373.847
370.268
311.504
391.106
393.644
388.896
315.117
326.532
299.952
335.925
288.892
349.559
358.974
355.812
292.66
307.81
303.813
374.927
296.004
381.037
347.751
391.998
366.378
387.211
369.632
373.011
344.836
364.428
299.321
295.485
337.989
399.076
328.742
351.326
303.878
323.441
342.583
403.389
322.253
339.062
355.582
327.845
331.702
334.103
342.176
401.946
343.365
363.442
372.203
397.95
346.057
341.871
314.048
395.243
298.913
369.131
365.131
332.8
344.216
390.951
332.07
398.131
332.962
299.713
331.376
387.106
394.327
353.106
383.002
376.559
338.815
329.899
298.662
367.425
311.029
378.513
359.212
332.272
383.535
317.328
360.366
343.36
340.247
289.532
373.805
323.324
318.058
384.306
381.829
309.809
400.033
388.415
370.934
347.814
362.303
314.804
306.606
388.247
358.476
289.528
306.617
375.335
353.883
364.343
325.512
311.954
362.548
371.658
329.089
399.436
317.595
381.06
364.56
323.043
346.051
376.386
327.38
378.549
362.562
304.715
399.368
322.037
344.736
340.001
386.419
307.442
302.514
357.827
354.11
367.85
331.034
295.028
315.75
320.414
376.799
307.501
312.8
400.798
297.721
380.586
359.704
390.019
360.645
315.407
380.43
384.459
351.108
361.739
298.275
289.875
314.785
293.12
360.101
410.847
367.764
413.982
416.377
365.462
447.394
392.824
416.231
422.473
372.842
388.273
411.925
425.874
376.271
416.899
447.06
410.249
385.105
397.28
440.092
444.016
398.44
403.002
418.62
431.111
382.879
423.693
364.35
431.344
389.16
421.755
408.116
388.748
460.011
401.142
418.909
393.54
427.818
353.261
411.621
433.722
438.193
423.116
438.379
449.404
399.357
392.305
437
413.386
388.674
410.961
403.85
443.852
421.422
450.948
418.192
420.355
450.469
426.285
413.986
413.112
420.887
397.297
403.932
364.151
434.16
441.573
426.264
459.794
411.057
458.155
441.958
439.713
397.552
352.148
417.562
349.496
419.805
451.643
436.368
423.737
460.298
457.951
381.87
457.159
415.97
416.37
405.168
398.454
451.096
410.196
372.219
406.663
404.228
401.747
419.33
421.15
360.26
357.917
427.865
436.188
421.056
392.67
394.325
421.005
441.24
392.203
399.7
403.654
406.86
432.337
459.16
415.829
452.263
397.019
447.834
391.813
386.945
448.478
375.686
424.174
434.485
404.46
354.929
381.718
411.406
403.537
386.997
404.522
442.961
423.61
347.077
415.378
390.791
358.575
396.974
457.023
412.664
405.597
420.016
407.133
386.107
428.632
436.409
421.216
460.57
455.923
434.65
403.94
386.662
444.171
380.6
434.043
457.121
372.711
373.579
436.84
408.296
409.266
368.205
372.911
348.081
420.676
448.503
390.848
442.765
360.097
429.932
429.67
449.677
399.521
409.561
405.865
419.389
437.566
425.72
400.189
427.266
434.026
434.348
419.419
439.572
354.47
406.328
381.703
436.628
408.809
395.799
423.844
414.985
385.114
382.458
405.17
422.822
411.199
391.66
380.299
347.079
436.34
325.315
249.656
285.116
336.312
268.609
266.464
262.857
285.005
232.246
267.405
287.831
234.937
303.839
262.531
343.515
283.511
315.572
321.742
340.216
289.855
299.129
255.125
307.921
307.994
293.83
302.067
335.666
274.932
282.43
259.857
262.234
298.259
307.267
326.583
301.054
334.028
297.567
312.464
284.585
275.847
271.701
327.682
285.192
302.958
305.015
293.562
303.5
258.872
335.777
300.155
304.701
334.928
247.88
322.261
266.452
326.864
290.114
254.134
290.308
329.102
277.351
283.328
308.389
245.47
308.304
238.836
233.536
330.356
255.651
306.133
284.876
327.135
256.719
312.86
294.374
255.554
242.627
273.654
278
289.94
278.674
256.823
273.617
250.071
287.481
257.455
262.717
234.433
305.341
306.035
292.591
274.258
289.111
305.666
294.119
322.433
308.787
306.387
273.21
267.275
243.755
289.038
283.574
259.495
269.773
288.1
243.126
262.493
282.825
343.936
280.204
283.958
298.325
267.445
238.171
329.728
345.967
236.804
308.376
237.946
252.213
314.805
241.89
298.742
290.55
288.017
305.649
288.087
298.607
235.221
301.349
247.869
288.636
247.36
242.703
259.121
337.653
318.841
244.979
261.887
282.76
251.198
267.323
265.465
259.659
296.991
269.128
305.476
236.358
306.59
266.788
293.733
297.119
316.942
259.229
276.359
311.227
301.32
308.805
247.961
235.365
308.908
269.025
304.018
326.094
309.016
296.959
242.162
236.777
320.778
345.987
290.784
245.798
332.472
270.238
315.704
303.595
299.891
273.3
269.426
241.918
245.308
315.946
245.228
232.386
326.569
306.728
278.23
296.626
258.183
277.18
285.023
310.95
239.302
324.489
237.16
297.768
299.603
316.697
231.644
362.44
384.931
378.682
327.143
369.843
356.04
383.495
333.756
318.41
341.121
363.099
353.957
290.82
342.211
370.931
307.825
363.549
330.651
355.569
296.736
387.079
300.785
321.521
388.023
312.243
330.072
298.738
317.835
374.021
327.192
339.83
316.771
367.308
297.581
348.753
374.493
384.342
333.556
306.368
346.337
393.121
312.418
388.281
367.847
331.867
319.4
293.34
395.897
321.649
336.16
312.032
349.891
291.414
315.769
334.205
307.733
322.227
297.78
310.018
360.337
336.499
324.542
344.447
392.947
375.159
292.652
317.871
364.438
304.365
312.577
315.707
402.391
297.56
293.523
361.451
353.683
300.965
355.504
301.552
358.574
384.44
289.982
384.84
319.543
306.552
350.791
397.831
348.713
321.661
330.526
362.385
391.62
350.861
383.687
313.937
291.771
291.275
366.492
311.568
319.775
345.686
367.638
290.324
385.721
368.564
356.83
324.914
346.053
357.986
300.155
306.743
296.328
351.64
355.016
305.649
367.653
306.387
392.53
397.975
294.829
392.787
381.676
317.312
352.081
403.71
336.239
369.466
347.36
386.531
359.64
373.62
339.564
383.639
296.943
353.897
362.884
375.196
337.233
388.546
321.334
348.768
374.455
380.462
293.253
342.008
305.978
374.719
375.762
295.217
301.451
378.389
386.688
320.14
346.07
391.537
318.188
317.481
375.84
380.225
296.753
379.175
367.669
377.533
378.189
388.008
339.175
380.019
361.574
350.256
389.5
302.699
377.806
378.24
401.584
328.14
370.069
384.838
365.175
341.78
327.991
380.143
289.278
384.17
336.625
346.727
297.408
379.88
378.416
308.614
307.59
289.585
360.702
382.922
379.637
357.015
313.736
383.407
349.475
293.414
298.799
