92.1759
28.4353
75.347
41.3869
-4.80644
82.0597
55.4672
-15.5279
69.374
-0.545747
84.183
44.2082
52.9158
13.9478
64.5328
32.1297
28.5368
65.0671
21.8769
28.501
19.1331
-7.61704
-1.11498
80.8719
20.1726
50.3218
52.3069
-10.372
59.2989
34.1291
15.8491
27.9162
85.7223
72.5761
64.145
79.0724
32.6637
-12.5609
67.1616
49.0451
33.2574
21.1147
-21.5063
47.7841
62.2642
27.3507
-13.732
-5.694
8.29503
-17.1913
42.0847
59.6791
34.5322
87.3
56.7788
21.5991
-14.2763
56.6333
5.25316
63.4642
33.4565
-7.33887
7.93327
66.9511
-5.51531
29.8446
23.779
78.8299
8.79543
-17.3568
79.9353
68.8094
-15.9444
52.1824
-2.58447
4.82299
83.3708
81.1774
26.6364
58.3944
32.4208
40.8181
14.6288
72.0791
51.0372
-12.7057
45.7233
43.7886
-21.973
35.5484
10.2586
93.9039
-3.39494
-14.2826
14.8948
75.5471
63.3121
49.3094
85.6
62.3975
7.24639
73.381
37.2768
15.1662
33.9242
28.4819
16.5457
49.5336
41.3523
21.2675
76.3663
88.8595
82.775
37.8973
5.02518
53.3099
63.6497
31.848
-28.1443
36.6246
60.8837
-0.99226
77.5547
83.0909
8.18228
-22.1467
82.5294
44.0956
7.73013
79.6982
99.6388
-1.32339
-16.9772
-21.5279
6.85567
55.4823
59.7571
-1.33751
75.6688
46.4724
7.44158
34.0792
3.41827
12.7864
4.64492
45.9547
39.0273
58.9925
22.0551
39.1254
40.8838
50.1919
39.663
-18.2298
39.9303
-10.9052
-7.64367
19.4869
30.3357
29.6958
44.6504
-27.487
65.8815
-18.8885
-2.60281
-4.97188
9.75987
71.3117
-2.1071
92.8172
73.9235
8.4068
-8.46421
74.2246
20.7898
3.09545
10.7759
-3.62408
17.3777
38.0797
14.1451
71.2317
16.9874
57.0646
81.5913
68.3928
73.0524
59.2159
48.4215
19.1358
60.221
39.5719
54.5711
7.32137
30.8243
0.580705
-8.84439
68.7826
61.5087
74.4436
23.9076
36.0696
47.4169
78.22
25.3289
73.7341
34.4348
57.3646
97.3683
63.1606
46.4682
79.2191
60.869
-13.2274
17.5131
57.9457
94.9608
72.5534
41.0832
6.2678
46.36
33.2486
79.8138
-18.9137
-14.2909
33.2992
27.1637
37.3035
58.6414
4.82633
28.4262
-13.5472
39.759
43.3236
49.6022
62.8545
75.9663
8.20905
21.6368
20.6368
14.1057
29.8178
1.76086
59.3696
71.2154
51.1659
35.2609
20.828
56.3509
48.0406
69.6926
19.3604
72.1472
37.155
-21.4048
41.8246
33.6278
-9.51471
22.4511
86.5813
43.3439
59.2514
0.986057
-4.36596
82.2805
65.9282
57.6
53.1025
44.2715
3.23612
31.6076
32.7353
28.649
-28.6848
-20.7541
-3.06728
27.9237
-15.7616
79.4838
33.0512
71.4293
71.4121
64.5186
76.0012
15.398
66.2812
42.9539
61.1897
-15.2921
43.5772
62.8659
42.3554
35.617
13.4462
39.9874
19.896
1.35739
35.4369
-2.43487
52.2281
33.7231
43.1303
-24.731
19.3505
75.3576
-16.604
60.3003
46.5388
56.6706
56.0362
55.0444
1.04232
8.63452
23.6708
19.18
77.5223
38.7721
20.8078
72.466
31.2029
45.3032
23.2087
66.9039
-16.9233
31.4754
25.9591
9.0938
55.7482
6.25243
-9.55421
56.2154
47.9947
37.2654
15.4746
41.2103
66.7566
-2.56969
66.96
58.7312
20.9072
89.9792
0.852523
-12.214
31.6978
33.0893
4.45377
-12.9624
-11.616
79.083
62.8663
68.8648
75.4031
-7.9075
-15.9247
3.35669
-22.5208
55.0882
43.3189
-24.9354
48.162
43.5127
38.8375
46.6552
27.315
28.1205
41.6661
65.3164
49.8069
36.8111
61.7876
63.7261
49.8186
57.7327
35.3587
33.4823
62.6486
-25.1946
-0.825839
19.7511
-8.21909
46.1132
46.951
4.71636
50.1099
19.3966
81.0847
24.9325
19.7922
33.1572
37.3321
50.8149
2.71644
57.7006
13.6754
35.4123
2.06883
9.24662
29.0759
44.0945
69.9726
-48.824
-21.5574
-51.518
-59.9376
-121.216
-51.7375
-98.5092
-129.519
-34.0024
-87.66
-106.647
-77.1692
-121.75
-92.9191
-49.7434
-115.317
-80.0595
-100.137
-47.5135
-98.7021
-50.2592
-43.758
-49.0744
-56.3212
-96.284
-72.1808
-36.2515
-63.5459
-46.8673
-58.6942
-60.4025
-42.246
-74.4931
-116.395
-32.1558
-86.4581
-54.4218
-52.4884
-93.8277
-51.3906
-58.4949
-53.5396
-97.957
-83.0635
-117.482
-49.5324
-90.8037
-83.1972
-95.0842
-99.3994
-117.853
-96.5773
-79.4301
-60.9086
-106.487
-105.069
-76.8911
-89.4624
-113.2
-62.5411
-83.7179
-120.239
-35.9982
-83.2474
-90.1908
-93.4751
-32.6079
-100.631
-129.684
-34.4502
-43.352
-117.571
-69.6954
-74.9435
-86.667
-41.2985
-60.403
-44.1753
-38.3307
-104.379
-99.0487
-44.2379
-71.764
-36.6298
-65.9578
-40.724
-84.1812
-83.5336
-28.504
-92.8572
-40.0089
-26.9688
-99.3518
-34.2266
-109.003
-31.1908
-91.2341
-37.0109
-38.998
-44.4371
-67.0796
-49.7949
-43.44
-100.485
-22.633
-64.5389
-54.0656
-50.9367
-39.4126
-28.2577
-104.567
-42.4556
-58.4373
-52.7227
-45.0827
-43.648
-101.375
-42.8004
-117.956
-103.327
-77.4427
-26.6986
-110.845
-67.4748
-36.0969
-66.7356
-85.9318
-46.0514
-72.5377
-55.5581
-95.5929
-43.9278
-75.0447
-96.2743
-89.6559
-60.4641
-91.2296
-89.6451
-105.676
-69.9633
-111.53
-106.592
-24.1874
-63.8269
-73.827
-78.3142
-51.4204
-100.705
-81.6404
-26.7932
-102.307
-37.658
-124.337
-38.6263
-95.9596
-83.6625
-90.2008
-117.352
-118.707
-115.459
-31.6605
-84.4818
-42.2928
-102.226
-21.5325
-100.264
-99.6093
-45.9858
-44.2645
-104.377
-72.412
-102.723
-75.6872
-103.56
-43.9758
-119.554
-70.6937
-56.3452
-94.5435
-110.12
-59.968
-46.8989
-85.573
-33.1792
-107.626
-100.354
-111.422
-65.2781
-81.3613
-71.866
-109.452
-91.4213
-59.6443
-70.694
-53.8871
-103.013
-78.2169
-30.0767
-36.3849
-49.9469
165.583
115.852
125.283
152.028
81.6527
101.812
143.272
67.6388
124.86
161.632
190.247
117.796
125.478
168.762
139.045
153.19
154.399
151.064
175.574
130.621
175.626
105.965
175.673
140.437
150.119
84.531
157.214
148.256
114.103
149.139
145.79
111.13
103.427
154.663
71.0137
179.065
111.304
134.075
142.325
123.199
135.874
182.14
73.4876
173.721
154.244
152.754
145.26
164.135
166.918
125.049
130.114
123.44
98.0426
171.014
148.681
103.809
151.373
181.73
116.356
168.631
126.04
182.252
180.137
163.84
150.677
155.067
84.3816
174.058
172.024
173.808
93.4683
154.852
116.078
136.478
173.618
154.858
72.5926
109.336
186.396
75.681
134.173
173.311
80.3962
98.5473
164.765
134.666
124.985
166.578
98.6425
121.969
118.206
135.831
152.401
164.834
142.076
157.432
106.956
142.545
88.7513
178.602
141.945
173.843
100.926
157.606
165.579
138.18
179.903
137.997
100.075
139.432
183.411
132.724
114.149
92.7181
174.403
178.044
144.737
156.956
140.45
151.203
101.937
164.098
175.497
98.8384
132.317
154.013
174.806
156.454
138.402
150.453
143.028
141.222
175.276
171.032
99.2516
143.655
116.826
167.912
134.976
136.583
163.887
142.513
123.285
142.605
113.451
140.169
142.068
168.914
125.566
175.151
110.717
121.023
118.93
125.547
143.166
176.966
153.551
138.688
91.3517
95.0908
145.747
101.717
171.447
126.106
174.355
169.949
154.935
120.504
192.946
118.994
134.101
81.5708
131.783
124.664
87.4306
80.7372
165.814
89.4169
184.854
154.657
116.293
152.715
173.082
122.179
104.613
118.39
189.6
130.6
80.5616
144.191
159.015
108.719
165.739
164.711
80.0329
134.342
159.428
126.633
115.993
90.6545
70.0192
109.412
106.375
155.269
134.553
193.452
162.88
103.416
82.3734
169.034
73.6066
86.8351
129.987
115.324
90.5334
99.7481
180.987
135.596
179.501
108.03
162.521
107.475
132.852
146.521
136.019
126.015
140.441
159.908
163.803
137.977
183.932
148.726
148.817
100.304
91.1269
167.653
135.597
170.322
195.495
192.939
146.495
117.849
146.324
85.9436
160.449
93.3728
112.252
157.806
188.706
186.738
128.568
152.107
147.064
183.468
172.113
166.926
118.762
113.03
184.384
89.9815
144.344
147.694
96.3719
142.924
168.022
163.599
165.756
101.672
118.987
145.755
168.443
107.278
148.445
117.031
125.676
83.4423
106.623
132.978
159.794
170.818
114.656
119.855
147.812
130.991
154.148
91.9707
102.133
106.088
128.501
193.861
89.3157
166.582
139.052
145.018
187.777
113.374
149.896
96.5306
180.165
92.1233
172.486
144.901
136.499
108.515
84.2877
130.26
104.122
127.445
98.2807
118.107
144.695
135.288
114.252
103.502
151.413
155.837
128.97
137.674
163.52
87.6883
112.71
138.882
143.028
106.64
87.097
94.6774
92.4131
115.18
85.9365
105.508
101.86
162.944
146.611
137.645
94.4704
150.33
139.863
96.9346
151.037
149.05
89.8827
108.093
144.284
153.113
163.518
90.0969
173.751
182.276
121.054
146.589
132.434
121.076
151.819
128.015
94.4384
110.058
129.176
95.6881
170.327
150.771
120.641
103.236
176.734
141.634
115.057
147.663
164.704
172.197
88.1366
95.3088
83.2999
112.341
168.704
136.31
189.402
141.673
109.7
162.486
167.353
156.124
111.789
194.587
152.742
153.212
108.686
173.978
108.619
170.586
84.1994
113.44
198.116
166.992
105.62
99.2093
161.827
132.945
151.193
94.6266
148.207
109.491
-9.94939
51.0229
63.0867
22.4939
-1.24723
13.2967
49.5785
7.99627
52.5384
52.2933
2.84437
5.36736
49.6391
52.8633
59.2951
29.8246
31.1649
26.0985
30.6224
33.5582
13.938
47.737
24.7267
32.2143
39.6434
54.1433
33.0069
41.786
15.6637
25.4776
7.07842
48.7911
-26.9835
19.3682
0.842229
59.4376
35.8519
-7.10466
-25.2254
18.5606
-2.95976
38.997
8.53271
8.08377
-1.09379
62.2019
37.3418
37.4892
9.68884
65.9711
34.2736
9.73948
60.1845
1.08771
44.3665
27.8126
58.92
25.3421
46.1973
1.20298
9.20133
43.1897
48.974
47.5958
-15.5556
-17.9463
15.3717
56.9593
59.6696
57.9281
62.8466
40.9423
33.6687
46.1838
34.0486
7.46313
-11.7541
4.63958
28.8471
53.908
-8.61246
-15.0188
2.25102
35.886
51.885
59.6816
19.3718
33.6832
17.513
72.7978
-3.55521
22.2857
-10.2548
12.3674
11.7401
11.6842
33.2087
-8.50328
70.6618
61.9512
0.139885
43.7397
28.8706
21.5165
11.6774
9.39503
39.1526
20.5635
6.86521
67.7406
44.7382
55.1372
7.2351
47.0879
43.4481
8.89707
65.1364
67.3643
1.05016
50.0343
53.65
64.1442
51.7468
23.5233
66.5805
48.5481
14.4324
69.5678
22.3815
75.4894
3.39254
73.077
58.3697
-12.353
-13.1281
2.52882
20.818
50.7623
19.3899
-29.9089
70.8799
29.2122
29.4518
47.638
59.8399
32.9445
39.6289
-6.58117
61.5659
23.7956
19.8523
76.9356
69.7162
38.2892
25.0546
39.1719
31.6579
17.9446
57.9907
42.6306
43.8677
60.7733
27.9991
61.5405
17.0465
-12.371
66.6862
37.8925
30.0776
13.6691
-1.07931
38.57
56.0857
41.2485
72.5834
34.3113
-2.19591
44.3826
7.22461
30.1933
8.50445
-3.46911
67.3582
0.237663
57.0285
46.0186
-31.5432
-0.941275
59.7962
-0.345558
41.8649
64.6971
9.80111
54.7876
4.74264
62.0321
47.0315
-3.74461
25.8791
1.78465
274.873
244.284
241.072
287.158
286.971
276.951
202.839
260.641
263.559
227.072
186.928
220.458
192.087
229.272
276.902
194.824
258.855
245.701
211.126
256.802
181.127
173.346
296.697
209.422
244.548
188.796
245.647
249.894
252.762
290.978
182.305
261.416
295.773
177.291
188.054
284.47
247.644
228.607
199.028
255.708
180.548
200.617
287.081
293.699
188.795
220.306
268.948
262.186
264.235
182.129
248.471
280.716
284.167
261.126
197.666
256.526
253.085
231.798
213.359
285.045
262.632
188.632
241.385
185.819
230.117
199.322
281.115
249.84
186.915
213.176
205.072
223.986
205.697
229.113
237.033
258.597
283.279
250.212
256.262
195.268
233.394
209.885
239.829
223.606
256.517
241.926
267.866
234.999
254.554
255.469
212.668
208.472
291.618
244.284
208.552
283.478
193.508
197.044
220.059
264.663
258.051
259.106
270.283
273.833
223.16
243.113
251.048
220.077
245.688
254.663
169.837
255.851
261.023
244.88
240.316
275.633
234.736
247.389
262.873
269.606
197.278
276.726
275.771
269.646
277.418
276.08
249.76
273.515
271.522
205.957
239.802
262.352
263.755
201.334
264.788
178.702
268.921
260.287
242.696
271.789
266.858
221.042
255.292
236.734
241.319
269.491
255.556
252.712
248.918
208.359
258.035
225.416
215.734
248.908
247.674
251.593
188.542
200.83
182.76
185.595
235.551
246.496
261.596
260.356
249.019
216.176
239.502
188.879
266.95
279.924
267.52
283.336
213.457
220.906
205.033
293.386
236.248
266.302
268.055
257.199
182.338
239.299
270.766
258.769
241.796
223.611
266.726
242.715
214.216
174.607
239.08
280.998
284.831
216.416
272.756
192.404
248.932
229.645
185.248
254.052
198.527
249.332
249.416
254.82
238.088
245.499
226.937
226.709
200.067
191.404
267.421
185.346
250.535
172.783
213.435
269.048
264.995
229.193
245.269
272.87
260.348
252.364
198.93
261.73
271.319
250.041
199.885
221.239
279.148
253.174
254.368
189.086
256.356
209.282
184.717
238.646
239.128
264.644
262.718
253.794
219.621
236.317
185.358
274.998
278.736
243.708
256.554
262.006
247.73
236.903
265.222
263.788
193.422
222.37
220.859
210.814
272.911
262.924
263.43
272.927
269.222
207.186
214.078
228.275
200.391
223.973
259.534
260.766
242.067
253.017
222.323
248.949
201.109
253.6
196.77
263.65
238.942
205.483
275.468
255.119
228.287
244.45
252.918
259.194
219.982
253.566
193.353
241.554
185.06
277.798
256.091
214.264
248.757
261.36
216.957
230.301
255.299
245.598
227.119
204.645
203.202
243.491
195.184
173.444
179.97
290.057
197.145
253.271
257.457
275.818
210.46
203.402
258.541
214.942
248.425
247.388
264.862
200.767
295.938
215.251
172.065
258.05
250.122
243.694
270.155
278.026
271.913
266.395
256.478
253.374
250.457
200.418
243.899
230.455
257.481
237.452
253.015
209.567
254.553
248.543
198.392
217.143
267.028
197.846
272.481
214.936
257.041
216.381
245.058
203.824
182.855
265.849
286.293
207.759
240.598
215.031
234.989
255.163
233.259
174.555
177.874
264.232
177.616
189.027
212.214
209.649
297.501
209.186
208.076
175.607
266.33
240.989
256.265
250.674
233.168
202.896
259.115
178.346
289.557
242.931
239.086
263.906
287.342
270.693
269.406
221.08
200.701
224.767
201.116
271.645
187.145
244.267
194.534
217.688
168.279
242.381
272.079
241.034
282.227
211.117
142.997
95.9457
76.8558
131.567
149.01
135.782
104.007
135.743
164.177
104.619
107.336
118.25
113.809
169.884
149.652
121.777
164.669
163.826
100.547
172.698
94.9295
97.5091
162.188
108.853
107.336
135.626
109.512
85.8702
177.242
144.567
104.072
117.148
140.14
152.234
88.3522
132.987
171.29
120.419
153.676
106.197
129.077
162.711
168.879
136.2
166.043
99.4559
127.561
141.156
100.025
143.842
127.464
142.655
118.972
114.985
118.105
178.223
127.488
166.762
157.686
160.697
163.628
133.119
122.604
135.953
138.711
151.543
177.743
76.3661
118.93
144.986
146.555
84.2313
70.7165
139.063
161.837
114.366
130.527
108.717
115.213
133.45
169.067
92.1172
149.437
107.707
164.801
102.936
116.218
122.14
164.213
144.82
180.733
105.092
99.7986
101.497
141.059
108.547
154.517
146.857
137.759
130.988
104.665
109.748
88.9651
157.09
99.9122
110.014
141.403
85.4868
104.535
111.263
129.03
148.899
177.165
77.5385
159.155
106.361
151.48
166.314
139.052
147.682
160.307
125.731
170.101
152.036
87.88
151.04
164.442
146.437
154.483
101.29
135.78
170.685
122.615
115.582
156.282
103.723
127.844
95.8793
162.301
113.452
152.059
76.4822
129.392
126.886
130.709
112.854
170.473
85.8942
105.19
123.354
103.237
106.618
147.839
130.542
79.1611
117.616
68.6959
130.25
127.843
130.198
103.44
159.353
162.678
110.542
150.158
125.179
106.764
87.098
123.748
88.0712
133.346
152.939
140.886
138.461
120.856
93.7462
85.1097
120.425
144.117
164.683
140.9
168.938
94.7114
146.869
171.995
100.612
119.874
123.945
114.998
172.21
112.056
129.224
170.122
157.688
121.549
138.18
151.838
121.769
87.0642
120.82
191.685
162.415
187.107
163.495
113.369
96.7476
95.0943
181.772
111.857
98.0778
112.409
95.3517
162.942
81.7206
151.249
170.19
134.119
163.896
111.605
110.128
131.408
161.583
163.783
81.82
133.912
144.689
162.606
139.919
158.216
190.905
86.7627
92.5496
127.072
121.566
118.551
100.119
78.4012
110.467
173.771
99.6873
146.336
151.64
180.705
123.075
147.791
122.93
150.203
155.977
121.219
147.59
143.779
158.62
163.852
180.133
151.847
144.867
162.273
188.73
174.303
150.654
126.857
132.358
91.9606
176.143
167.816
148.484
112.075
161.156
180.646
157.566
185.294
160.418
138.391
133.838
89.6189
110.126
117.07
120.869
96.3585
121.964
103.516
111.878
135.771
125.761
155.436
80.7979
169.327
175.063
159.23
179.796
133.354
134.093
85.6211
109.866
162.744
77.2589
143.758
109.929
126.519
156.521
145.337
123.609
130.379
107.418
156.453
169.85
143.76
174.741
167.8
128.764
181.164
87.8661
137.974
155.518
133.78
128.818
79.3164
176.666
142.261
79.2547
148.946
186.168
86.8344
122.96
118.563
143.669
135.726
164.745
107.303
113.976
154.74
147.126
158.5
108.661
120.29
142.799
158.289
168.863
152.683
153.621
83.1432
128.449
152.706
170.805
175.214
112.631
123.257
141.373
181.413
107.057
92.5716
140.655
197.788
175.941
182.416
111.337
149.728
114.504
105.714
90.4936
131.488
108.673
178.206
176.327
173.91
136.409
104.796
169.144
75.0241
121.938
94.2592
142.43
99.8627
112.217
112.336
142.409
170.83
128.716
189.705
102.772
158.41
128.43
128.288
136.907
166.654
165.895
163.704
148.595
110.948
146.687
183.201
96.8171
104.081
109.635
118.927
164.819
138.394
111.242
157.155
125.564
182.127
137.397
150.644
79.0597
95.2406
142
101.829
166.517
90.6334
119.649
182.813
99.4013
113.031
136.351
155.102
137.691
171.662
157.385
158.832
142.51
121.089
83.2465
105.183
146.081
161.859
131.618
130.541
79.2795
99.2574
88.1116
141.995
169.933
136.457
138.61
152.821
148.002
82.0451
127.975
161.211
133.283
151.613
145.217
95.6675
149.187
96.6362
144.173
125.945
170.285
104.312
123.426
110.689
107.327
124.807
148.099
186.99
146.322
114.991
168.729
99.9503
106.286
85.1228
157.804
129.364
135.038
120.305
168.639
164.738
89.4534
173.099
156.428
75.8103
187.608
134.585
150.092
137.78
166.154
107.305
174.54
188.984
167.348
117.693
140.283
167.209
89.9593
134.411
92.4512
159.63
150.318
135.027
150.601
97.7868
141.852
154.522
158.745
124.279
148.211
196.193
189.35
115.181
194.992
177.993
149.217
123.773
146.365
81.9305
84.4078
187.136
143.259
139.793
166.694
103.89
166.677
189.635
136.501
112.981
164.298
189.109
119.501
171.091
142.347
169.708
142.54
100.553
148.74
80.5202
174.153
165.638
129.638
162.476
187.64
132.658
107.623
91.2963
93.5597
128.131
134.863
131.402
160.384
160.232
127.912
145.128
146.145
165.926
175.08
183.143
193.862
158.485
142.591
110.536
92.572
83.5463
72.5097
127.597
163.953
170.897
93.8616
143.121
173.203
171.315
96.1197
104.429
167.858
158.318
119.282
119.526
145.311
136.32
140.339
144.773
136.825
94.9523
103.308
95.7027
156.733
174.191
155.303
151.298
140.301
151.604
101.793
105.517
89.5205
157.358
117.589
176.74
107.043
124.43
165.362
176.129
117.819
164.555
114.802
175.782
140.899
167.153
107.142
134.147
179.782
123.001
116.714
63.3512
19.5611
1.06537
65.2993
57.2624
6.73012
-1.01073
53.0832
73.3914
73.7284
28.7157
37.8073
27.3148
50.354
37.5898
64.8696
58.1656
62.3312
-7.45705
-7.04483
18.2418
5.71922
21.9097
29.7088
-15.4371
82.0814
50.3118
23.8212
4.77762
-12.4475
2.76062
19.1352
16.4013
9.45997
57.7841
31.7958
16.7294
28.5336
-4.33739
-12.8275
67.3008
59.3398
-10.2599
37.9354
25.7176
46.938
44.6465
39.8094
-1.9981
-11.1061
62.5432
38.8243
40.2244
19.5478
73.2268
2.3749
53.7105
7.93746
59.1708
22.1421
35.7008
2.80631
26.3404
36.7658
66.2979
16.9579
18.3601
59.5645
8.87319
15.8128
2.84568
31.6362
2.43039
37.0006
5.41812
-13.5436
-11.8262
23.1298
6.72583
-4.03431
11.8762
34.755
-4.60206
49.7841
25.4671
58.0087
12.3048
53.9574
62.9579
30.3675
-16.3449
7.69886
6.01389
-20.3752
-17.9871
47.6583
14.7999
8.74286
16.303
39.4531
-7.48762
24.9544
57.0954
62.2698
45.499
71.6912
-6.64081
52.2853
30.6897
34.0682
26.4404
0.519173
35.0707
50.2091
52.1285
55.1206
12.2441
21.0923
18.6095
4.572
70.7173
-3.92721
71.9936
59.8996
1.68909
37.0964
34.0636
54.7731
62.3638
14.7959
59.6192
25.4409
-19.0317
45.4197
61.695
76.631
-8.2319
17.3656
24.1603
37.4346
68.4918
13.3343
65.8107
61.4527
70.3176
55.1834
79.2705
60.8375
-0.0859879
29.3737
60.3442
14.3966
20.8541
19.2546
10.4274
44.313
68.2825
34.3201
31.3459
-9.89998
51.6412
10.1916
-15.0929
9.18029
31.7014
-14.4311
73.571
-8.96554
-8.18821
60.6501
73.3863
46.3492
24.1761
47.3091
11.3982
70.8776
56.8115
54.7349
-15.8748
41.2307
29.5443
24.1522
57.0586
25.2088
8.63837
-11.6032
26.2687
48.5775
0.819799
58.1253
-9.40421
8.65373
39.3834
33.7267
39.0347
30.0503
7.96438
10.4073
5.62133
-13.2971
-46.0702
-50.0539
-43.3319
-44.7616
-45.4257
-41.9576
-62.8489
-121.848
-84.1002
-81.7464
-62.9202
-22.0235
-108.228
-48.3055
-38.8168
-32.4887
-100.908
-90.1728
-61.7934
-66.5218
-45.5004
-113.063
-78.4981
-70.8548
-54.7508
-46.7925
-33.6079
-130.353
-51.6076
-114.105
-56.2297
-31.4472
-64.4987
-27.2829
-112.476
-108.063
-15.6755
-32.4484
-33.9845
-75.0234
-108.056
-31.9556
-70.8584
-46.9199
-35.747
-101.56
-84.5444
-61.0997
-40.5446
-15.4684
-62.513
-108.418
-112.224
-124.383
-29.6121
-39.1228
-48.1047
-57.6316
-89.0143
-79.8203
-58.6172
-101.518
-51.0889
-80.9201
-80.5173
-55.4941
-60.2138
-67.3037
-35.1407
-27.3245
-34.3354
-102.097
-91.9461
-26.2955
-38.4646
-26.1565
-40.7798
-61.3764
-15.8412
-30.3212
-24.8671
-101.33
-25.1354
-33.6116
-40.7611
-51.3447
-54.3737
-64.1688
-21.0498
-52.3624
-25.4645
-48.0052
-110.869
-102.511
-56.3279
-33.9247
-46.5855
-123.218
-86.8742
-89.1294
-34.4146
-79.1936
-117.427
-79.6384
-37.363
-31.8054
-44.6558
-113.208
-102.348
-77.6167
-85.9177
-85.1265
-127.473
-103.139
-75.4382
-94.2734
-88.8786
-87.8996
-30.8694
-51.1699
-46.7554
-62.943
-43.8229
-75.1321
-16.1399
-3.20122
-27.9082
-116.752
-54.3652
-90.3508
-18.1941
-17.2991
-29.0721
-47.0934
-67.5476
-37.0415
-19.1481
-94.5706
-67.2544
-66.4274
-58.0781
-27.8487
-96.1148
-58.213
-64.0661
-26.3216
-69.137
-98.9573
-130.329
-99.4446
-52.6736
-72.667
-2.68265
-95.7374
-19.4271
-102.454
-116.355
-104.108
-31.6583
-106.76
-89.0024
-47.2763
-101.933
-67.0029
-66.8742
-90.0385
-54.2713
-48.615
-60.5869
-20.3138
-77.0845
-37.4637
-81.4607
-27.5718
-72.2718
-5.30982
-37.5951
-53.3723
-72.5247
-53.3013
-39.682
-70.8982
-88.4706
-96.032
-94.2176
-64.1324
-25.6144
-85.2897
-45.2847
-123.386
-32.7968
-97.5643
-56.7646
-37.0581
-32.9711
-59.0185
-61.4826
-39.7262
-39.4942
-76.956
-38.2793
-59.7101
-37.0324
-31.7416
-33.1147
-74.0774
-56.9739
-109.547
-111.948
-95.0456
-62.4881
-102.302
-120.656
-83.9379
-50.6569
-101.815
-61.9523
-21.6865
-63.5171
-97.6972
-79.8066
-58.397
-56.7084
-46.8459
-63.0111
-93.068
-31.3325
-116.212
-121.39
-40.6283
-38.7807
-39.282
-102.569
-109.235
-92.4196
-13.5312
-94.6251
-86.8536
-88.0217
-45.2657
-6.33807
-102.55
-118.55
-77.4691
-22.9343
-70.8442
-81.3559
-120.382
-54.0422
-48.734
-51.4078
-68.4324
-91.6375
-35.6586
-40.6507
-52.3295
-102.515
-19.2846
-38.1374
-62.6502
-73.8247
-62.9303
-79.6612
-82.7175
-52.3268
-79.855
-29.8455
-22.8146
-47.1435
-58.9999
-42.2867
-99.6739
-49.3343
-12.3086
-11.722
-27.5883
-21.2989
-80.5649
-58.3322
-62.2089
-93.4093
-63.935
-80.938
-88.8394
-55.9437
-35.6296
-97.3971
-28.6009
-94.3339
-66.2584
-85.4127
-27.3748
-92.3852
-105.969
-106.952
-114.537
-118.262
-81.195
-96.4607
-70.6021
-35.0923
-121.261
-47.7484
-71.7729
-32.7096
-57.6456
-72.9381
-28.6994
-62.3374
-85.8598
-81.0211
-89.2139
-39.3593
-82.4571
-67.5174
-55.4256
-73.3016
-41.6136
-103.352
-96.3159
-49.7696
-0.710296
-75.6522
-85.954
-108.516
-27.0337
-111.038
-41.2206
-99.4904
-96.8072
-45.2564
-63.4992
-61.6066
-71.9592
-35.7754
-77.3472
-49.9758
-102
-49.7594
-67.4272
-112.622
-89.8906
-85.7053
-60.526
-45.1249
-16.8485
-27.9822
-70.7488
-60.512
-50.2849
-89.2201
-74.5969
-96.3129
-96.7522
-50.4905
-80.8734
-106.648
-38.5306
-23.4118
-9.85556
-83.8535
-56.7554
-98.2831
-3.12935
-131.473
-111.798
-58.1405
-24.5439
-49.7733
-54.3211
-97.7423
-36.091
-30.4758
-89.5411
-46.5347
-63.7757
-73.413
-57.719
-35.3387
-58.5872
-87.5682
-79.4669
-45.6072
-108.737
-67.758
-28.8012
-95.3176
-54.597
-73.6816
-111.484
-86.9563
-48.2096
-62.5734
-4.91287
-92.6172
-115.237
-106.293
-51.4466
-72.0032
-75.7869
-202.135
-198.908
-206.369
-125.14
-206.199
-190.27
-187.862
-204.042
-168.665
-153.926
-135.441
-210.083
-153.366
-191.741
-177.771
-153.184
-154.287
-173.466
-166.1
-164.626
-183.479
-168.435
-202.104
-189.756
-154.546
-181.942
-202.677
-167.837
-178.767
-176.668
-214.536
-157.97
-135.843
-173.343
-189.823
-198.822
-128.538
-142.871
-173.489
-206.463
-147.049
-217.76
-130.983
-167.26
-155.217
-159.931
-137.756
-166.849
-208.168
-143.976
-153.501
-177.881
-178.549
-192.338
-148.196
-156.054
-143.676
-157.686
-179.163
-133.513
-217.609
-217.208
-135.525
-211.894
-153.362
-191.276
-167.252
-154.274
-177.991
-210.05
-142.782
-231.502
-202.734
-136.429
-150.182
-133.314
-128.401
-150.452
-158.011
-183.491
-202.042
-133.25
-211.995
-195.561
-182.721
-170.881
-193.392
-168.517
-146.474
-153.711
-172.742
-191.939
-135.175
-174.571
-193.164
-201.425
-158.386
-197.641
-157.626
-132.483
-187.453
-196.458
-212.846
-183.104
-200.682
-166.471
-172.918
-204.112
-180.823
-185.895
-154.417
-162.414
-144.38
-183.007
-146.867
-201.462
-224.342
-212.225
-160.099
-163.441
-150.853
-212.23
-132.333
-136.185
-197.608
-143.249
-132.124
-226.267
-168.73
-174.332
-191.446
-195.596
-170.756
-161.392
-211.416
-139.349
-184.174
-185.66
-151.484
-206.246
-209.466
-139.158
-193.3
-188.662
-208.082
-215.086
-164.309
-211.084
-136.595
-136.03
-137.588
-189.079
-195.419
-152.054
-184.73
-144.826
-195.234
-202.393
-147.788
-190.984
-165.469
-158.364
-204.392
-146.735
-131.284
-137.929
-142.715
-224.135
-201.471
-157.337
-172.907
-130.279
-194.302
-132.676
-127.197
-134.255
-183.618
-172.323
-168.836
-176.514
-216.603
-145.321
-119.484
-211.596
-211.319
-164.093
-131.752
-199.359
-164.821
-127.927
-188.689
-154.659
-157.025
-150.3
-220.957
-197.705
-147.956
-183.38
-189.293
-165.451
-206.118
-143.188
-141.708
-107.439
-132.901
-187.555
-145.433
-159.948
-177.247
-184.851
-169.622
-136.595
-178.909
-177.502
-146.691
-140.082
-153.119
-197.756
-186.964
-155.904
-203.524
-194.331
-195.835
-193.357
-112.311
-225.354
-117.362
-120.501
-162.785
-147.769
-204.807
-165.365
-212.348
-132.815
-139.678
-202.646
-159.169
-127.507
-177.178
-134.432
-143.852
-212.827
-133.232
-152.878
-101.663
-166.962
-204.369
-128.972
-215.997
-171.57
-145.333
-227.968
-131.049
-138.036
-120.896
-192.165
-200.219
-169.476
-133.367
-132.366
-108.956
-220.165
-140.861
-152.005
-144.658
-147.856
-109.673
-191.344
-207.958
-163.913
-139.914
-167.232
-193.52
-197.593
-153.8
-131.193
-180.239
-178.798
-137.117
-171.701
-190.743
-133.525
-176.102
-113.719
-194.471
-160.393
-169.249
-205.121
-206.758
-139.397
-144.151
-155.705
-170.034
-221.793
-140.158
-213.021
-153.466
-222.807
-165.819
-196.676
-131.209
-186.048
-140.985
-158.431
-120.336
-215.146
-121.905
-148.321
-146.972
-129.891
-192.79
-163.391
-163.754
-140.474
-178.901
-145.497
-157.004
-160.842
-148.979
-110.467
-166.631
-192.717
-107.842
-218.724
-201.243
-151.374
-196.324
-117.728
-140.778
-219.215
-158.46
-223.617
-157.202
-142.758
-128.425
-138.879
-148.552
-168.822
-194.956
-122.295
-107.074
-137.872
-138.462
-157.799
-116.142
-184.38
-220.607
-179.101
-137.344
-200.759
-193.641
-131.402
-155.209
-154.818
-142.734
-165.756
-105.283
-166.363
-151.739
-196.358
-108.021
-187.793
-138.68
-183.484
-192.17
-144.157
-213.961
-130.81
-166.591
-131.722
-158.554
-181.505
-144.108
-124.164
-144.345
-142.789
-176.538
-168.422
-109.869
-147.099
-173.989
-203.719
-137.91
-155.338
-202.132
-153.986
-158.339
-215.134
-186.502
-146.351
-201.645
-182.863
-217.907
-168.801
-192.4
-155.642
-138.988
-156.997
-125.757
-126.272
-160.868
-197.228
-121.433
-139.988
-209.117
-210.543
-153.675
-181.693
-167.696
-204.576
-188.01
-156.127
-119.491
-127.716
-127.848
-156.54
-183.182
-141.938
-221.568
-159.127
-158.641
-121.694
-223.345
-212.518
-200.117
-136.144
-186.392
-201.638
-159.65
-191.043
-215.539
-171.702
-147.709
-227.263
-143.839
-198.27
-154.537
-206.557
-124.593
-182.239
-136.016
-128.064
-135.653
-118.899
-137.085
-107.237
-137.182
-150.234
-127.504
-148.743
-204.778
-208.798
-192.367
-131.399
-120.828
-197.199
-222.422
-149.734
-158.337
-152.433
-151.324
-168.156
-220.215
-154.073
-179.338
-208.388
-216.14
-141.936
-135.029
-197.624
-145.402
-141.48
-115.079
-172.678
-134.885
-140.367
-150.685
-126.53
-181.41
-176.346
-163.875
-195.108
-165.903
-109.224
-121.633
-207.707
-195.17
-129.391
-151.349
-159.722
-159.728
-164.758
-136.558
-157.666
-134.485
-198.945
-154.487
-166.884
-178.602
-197.064
-124.589
-181.88
-146.66
-152.608
-212.944
-107.336
-112.421
-228.857
-194.94
-181.387
-158.699
-184.218
-183.888
-154.88
-140.656
-129.115
-215.032
-167.818
-199.528
-137.838
-150.577
-124.34
-161.691
-201.062
-147.493
-169.761
-152.951
-232.083
-162.247
-140.639
-203.42
-194.64
-193.794
-155.049
-140.151
-159.315
-227.295
-199.557
-139.553
-167.26
-133.644
-180.513
-185.025
-172.931
-219.403
-170.686
-172.296
-204.802
-168.583
-125.835
-142.241
-119.246
-111.22
-193.206
-165.732
-229.922
-163.718
-183.644
-197.168
-210.894
-170.737
-188.576
-175.602
-182.395
-143.528
-179.14
-184.778
-220.889
-107.305
-141.587
-194.716
-174.33
-144.441
-154.343
-182.712
-228.601
-167.532
-161.948
-161.532
-121.491
-218.278
-152.856
-150.323
-178.908
-158.824
-182.054
-157.933
-170.695
-217.59
-136.47
-137.408
-210.373
-199.222
-120.189
-121.102
-210.207
-138.6
-210.579
-191.077
-194.819
-249.895
-282.735
-256.321
-270.299
-287.868
-292.414
-248.663
-277.909
-267.156
-302.679
-310.68
-237.858
-238.278
-260.869
-283.567
-257.71
-300.316
-300.132
-231.092
-302.515
-293.996
-313.064
-326.458
-288.108
-241.139
-261.636
-254.066
-258.46
-235.343
-254.127
-294.696
-295.927
-268.354
-219.815
-282.65
-317.578
-265.118
-316.349
-259.812
-325.885
-287.365
-230.264
-277.504
-274.827
-304.64
-247.77
-318.142
-325.778
-246.546
-251.294
-294.379
-282.409
-271.128
-263.351
-275.125
-246.539
-248.733
-248.727
-291.014
-284.02
-268.225
-318.495
-269.762
-298.237
-224.267
-312.652
-265.351
-307.654
-241.091
-286.43
-271.795
-253.49
-303.996
-284.484
-266.14
-262.802
-268.638
-303.087
-263.338
-292.245
-249.011
-271.885
-257.985
-278.691
-283.278
-303.272
-301.758
-247.958
-292.949
-258.25
-260.825
-252.754
-288.925
-286.48
-317.121
-278.595
-253.915
-268.079
-244.692
-264.656
-309.494
-249.405
-265.233
-274.569
-253.232
-258.615
-266.167
-280.385
-281.938
-237.244
-295.116
-247.788
-306.98
-273.018
-238.374
-293.172
-282.209
-306.682
-268.231
-233.949
-230.923
-294.137
-224.979
-226.892
-307.928
-306.522
-244.09
-241.22
-314.599
-271.218
-291.67
-262.221
-230.134
-321.475
-249.326
-252.789
-321.56
-317.492
-285.732
-325.019
-247.039
-295.031
-293.062
-299.661
-231.109
-297.551
-256.17
-250.059
-268.145
-279.913
-256.722
-255.51
-267.934
-278.164
-297.644
-267.942
-245.694
-245.451
-307.151
-282.331
-310.954
-257.993
-322.379
-290.185
-294.357
-257.609
-274.925
-332.141
-270.899
-239.586
-300.593
-267.386
-243.384
-298.085
-236.581
-317.02
-234.904
-285.91
-296.837
-274.509
-235.341
-290.582
-272.425
-255.877
-313.951
-297.026
-239.995
-269.138
-317.777
-252.254
-280.137
-273.437
-232.082
-289.333
-257.713
-286.107
-302.705
-242.203
-225.641
-274.082
-88.756
-12.9547
-77.0266
-82.7821
-21.9245
-77.2582
-112.365
-102.23
-41.5143
-43.0014
-78.0929
-25.0109
-87.8805
-58.4957
-107.066
-106.973
-21.8193
-79.5109
-24.8731
-71.3373
-94.9427
-74.068
-80.2361
-60.5439
-24.6389
-109.334
-52.3016
-15.2606
-48.7444
-27.8486
-16.4896
-53.5755
-61.1713
-82.3508
-19.9644
-119.44
-53.675
-52.7519
-27.3931
-55.3936
-60.9366
-71.3936
-18.8358
-78.0321
-74.2122
-104.854
-83.6111
-76.1151
-47.7523
-121.543
-47.0659
-26.814
-102.176
-40.4162
-70.0551
-20.1702
-45.4074
-71.4995
-80.7574
-61.6446
-20.1159
-96.6478
-35.0709
-80.3144
-52.9467
-80.223
-45.6381
-60.3844
-54.6724
-96.3126
-115.284
-42.4352
-33.4949
-67.5173
-23.6786
-122.529
-75.5503
-93.2521
-52.6602
-81.3352
-97.0855
-30.6279
-119.103
-42.3576
-67.5513
-108.669
-94.438
-80.2037
-40.5517
-20.8233
-98.1693
-72.7173
-82.3979
-45.8229
-109.183
-46.5358
-60.4755
-110.469
-84.4793
-63.1362
-66.1925
-59.0882
-53.4574
-130.658
-90.8693
-27.0178
-119.229
-49.5211
-38.5294
-56.6396
-49.7805
-92.3428
-15.9509
-29.3563
-93.2544
-118.245
-7.91867
-79.0942
-53.6726
-41.389
-104.934
-8.83437
-82.193
-56.9269
-71.37
-103.019
-51.0532
-67.9211
-52.204
-108.731
-50.4674
-61.4641
-123.055
-47.0923
-55.0618
-40.8213
-24.5881
-99.4037
-121.005
-56.3464
-60.343
-32.1375
-50.0194
-53.6143
-70.7751
-123.477
-87.664
-59.5321
-76.6893
-63.8043
-62.8631
-55.8251
-55.1147
-45.6203
-16.6983
-110.011
-74.3562
-53.9263
-50.4719
-96.0391
-123.285
-65.6366
-101.582
-29.8994
-80.2584
-82.9328
-9.79004
-77.5177
-111.094
-13.8236
-105.056
-116.023
-43.1837
-27.9886
-118.92
-41.4212
-58.4423
-27.7327
-47.3271
-10.1472
-127.487
-101.986
-44.072
-88.3969
-116.012
-84.307
-32.9459
-83.1749
-53.1933
-62.7909
-30.3648
-30.4924
-93.2887
-68.7783
-57.6505
-56.2716
-94.8749
-11.7441
-31.9704
-120.847
-99.0875
-99.4627
-16.7978
-55.08
-60.8992
-60.6923
-51.6352
-106.993
-99.8435
-39.4327
-87.6809
-35.0228
-66.7491
-14.238
-74.2025
-119.274
-54.3444
-39.4807
-55.0823
-86.0823
-92.4552
-118.15
-36.8534
-100.631
-22.6462
-82.0241
-110.553
-59.9487
-59.2943
-25.8044
-102.153
-22.5423
-21.0741
-72.1835
-108.724
-78.5498
-87.5876
-97.7594
-78.7273
-59.0669
-85.3971
-98.5493
-5.65418
-51.1551
-102.318
-49.7912
-77.8627
-61.8821
-82.3497
-15.7463
-56.1973
-103.304
-99.3727
-40.8145
-91.2412
-75.9605
-6.9985
-43.1959
-69.6776
-25.4867
-41.5283
-42.4556
-33.5005
-99.5484
-32.2313
-113.51
-105.95
-111.663
-101.972
-25.292
-73.4659
-89.8802
-49.1583
-21.6422
-32.2392
-120.587
-51.6256
-77.1065
-79.8882
-88.3499
-24.8717
-117.736
-112.577
-56.1709
-70.5571
-38.7031
-55.5162
-83.8373
-58.3249
-59.3886
-28.6723
-32.0216
-80.3499
-60.8063
-63.0715
-31.4396
-79.4514
-45.0572
-92.0891
-54.6989
-49.6678
-38.916
-56.4895
-70.1023
-58.0765
-30.1463
-98.3579
-119.46
-6.30419
-92.0887
-32.6232
-20.443
-79.6142
-83.0742
-18.955
-57.9309
-51.8758
-114.795
-108.698
-65.7144
-87.8153
-54.7382
-49.7654
-51.4527
-83.163
-69.4645
-7.69533
-80.919
-114.451
-76.3743
-70.2943
-53.4307
-114.93
-64.7725
-109.741
-46.5823
-66.876
-44.6821
-113.595
-44.183
-59.609
-79.8628
-46.6689
-55.9057
-43.585
-56.7559
-31.1481
-77.7754
-38.0914
-118.899
-34.7316
-39.1997
-78.8832
-81.9993
-24.9762
-56.6499
-101.184
-95.8161
-91.0665
-49.2177
-53.5526
-104.508
-75.4714
-55.7669
-17.9772
-73.228
-86.2791
-56.1973
-35.9144
-92.1235
-17.8684
-61.0894
-24.5369
-33.3651
-130.882
-69.6054
-109.448
-85.6018
-126.699
-51.8792
-117.993
-74.2681
-74.6147
-37.3554
-19.0551
-98.2145
-97.7786
-64.2407
-1.34369
-65.7282
-53.2691
-60.0972
-25.6981
-69.1804
-9.41017
-73.7058
-37.4695
-26.3468
-59.0665
-41.9893
-149.768
-168.252
-167.721
-204.983
-195.244
-128.792
-185.247
-186.057
-198.377
-144.261
-152.073
-191.086
-133.707
-207.179
-150.581
-138.291
-194.704
-187.159
-178.357
-131.332
-174.488
-140.754
-220.171
-164.608
-196.789
-179.474
-164.042
-214.795
-142.086
-195.989
-208.307
-139.254
-135.674
-153.088
-227.328
-210.991
-217.533
-222.278
-183.066
-158.953
-229.781
-129.516
-182.559
-173.235
-196.52
-132.551
-147.632
-176.337
-150.687
-213.412
-168.654
-201.652
-196.945
-167.856
-192.229
-180.394
-161.01
-193.351
-168.555
-173.72
-212.308
-189.217
-210.022
-201.223
-165.644
-141.321
-177.087
-175.774
-207.04
-164.245
-136.981
-182.984
-143.304
-187.775
-127.459
-196.229
-141.799
-159.28
-171.441
-151.894
-150.794
-143.418
-200.876
-209.149
-170.567
-189.68
-187.263
-225.517
-139.628
-182.668
-119.513
-205.872
-134.494
-210.496
-176.693
-187.119
-123.537
-172.951
-227.388
-178.661
-170.837
-174.493
-163.349
-167.66
-137.085
-183.649
-133.176
-202.384
-146.642
-207.891
-177.688
-175.58
-123.809
-203.994
-157.701
-157.727
-133.647
-202.219
-197.589
-153.705
-129.887
-138.478
-159.91
-132.869
-144.131
-203.499
-169.093
-178.298
-179.777
-152.533
-135.457
-162.445
-178.248
-203.908
-189.212
-144.033
-146.532
-120.97
-220.249
-186.829
-142.646
-128.204
-205.722
-169.991
-215.327
-199.647
-194.929
-177.074
-196.247
-155.246
-160.099
-181.893
-132.714
-135.577
-181.068
-197.136
-204.808
-185.399
-176.506
-150.391
-194.113
-183.408
-179.086
-187.873
-162.059
-163.605
-145.989
-168.831
-159.926
-193.546
-223.782
-162.931
-227.95
-178.076
-184.166
-203.329
-165.986
-142.026
-188.82
-203.041
-167.719
-231.503
-143.914
-195.034
-136.002
-166.305
-167.188
-137.585
-189.057
-178.791
-191.68
-198.478
-135.663
-155.137
-207.682
-152.006
-165.25
-197.996
-134.519
-220.337
242.591
239.936
281.248
268.566
220.098
263.435
222.125
256.103
218.179
210.722
207.595
195.925
204.19
195.551
236.719
257.462
249.089
258.219
172.147
226.697
266.49
194.08
245.689
208.58
209.413
218.309
252.701
250.231
243.844
255.427
196.183
230.392
206.573
206.167
205.444
262.948
211.757
245.146
269.207
262.812
280.615
170.034
239.633
213.149
246.782
246.333
229.843
207.144
251.447
198.845
246.254
295.448
221.297
202.631
283.488
223.512
276.822
243.732
232.749
238.176
274.726
262.942
241.867
250.782
185.652
258.252
294.682
265.021
281.156
172.196
207.901
199.845
271.646
252.266
177.714
245.718
201.292
224.743
247.243
252.954
221.909
263.009
275.492
173.475
169
253.368
292.493
250.917
198.444
206.41
222.991
242.415
226.519
250.277
247.776
219.605
245.173
249.06
226.184
237.762
242.374
271.584
239.306
233.963
187.174
185.181
230.049
187.692
222.857
216.778
226.789
191.554
219.662
273.257
264.112
231.653
279.192
216.209
254.912
181.085
212.266
217.126
215.691
237.483
223.442
215.474
254.178
230.077
192.717
266.041
264.994
208.389
231.294
244.267
266.051
238.004
208.394
266.957
277.238
249.469
267.814
239.936
206.775
217.872
205.25
192.737
254.559
244.371
260.909
224.576
200.074
226.101
280.492
214.146
198.553
239.774
259.925
254.691
204.978
222.792
290.939
267.943
258.602
181.411
197.822
217.363
269.135
209.754
242.55
276.701
211.561
214.13
268.459
193.434
244.251
194.203
251.127
239.351
186.922
287.16
268.018
235.546
245.948
223.798
212.654
174.832
270.059
192.454
179.894
258.965
245.959
256.506
256.706
205.628
279.686
261.914
172.181
236.027
217.813
250.572
202.863
234.181
267.475
189.893
210.997
237.725
291.529
234.589
245.858
191.635
242.33
252.121
224.329
254.453
283.136
232.222
180.888
260.151
228.909
181.28
203.586
281.501
276.671
212.717
242.467
184.341
237.142
244.793
217.226
258.996
246.81
186.51
196.345
256.914
261.961
283.904
246.135
210.147
281.318
231.953
231.842
236.849
231.629
238.455
259.386
207.64
194.477
202.232
208.838
270.217
211.284
214.279
187.737
277.446
226.585
173.22
282.659
273.272
258.665
247.263
175.159
205.306
290.258
276.774
261.618
270.539
240.553
265.964
265.306
234.026
217.269
274.099
177.999
266.162
251.764
262.158
234.709
224.542
230.256
206.638
276.635
233.242
207.34
228.889
256.165
241.541
242.713
228.826
242.708
254.368
239.57
266.35
264.852
205.182
251.135
192.446
233.011
216.593
274.493
228.966
251.122
230.543
192.273
246.246
239.722
257.525
196.122
180.805
283.118
244.919
242.057
242.978
231.377
219.407
266.114
212.528
244.137
241.97
235.938
226.386
262.702
243.012
192.524
178.284
233.446
244.034
235.922
268.196
265.914
195.693
184.611
179.788
199.246
289.118
224.172
184.413
189.43
189.401
259.813
247.991
272.504
255.759
177.454
228.81
220.987
184.625
264.879
264.248
265.138
196.895
234.637
243.996
273.168
267.987
246.989
262.707
271.761
223.265
251.005
263.678
295.577
241.294
267.001
283.28
226.908
230.839
251.297
245.806
189.243
265.265
228.059
207.055
275.726
263.91
225.307
199.868
273.511
255.811
176.835
194.037
205.318
215.028
251.91
247.523
215.624
189.392
279.954
244.173
245.774
207.213
265.216
215.278
238.381
237.112
258.627
221.132
266.719
278.918
268.649
289.071
118.258
130.219
152.178
140.559
77.2423
125.087
150.23
103.599
113.501
117.433
155.464
142.651
132.844
171.927
76.3684
123.16
98.2534
97.5082
178.959
161.75
126.943
88.8714
126.319
122.357
165.638
120.358
121.716
135.506
134.325
88.8817
117.142
172.121
144.196
160.43
133.404
136.143
122.629
88.8841
170.225
160.612
174.221
113.888
143.426
149.669
94.5942
154.745
138.646
85.2692
144.505
163.687
95.4706
175.221
146.745
158.775
100.284
163.924
97.3921
110
124.669
119.515
94.252
123.396
130.538
87.6744
138.903
93.9416
104.134
171.136
80.0124
162.549
92.695
92.7313
148.382
70.9264
167.85
157.246
166.514
119.611
116.115
157.338
132.089
106.075
129.412
90.9719
127.948
112.445
125.337
129.06
155.74
113.4
131.593
117.379
128.991
134.72
162.247
155.283
151.427
88.1285
173.444
138.961
131.008
101.999
150.602
150.78
83.2676
75.594
169.778
96.1971
172.821
166.795
119.174
154.936
130.506
95.2163
123.152
111.382
130.262
79.0882
105.799
162.346
90.9726
105.744
159.328
165.4
148.997
146.824
114.216
132.479
85.6821
77.1204
142.838
148.298
131.3
116.526
97.4336
107.327
98.1248
170.795
148.846
86.318
120.093
127.376
139.174
139.384
166.958
140.409
107.804
147.819
152.82
126.057
131.787
118.959
109.96
103.269
117.275
148.706
98.3468
149.835
88.1592
96.3914
115.558
105.746
160.807
89.1647
129.262
128.799
120.544
109.665
140.848
94.6727
122.534
94.7942
69.2667
131.195
82.7976
86.475
158.273
120.739
76.452
137.838
142.078
121.901
74.2652
116.756
73.3361
172.352
116.878
154.362
106.961
143.582
161.138
117.655
121.909
143.16
105.756
104.505
124.891
117.452
131.43
118.895
371.566
353.043
318.101
361.033
376.243
338.256
350.041
380.181
315.428
369.827
381.316
348.893
307.747
341.068
383.614
298.982
328.009
289.92
311.104
380.096
386.794
284.137
337.196
319.983
364.319
365.199
341.1
321.305
332.155
295.106
368.4
325.191
296.892
330.558
365.724
354.447
373.923
303.605
295.275
359.264
296.716
277.758
283.819
319.55
331.938
320.744
376.554
332.867
360.091
352.471
374.394
311.194
389.069
342.374
380.596
288.025
301.3
289.616
336.926
391.663
296.968
342.304
382.11
379.924
293.531
366.521
369.477
337.972
336.174
321.689
308.372
346.179
321.16
342.85
286.055
359.356
342.065
323.87
360.484
361.149
324.38
326.972
302.768
359.013
285.11
346.576
365.547
353.168
344.313
335.292
357.326
309.231
369.748
327.237
329.304
336.897
360.32
319.502
286.987
347.116
325.387
390.908
369.462
358.248
283.608
348.929
379.37
300.197
381.73
321.774
310.32
348.419
317.103
350.379
341.226
289.764
331.382
322.667
328.13
353.127
305.944
370.188
372.137
340
355.778
330.379
297.698
301.497
285.311
350.126
331.466
273.135
310.63
300.768
328.465
335.916
379.162
333.438
340.051
368.194
321.105
336.097
315.712
308.19
317.148
330.911
362.946
330.41
329.12
328.478
332.198
314.857
343.867
279.331
366.573
343.945
317.007
286.748
380.995
392.185
304.481
305.72
292.573
364.09
384.847
324.496
345.234
318.941
322.142
300.447
320.194
351.982
388.197
285.623
292.759
338.401
314.616
360.029
316.753
313.211
365.031
330.932
367.919
372.713
337.967
337.647
374.911
350.904
302.918
323.798
364.649
278.457
365.591
331.807
339.051
357.548
345.817
343.288
381.907
317.031
348.15
363.93
297.951
344.318
321.278
304.477
349.349
331.649
343.334
339.07
338.986
363.596
374.644
337.692
318.118
272.185
293.126
312.23
390.172
384.487
345.463
310.791
372.845
319.16
379.119
387.322
362.007
324.798
369.52
309.396
318.426
311.087
326.559
315.863
365.573
300.753
379.815
375.476
326.281
308.004
297.397
334.391
367.037
280.664
375.578
332.49
333.294
386.546
339.046
286.037
281.841
332.121
300.309
280.39
340.5
325.662
342.771
362.647
377.271
284.426
323.163
339.864
367.584
371.799
320.996
332.6
379.058
350.091
358.099
302.842
301.921
372.644
302.589
319.347
331.603
348.088
361.063
274.58
326.345
332.411
372.37
362.478
344.801
302.327
345.324
328.441
371.069
287.002
383.192
315.781
301.058
357.178
281.753
353.405
300.599
366.028
290.781
384.742
340.554
294.963
300.251
329.757
332.54
321.03
289.072
323.93
311.919
339.67
348.13
380.439
294.627
334.967
355.826
300.677
271.727
323.851
295.514
310.814
357.88
303.853
331.19
359.116
384.765
366.733
273.632
278.197
285.796
309.967
367.724
336.043
362.13
301.338
352.811
359.83
363.628
371.982
303.391
371.297
344.544
360.658
362.959
355.749
314.276
316.494
303.735
286.266
345.665
354.375
370.721
354.775
346.461
281.749
358.194
352.705
367.67
309.854
308.828
337.348
285.817
347.704
366.553
348.863
310.946
308.915
370.56
290.529
395.383
352.762
279.414
393.538
321.955
286.163
281.107
317.736
388.325
288.403
280.844
383.645
360.229
361.605
277.719
307.147
363.086
364.67
282.441
369.55
354.398
317.522
357.335
313.123
369.159
318.255
284.986
306.087
334.758
380.406
340.101
303.823
313.187
327.945
184.605
219.248
192.428
200.057
241.968
238.159
230.671
227.123
195.837
216.625
245.538
239.083
198.712
218.973
191.108
236.455
241.293
171.302
269.72
281.026
196.217
243.203
197.698
252.174
217.418
179.19
187.28
273.701
224.838
254.461
264.364
198.338
232.111
233.972
212.075
193.873
217.949
279.023
241.752
211.864
260.145
212.826
245.831
202.963
262.286
233.266
234.711
195.235
218.517
202.794
257.867
226.037
224.454
247.591
213.966
208.562
214.485
186.882
242.296
276.685
208.133
189.448
207.583
212.288
228.774
246.324
225.514
249.947
196.951
225.166
274.292
232.158
210.996
259.681
204.181
251.871
198.619
221.727
193.213
188.104
237.193
205.24
278.96
227.643
235.622
229.811
258.152
205.88
236.41
188.334
217.937
189.571
241.125
185.637
210.925
243.365
228.236
183.339
200.518
227.783
222.605
190.341
274.656
218.968
229.725
201.275
248.298
211.787
186.209
239.666
184.139
223.88
186.651
211.472
275.401
260.373
190.634
255.106
270.034
236.001
267.601
218.654
204.074
218.359
251.041
266.916
214.277
221.482
262.446
217.602
235.571
215.936
228.279
216.453
231.78
223.745
196.204
222.427
242.788
234.598
215.294
233.474
234.315
259.857
242.414
253.426
234.534
224.525
250.749
199.34
243.707
205.148
245.056
228.687
224.217
195.362
173.905
213.822
252.611
246.701
266.317
217.662
201.639
238.426
263.132
221.407
238.682
258.236
254.621
239.75
251.117
250.151
196.853
214.855
242.71
247.568
253.284
201.227
188.075
256.464
198.182
209.063
225.711
189.317
239.654
265.515
192.912
202.444
240.421
197.826
249.466
225.111
246.076
249.676
258.813
223.347
233.992
240.923
224.935
243.389
432.865
460.188
477.408
456.497
434.793
419.413
449.492
417.612
443.308
403.923
460.659
443.595
407.446
458.729
442.921
446.033
430.297
400.108
482.95
430.871
468.355
488.153
407.008
433.767
428.236
379.77
475.504
433.751
471.506
454.422
425.383
415.309
436.789
469.175
473.786
486.694
447.696
420.266
457.255
383.867
453.105
458.24
447.094
424.194
432.746
475.91
469.615
470.205
454.47
480.904
420.876
452.349
459.413
484.483
398.436
399.611
470.858
396.507
462.94
374.787
428.04
489.947
444.028
418.892
445.255
464.507
378.597
417.462
467.995
449.781
437.465
436.5
375.434
468.633
460.075
449.594
438.589
455.457
434.588
484.357
448.14
457.346
401.463
465.852
433.883
442.59
395.083
387.536
428.152
441.953
394.82
416.163
425.636
409.115
464.511
467.024
444.598
395.714
399.887
411.94
393.491
449.152
453.681
418.538
400.638
465.267
431.64
404.795
369.814
498.529
380
453.851
466.766
461.132
453.203
464.762
430.124
478.371
443.696
487.664
438.358
490.129
453.68
399.801
381.561
413.835
405.581
423.778
439.565
484.36
441.677
472.321
454.396
414.93
448.003
474.816
481.217
440.827
476.956
476.321
433.956
432.541
427.475
421.697
391.902
467.845
411.868
417.262
450.279
453.613
385.773
472.112
447.098
427.301
399.383
462.893
426.274
399.184
477.972
413.826
471.946
443.084
458.54
416.515
455.586
432.714
425.165
440.943
457.567
430.518
411.27
425.447
447.219
396.003
410.772
453.782
409.505
399.987
449.675
486.892
475.634
452.633
390.466
393.476
459.692
467.876
477.078
455.83
448.773
423.384
455.895
388.567
441.564
442.72
407.889
482.387
470.298
416.876
385.349
456.818
451.795
405.447
394.674
439.381
444.121
424.766
460.768
483.982
433.783
419.668
385.17
458.972
448.204
411.387
468.154
443.441
470.977
403.139
404.367
433.675
422.307
489.343
427.318
480.345
441.548
454.716
486.19
378.253
416.671
457.442
420.688
382.616
401.29
457.675
434.341
397.989
434.777
427.888
446.084
440.356
468.246
428.716
448.859
467.069
413.419
446.053
465.02
486.446
477.532
470.271
426.559
407.546
440.567
440.012
413.735
419.388
455.282
444.376
431.081
404.81
397.594
461.768
464.596
455.691
424.987
461.961
378.874
404.091
431.343
408.09
457.29
452.082
381.879
395.653
483.344
400.917
470.838
459.048
490.003
378.608
457.978
397.785
423.148
442.111
475.496
481.904
405.594
442.117
415.229
431.059
381.344
408.356
440.216
411.47
421.404
436.37
467.818
444.86
412.259
408.024
427.487
479.898
454.375
458.85
382.957
391.555
434.196
455.685
463.464
455.769
463.674
395.311
402.562
411.723
472.512
438.72
459.092
439.641
386.558
385.598
445.068
469.727
385.594
486.725
440.45
486.84
444.652
470.791
399.863
443.111
462.983
417.956
448.407
453.645
481.297
385.902
439.835
427.307
409.373
461.651
371.78
413.106
436.915
465.097
390.685
454.707
402.938
385.369
472.037
471.289
382.012
455.037
449.251
452.741
425.315
467.011
412.418
399.145
476.942
395.253
394.466
457.476
463.477
430.269
455.175
376.652
460.777
407.588
461.902
460.869
421.831
467.288
455.716
410.301
381.865
463.447
421.388
465.338
420.196
462.409
468.694
409.789
440.62
454.892
465.786
448.466
410.285
449.61
435.417
400.248
467.848
416.864
404.092
479.223
422.828
442.828
389.753
409.959
483.461
434.754
333.531
290.293
291.861
348.403
318.025
361.232
297.253
342.072
306.276
304.55
292.335
325.973
363.881
305.521
299.935
288.044
275.988
365.811
350.093
335.682
344.954
326.574
314.039
302.253
354.76
329.048
299.467
333.222
333.357
360.232
334.947
316.591
338.111
304.266
305.35
338.617
293.854
319.574
340.6
362.138
297.643
360.413
301.517
331.673
295.609
324.889
322.06
337.38
298.175
349.283
341.552
356.236
372.312
366.867
339.404
363.402
358.018
281.987
296.133
292.56
280.943
354.101
296.55
302.88
272.254
277.551
314.12
349.928
334.468
315.855
337.165
356.048
367.409
313.463
309.14
328.566
328.709
307.038
363.853
307.254
320.125
336.316
345.867
317.489
316.371
368.318
299.098
356.851
313.57
318.535
357.586
341.48
307.554
335.2
312.913
342.939
333.344
363.37
321.008
346.562
334.349
363.889
312.496
353.443
315.28
312.414
327.147
327.46
332.423
323.48
360.873
313.848
290.58
366.106
326.413
325.836
300.515
360.067
359.853
309.258
343.859
348.987
321.807
301.395
296.703
362.326
335.233
350.573
286.179
356.257
334.091
376.935
334.342
376.997
340.025
339.724
355.869
327.869
305.915
316.127
316.075
345.759
361.498
361.76
324.246
373.961
337.38
289.888
320.108
367.435
308.554
307.267
324.046
315.156
295.652
312.018
318.209
309.228
281.261
292.955
279.339
328.911
332.396
285.156
283.073
339.472
345.667
378.799
324.229
333.622
366.615
362.252
288.779
341.204
299.227
277.79
286.292
362.628
317.724
313.219
299.213
318.421
356.828
355.409
336.203
325.028
314.991
279.774
302.327
344.467
291.986
359.79
315.493
357.868
356.85
348.871
334.925
299.227
328.69
358.033
282.17
348.343
304.584
304.139
371.607
303.716
313.691
316.827
336.524
328.724
281.744
332.936
366.206
335.247
328.545
293.918
373.324
345.589
359.933
280.034
384.414
316.989
375.923
340.229
349.708
366.789
313.392
315.889
370.65
377.635
359.591
326.705
333.295
324.154
317.011
351.88
367.724
378.608
348.569
377.025
361.6
335.563
369.919
298.248
348.387
290.75
373.852
364.372
287.663
353.017
311.931
317.244
293.865
326.453
341.23
314.097
311.121
337.58
330.721
365.457
315.226
276.326
287.241
310.07
282.979
323.534
284.202
349.571
347.737
371.293
286.521
374.032
323.801
334.84
312.276
345.963
322.103
355.963
328.551
372.588
351.155
362.201
368.633
356.202
309.151
376.402
324.494
381.678
366.32
291.919
358.698
343.174
380.063
363.361
330.917
343.805
326.338
359.897
336.623
291.118
366.751
362.311
361.4
359.224
367.272
279.784
321.936
328.386
307.532
341.136
333.066
339.621
298.571
304.903
315.746
302.687
294.37
324.997
328.91
368.885
326.178
378.475
308.934
362.226
280.837
277.685
343.182
329.617
307.137
383.109
350.245
310.047
354.383
307.107
369.342
305.958
373.423
323.214
342.326
297.129
363.985
353.038
348.155
364.021
354.994
298.55
367.497
327.362
379.915
348.466
308.883
375.263
385.012
358.011
395.244
321.88
359.49
391.711
335.966
357.66
334.591
389.534
309.143
366.319
288.203
350.686
330.334
362.257
340.11
345.969
329.48
346.341
293.067
324.015
319.091
371.843
337.454
384.771
293.926
357.563
315.39
290.729
371.5
352.353
314.3
366.507
345.017
323.7
301.67
280.466
363.221
333.736
319.867
328.394
333.895
311.866
290.085
365.672
334.014
320.959
346.501
311.246
375.023
361.753
335.842
360.785
372.758
270.461
344.897
318.656
364.306
356.454
341.141
282.616
375.803
303.844
285.451
378.802
371.061
337.213
366.729
320.196
336.603
369.959
376.191
330.925
309.6
277.472
355.964
363.912
375.472
343.475
297.784
324.689
368.331
353.139
376.893
330.852
321.063
374.471
333.931
332.058
354.004
356.222
392.89
295.156
385.388
296.417
298.36
313.236
332.443
339.394
366.845
371.359
353.224
336.54
298.963
330.967
320.739
308.042
289.995
379.113
388.264
365.04
305.823
281.562
296.294
311.486
353.931
364.172
336.7
349.646
361.389
349.216
289.131
371.72
289.624
344.872
336.049
280.279
353.373
340.81
305.323
320.551
346.439
285.355
371.828
328.639
370.416
374.882
313.8
318.386
380.598
347.604
275.068
341.606
289.301
307.115
283.484
350.885
377.015
395.235
357.904
340.613
304.093
290.509
359.783
378.645
366.071
334.13
359.256
334.703
276.184
341.792
308.875
300.167
303.283
348.806
280.462
325.688
347.641
356.962
353.781
361.13
367.691
272.077
310.28
360.635
351.804
307.89
373.488
313.012
350.934
301.193
306.879
289.604
376.557
364.43
335.806
279.242
380.062
331.492
340.457
359.953
298.18
286.178
360.379
333.169
301.203
289.197
267.789
367.925
279.278
350.556
293.901
306.829
335.189
361.17
295.077
330.073
350.523
287.051
355.512
350.289
320.366
341.867
358.468
281.24
343.66
319.256
298.226
287.275
363.386
356.896
318.31
365.139
353.993
371.132
386.285
298.037
362.043
308.414
285.205
355.673
380.432
362.886
321.871
319.8
333.329
329.404
292.612
317.269
371.903
385.554
312.053
367.016
367.995
306.032
307.302
344.257
206.904
198.078
176.601
200.14
259.095
261.509
253.35
221.842
253.232
227.727
208.002
236.338
214.935
252.358
255.124
267.184
255.885
211.707
199.112
263.486
200.639
202.747
215.907
219.255
225.753
241.107
230.747
242.781
254.07
249.763
191.816
211.207
259.335
220.798
217.773
269.857
243.509
270.415
205.252
263.572
232.182
213.07
205.736
234.27
240.611
181.291
174.756
201.974
229.126
242.203
201.39
200.602
185.783
213.022
271.415
220.788
179.176
244.349
202.757
242.361
229.921
199.705
235.086
188.021
233.036
245.783
230.521
214.412
253.513
259.482
192.214
196.641
197.147
210.126
243.268
263.133
240.397
264.531
208.338
249.494
257.074
248.424
254.708
211.178
196.733
221.429
191.868
224.257
213.418
188.05
264.432
198.752
245.792
195.018
224.715
243.358
246.769
233.541
240.125
245.508
183.993
214.222
244.597
251.209
245.931
249.173
206.38
255.145
240.315
250.206
201.192
210.933
227.87
259.468
241.349
273.143
198.697
268.975
249.762
237.428
223.004
252.099
263.62
213.249
236.399
247.036
257.175
242.694
221.981
230.482
210.656
260.055
270.127
237.934
182.073
196.025
251.455
228.244
235.996
221.288
239.144
212.632
179.852
221.889
246.833
263.392
194.999
206.665
233.82
252.807
246.923
185.897
242.647
261.054
208.205
187.11
256.133
264.756
271.459
234.254
211.381
214.435
183.085
199.094
219.422
253.593
253.57
221.772
210.003
227.866
244.007
267.207
187.697
224.595
203.611
205.683
199.861
229.473
233.48
181.675
260.95
227.952
206.859
270.328
231.957
223.915
213.304
239.45
246.959
270.252
238.09
191.9
249.346
271.655
219.797
195.624
222.543
222.575
262.94
242.018
260.074
264.67
239.162
256.472
262.022
192.501
249.695
224.714
280.068
257.32
265.774
226.119
239.2
175.768
269.715
267.733
242.534
206.257
250.274
213.53
256.455
181.873
254.876
205.212
291.799
224.043
276.686
246.347
262.243
188.737
281.103
257.973
278.781
279.247
265.748
248.442
209.75
280.13
261.076
264.347
202.624
207.693
256.071
264.87
281.344
212.432
233.413
227.65
191.31
271.697
214.429
213.261
262.383
213.149
215.985
236.281
177.833
198.922
280.873
293.396
251.361
269.579
187.65
201.701
215.666
280.758
288.357
252.631
207.466
199.727
220.236
176.734
272.229
260.404
194.054
259.644
286.437
204.279
225.243
251.287
267.077
242.238
226.487
205.798
272.34
286.099
213.352
263.235
281.265
189.051
212.32
273.488
235.645
277.672
294.289
236.401
284.242
266.689
224.785
200.792
245.906
226.091
189.012
232.701
264.373
259.904
283.724
249.071
187.265
220.263
256.648
228.643
215.048
238.406
230.854
218.316
211.899
229.202
208.339
275.052
215.818
178.339
216.232
257.58
240.964
193.274
266.429
175.225
220.588
255.495
187.472
251.726
199.791
184.963
198.464
215.765
187.186
189.425
230.378
212.919
216.753
263.31
236.401
177.404
254.376
197.08
266.782
229.571
207.052
200.18
270.02
214.389
287.753
280.05
290.296
194.606
292.512
266.318
292.787
202.913
207.933
186.055
235.104
170.137
173.173
242.741
238.008
205.291
194.387
229.155
223.145
211.257
273.127
199.799
211.99
231.291
174.84
182.573
290.931
194.879
216.612
272.129
267.505
225.42
243.185
280.343
275.953
192.043
259.574
173.647
173.369
266.992
216.984
246.176
268.311
250.818
181.053
261.769
225.557
276.207
267.054
213.999
245.297
286.497
286.783
217.796
212.542
233.612
237.854
238.125
266.521
237.923
203.02
280.001
235.148
181.773
227.869
247.551
234.151
214.703
293.199
217.564
267.559
270.214
178.305
238.878
246.638
179.5
243.977
248.157
198.986
217.885
274.093
216.502
246.859
207.704
233.807
220.142
219.912
253.492
195.25
269.223
184.288
215.955
255.54
287.551
278.816
205.548
226.174
218.435
255.077
276.93
262.578
226.179
203.858
213.461
256.888
263.837
189.976
248.359
209.188
256.488
256.595
264.153
224.79
289.556
267.711
245.921
279.59
212.736
234.221
202.012
186.543
244.13
263.077
258.036
251.584
211.37
267.275
284.521
262.175
231.753
209.066
201.638
264.221
253.376
267.02
257.648
189.243
230.076
273.309
282.609
265.16
247.774
226.396
243.179
248.677
209.204
243.808
266.934
250.893
244.236
215.601
272.281
270.996
178.169
277.993
264.805
205.217
268.348
229.971
261.528
200.411
284.977
241.135
254.084
244.273
262.686
203.382
265.377
258.882
269.227
277.84
230.018
227.019
212.43
232.008
279.352
275.761
253.254
231.035
254.226
218.995
251.437
189.778
243.597
222.23
187.84
284.695
263.635
236.206
256.787
178.969
247.053
263.645
264.028
222.852
214.256
198.944
220.05
260.083
188.477
211.35
221.085
213.314
198.661
246.949
266.855
199.802
244.673
219.726
257.12
281.182
204.707
258.828
186.921
245.394
238.049
258.866
209.794
276.09
211.201
271.539
254.11
242.995
238.691
203.47
238.848
184.746
253.023
206.86
212.35
282.991
203.947
272.163
254.397
238.864
229.158
281.766
229.783
277.708
249.532
189.227
237.475
218.261
252.851
271.163
269.098
277.739
198.025
80.2484
101.119
123.604
96.5248
104.598
171.212
116.206
121.498
90.0032
162.836
158.63
171.67
110.398
152.191
111.004
135.528
91.3896
127.779
159.215
171.878
103.852
159.509
139.499
131.322
135.09
97.3945
105.907
120.046
130.267
118.986
91.1246
79.8998
112.08
132.852
154.962
85.5562
136.107
155.179
134.24
97.4317
85.4454
119.295
165.061
119.603
166.139
144.105
90.7374
102.972
116.014
161.254
165.332
92.134
111.149
124.979
173.884
121.826
150.528
126.327
119.603
135.493
158.51
121.856
113.867
161.615
123.656
120.94
89.1668
150.467
79.9294
167.927
137.216
131.669
111.358
163.227
75.4593
129.317
177.458
92.4964
116.7
152.317
112.795
92.2217
158.894
123.455
176.213
91.4566
110.92
78.1106
156.006
75.5439
164.739
117.481
113.406
80.9827
91.7888
79.8806
139.323
117.62
173.9
107.744
88.7062
150.85
160.299
149.366
96.9012
145.794
154.829
129.957
118.192
100.792
101.691
146.351
108.61
79.6408
134.781
130.304
112.767
135.693
155.401
77.9908
162.637
149.382
148.113
140.936
162.35
111.594
85.3629
157.217
136.625
115.399
87.3249
91.861
134.649
112.474
138.27
86.8473
122.966
76.7205
130.939
96.0273
94.3966
170.589
101.162
155.997
159.604
98.0435
82.2339
169.645
76.9235
176.926
148.541
97.9169
149.301
125.789
166.358
97.729
125.124
157.607
104.951
123.679
101.549
96.4639
90.5966
168.551
157.491
156.688
145.184
152.591
162.902
170.356
116.801
131.457
88.6672
119.878
105.772
93.858
136.507
167.113
108.328
74.2392
163.908
178.719
114.13
163.754
97.7078
129.316
139.083
130.757
106.615
98.2333
122.211
145.134
170.849
141.333
131.748
117.703
167.317
126.079
138.393
89.5011
52.0455
-11.5943
-2.50503
-5.47356
41.5804
-25.8278
30.009
61.2464
78.2107
3.63596
79.246
12.3629
7.23771
27.635
-3.99312
35.0201
88.9343
69.6228
-5.06309
7.78973
-11.621
56.3096
43.2073
79.8508
37.8723
19.3839
71.2518
-3.57264
60.239
32.131
30.2126
36.9472
21.1734
28.5929
55.9158
59.073
7.91409
-4.19862
-19.4492
71.4184
16.3467
0.437158
-15.2259
-28.9692
11.0724
48.5759
37.0673
0.074919
8.30364
35.4724
39.9354
67.2784
10.1135
77.3768
17.3561
3.85934
68.2058
69.1164
-4.01046
72.9794
-3.57597
68.0132
33.2581
18.688
2.97017
79.3983
36.3343
8.28314
-16.6871
25.107
4.56343
87.214
27.8912
17.7477
37.7686
-2.32187
65.6428
52.5846
43.5715
2.11766
61.7992
70.5994
-7.69864
25.1785
57.5992
13.0576
17.3371
64.5105
73.1275
1.28072
70.3047
-5.45916
49.6387
91.3879
61.1309
23.3821
49.2453
16.1887
22.3685
40.5111
29.1042
45.584
68.8119
76.9721
-8.59139
2.1305
15.1215
92.509
79.762
32.4958
13.5755
78.2543
77.1931
-4.3683
62.6278
48.1536
63.5655
64.37
64.9674
3.73244
54.8207
27.2004
-12.4524
7.43227
-15.2398
-9.52521
59.1512
91.4929
-7.70763
7.129
20.4287
57.8702
0.947847
38.7299
0.252944
36.1322
75.1523
32.0981
76.6403
58.5722
23.7876
-14.931
23.8906
3.34114
36.8038
70.964
60.3744
64.5733
83.5582
-12.5713
79.1176
33.3927
59.3819
32.0306
71.5623
67.2921
35.6403
54.7325
69.8241
24.7473
5.53679
82.6614
34.4809
49.7569
57.5186
-16.2246
53.8026
6.37581
-15.4177
5.88353
7.64344
54.9503
0.759943
36.212
-6.73507
-23.6973
44.9729
-2.00774
83.1252
-12.3014
26.7835
49.2205
34.9207
28.5446
7.17192
7.04633
-5.06886
-8.07038
28.4476
-8.36763
36.4578
8.95719
37.6464
45.1759
18.2303
-6.32
9.96239
71.5794
11.9836
0.251766
77.3422
57.8618
14.9167
75.3096
12.2366
62.7514
88.5663
-16.0117
-13.7293
59.0305
66.8733
36.9234
-10.4658
55.0035
45.3859
-23.0745
56.9644
63.4155
-8.79173
17.1751
29.1416
58.8507
18.9662
-10.6446
11.7491
45.89
33.3846
35.7358
38.1534
1.28374
32.7244
27.5614
-10.037
23.4473
-3.40314
61.0265
39.5768
58.3783
37.1764
-1.01239
47.9751
68.2287
42.3888
-23.9274
18.8966
-15.0614
45.1272
86.7465
-6.66001
67.6594
41.859
29.2655
66.2378
24.1067
90.4528
24.8126
64.9155
47.846
44.4083
52.7325
-14.5361
73.2373
-21.3854
45.7231
63.2166
-0.267211
-14.3535
37.2348
90.3235
32.6588
61.1508
28.1627
54.1509
91.152
-2.88289
19.7373
33.3046
20.5452
80.5936
69.3383
-17.0037
41.6624
1.3996
51.0381
35.405
8.80472
26.8095
36.7309
25.817
15.1914
25.3673
-27.6237
-27.498
29.7881
25.6494
46.0712
21.0503
-9.35186
17.7472
11.36
-17.2206
-14.0338
51.8839
-24.5636
56.7857
30.7061
18.9543
63.7323
53.6885
68.791
47.8059
33.9939
40.3281
16.9859
30.711
-3.39853
4.35563
87.1484
91.7384
5.22237
16.8376
62.3592
57.7552
66.2702
20.2726
55.662
71.9939
34.3383
78.6687
76.7979
42.7934
10.546
62.3137
74.7216
21.0931
90.1884
37.4877
19.0209
84.4445
60.3843
48.9592
74.1046
-15.312
31.4524
31.0468
32.5256
43.3983
73.755
1.08089
-27.2667
0.902355
18.8232
9.59737
-4.02447
28.1033
29.8669
35.7908
18.3346
35.7653
46.7514
66.3773
7.96316
63.23
-19.9515
70.5148
79.7202
-33.0306
-21.483
47.4073
8.72075
32.584
26.5297
-22.397
58.813
-4.8058
-17.1522
91.4678
90.6817
56.901
82.695
80.1049
29.8811
81.9444
49.0127
25.9334
18.9256
-15.6947
64.3119
29.0773
24.4961
46.9817
64.0607
-21.5886
4.47343
29.8761
28.1581
59.5914
57.7439
51.1935
29.8363
-101.832
-28.7195
-30.1679
-41.6257
-98.3218
-66.0622
-47.9504
-88.381
-64.9558
-58.6456
-78.2865
-80.102
-42.6274
-100.897
-57.9596
-40.9741
-87.3479
-96.8699
-49.7028
-33.6888
-48.9519
-33.8366
-70.0033
-74.5891
-80.4723
-49.8385
-42.549
-108.854
-85.5902
-40.3192
-67.9257
-49.2675
-42.455
-119.655
-66.6848
-91.8223
-44.5224
-94.4689
-110.212
-53.7756
-63.6723
-41.1084
-28.7517
-56.092
-52.4731
-68.2859
-106.18
-94.0075
-108.161
-52.741
-95.7795
-71.976
-127.16
-66.9289
-91.599
-48.7472
-103.951
-54.2638
-88.3653
-43.8386
-45.7233
-41.2816
-69.4023
-58.9121
-75.2305
-34.3128
-39.8418
-107.876
-80.5378
-39.9914
-44.2831
-24.7072
-43.471
-58.5243
-30.1456
-101.933
-104.993
-103.031
-35.3002
-62.6845
-50.5913
-97.4187
-94.3194
-60.1384
-98.7056
-87.7126
-40.4171
-41.4164
-37.3491
-105.79
-41.4684
-41.248
-75.3154
-84.8199
-28.546
-45.8246
-29.8633
-103.882
-60.1969
-58.8577
-28.9945
-93.491
-91.7411
-107.677
-24.7676
-25.9397
-52.672
-77.7778
-69.0574
-79.7732
-116.927
-44.8543
-121.765
-71.6435
-102.795
-50.2614
-66.5835
-41.6408
-65.9343
-105.42
-115.777
-51.6568
-48.5765
-81.7357
-67.7895
-40.0021
-89.3063
-81.4516
-79.2503
-62.1125
-105.437
-81.9685
-84.1642
-69.9263
-79.6533
-97.4025
-73.8129
-48.4243
-63.2498
-103.703
-55.2855
-98.117
-105.828
-120.207
-82.7555
-66.1864
-99.9761
-73.1922
-41.4044
-50.7282
-36.9268
-48.3835
-58.2157
-53.33
-109.615
-67.9635
-68.2499
-74.237
-62.5725
-90.7153
-109.759
-43.604
-88.2792
-33.2463
-23.5713
-46.3642
-101.649
-55.7842
-40.6773
-87.7361
-62.6282
-31.1629
-45.8928
-71.3837
-66.5386
-81.0759
-63.658
-99.5964
-43.0066
-104.914
-94.4969
-122.352
-70.9681
-80.4982
-55.2889
-103.254
-124.099
-32.7707
-99.3082
-36.8307
-106.453
-47.6181
-93.1166
-72.7462
-60.8223
-129.85
-127.534
-55.0066
-116.556
-117.275
-161.064
-164.796
-131.914
-180.559
-213.863
-123.554
-204.25
-161.846
-165.764
-137.055
-141.076
-181.678
-188.768
-201.287
-120.169
-178.126
-160.726
-212.517
-162.233
-140.594
-130.025
-190.263
-140.977
-175.028
-111.24
-186.838
-192.077
-141.349
-159.397
-116.938
-121.207
-164.751
-203.305
-158.425
-212.222
-136.472
-123.131
-158.829
-187.938
-167.989
-213.115
-138.89
-223.098
-178.794
-166.204
-150.083
-216.179
-144.622
-192.701
-212.432
-201.236
-168.59
-188.092
-172.082
-140.394
-205.623
-139.191
-224.43
-134.603
-180.907
-219.17
-203.745
-168.195
-221.152
-181.236
-148.368
-150.79
-198.624
-174.018
-153.744
-118.931
-148.631
-173.988
-168.044
-143.134
-125.585
-110.541
-152.344
-138.67
-215.655
-168.188
-152.882
-119.265
-145.783
-135.959
-139.655
-129.597
-158.8
-167.558
-176.724
-143.145
-138.914
-143.955
-192.899
-129.843
-155.947
-136.331
-210.674
-150.944
-133.957
-158.994
-192.946
-160.587
-146.891
-166.794
-149.439
-196.672
-133.892
-135.438
-120.615
-144.361
-112.208
-167.95
-136.22
-215.463
-115.332
-171.137
-145.47
-164.938
-169.485
-207.506
-149.733
-120.172
-206.342
-131.61
-111.518
-144.666
-167.157
-189.678
-118.418
-205.955
-176.197
-218.378
-165.663
-181.601
-208.341
-178.899
-148.883
-175.966
-208.184
-123.554
-144.648
-102.493
-152.024
-209.852
-198.574
-205.922
-226.256
-174.587
-169.582
-164.479
-186.771
-208.413
-147.634
-189.365
-206.774
-221.811
-196.61
-123.784
-164.87
-136.533
-118.006
-200.731
-167.612
-167.31
-216.11
-121.324
-138.969
-176.975
-133.24
-121.179
-171.583
-153.893
-168.131
-173.41
-155.984
-129.504
-204.811
-137.294
-159.143
-152.977
-187.05
-213.442
-229.37
-128.524
-119.992
-183.787
-151.152
-171.11
-149.409
-169.851
-148.858
-106.618
-222.359
-156.779
-129.498
-212.399
-122.944
-192.627
-211.225
-163.89
-203.228
-156.788
-164.471
-171.616
-138.123
-220.726
-207.542
-161.653
-148.421
-134.976
-112.473
-154.518
-228.28
-167.021
-152.783
-149.156
-162.262
-164.699
-129.571
-183.707
-212.814
-142.336
-138.787
-144.245
-152.098
-204.026
-174.991
-137.302
-139.811
-158.629
-170.196
-177.767
-109.079
-211.019
-190.845
-112.504
-211.402
-140.237
-179.356
-223.798
-134.791
-142.2
-188.303
-184.721
-210.118
-193.782
-188.098
-165.913
-171.762
-139.645
-160.427
-149.407
-139.039
-142.922
-198.074
-123.985
-189.954
-191.128
-151.13
-170.521
-154.962
-160.662
-135.7
-145.742
-197.325
-154.16
-127.635
-131.37
-220.795
-182.247
-144.17
-163.77
-211.575
-181.308
-126.035
-162.331
-146.092
-152.233
-169.098
-199.086
-151.012
-187.012
-198.858
-116.582
-136.023
-134.043
-144.432
-198.894
-159.686
-211.995
-187.149
-174.635
-160.093
-105.166
-122.952
-210.218
-178.18
-216.165
-160.379
-164.552
-134.211
-120.661
-150.8
-210.56
-164.624
-163.245
-144.379
-167.109
-220.809
-191.107
-121.555
-219.853
-132.817
-138.251
-163.672
-183.352
-149.088
-146.762
-136.142
-213.374
-150.763
-171.674
-190.534
-199.972
-203.865
-146.99
-105.719
-127.868
-140.904
-139.351
-167.569
-112.551
-138.32
-185.945
-199.056
-154.968
-137.5
-183.061
-204.834
-119.847
-147.188
-115.997
-159.735
-134.951
-191.853
-165.224
-157.404
-168.464
-116.239
-126.019
-159.493
-189.815
-217.761
-114.108
-124.59
-170.325
-209.81
-128.104
-179.89
-117.325
-166.716
-147.301
-131.565
-145.527
-142.661
-121.186
-208.102
-161.771
-137.966
-162.153
-125.531
-152.824
-169.478
-201.086
-203.846
-203.973
-114.073
-151.844
-145.466
-125.617
-102.064
-209.339
-173.378
-178.305
-165.67
-188.865
-168.711
-148.781
-183.372
-165.668
-129.02
-156.051
-147.081
-204.035
-193.715
-204.663
-158.74
-138
-180.155
-299.497
-291.192
-287.132
-251.799
-281.421
-301.477
-223.76
-282.21
-234.737
-290.751
-312.066
-293.499
-226.294
-287.357
-287.723
-237.699
-240.15
-298.419
-277.481
-286.229
-300.688
-251.595
-279.703
-260.644
-278.373
-278.586
-287.82
-276.804
-260.032
-282.275
-246.91
-269.068
-245.271
-231.159
-295.662
-261.937
-245.453
-290.039
-303.266
-283.402
-252.291
-305.297
-289.436
-260.347
-273.85
-286.415
-272.125
-299.788
-302.142
-252.718
-270.05
-236.752
-245.315
-254.492
-271.576
-274.12
-237.408
-305.784
-278.878
-259.105
-235.354
-273.005
-226.765
-272.825
-250.86
-247.732
-262.723
-242.532
-248.677
-272.801
-238.365
-280.251
-312.357
-296.554
-244.547
-294.999
-311.997
-234.363
-310.611
-306.846
-242.604
-294.639
-308.707
-324.384
-261.022
-245.002
-301.928
-252.852
-301.462
-235.635
-309.762
-239.688
-243.073
-224.836
-254.846
-291.581
-306.97
-325.148
-276.22
-231.297
-235.068
-280.658
-311.358
-304.299
-230.218
-306.208
-234.184
-286.576
-285.591
-286.742
-301.884
-234.966
-290.014
-282.276
-278.007
-263.707
-299.42
-258.315
-221.58
-279.214
-246.439
-276.058
-274.169
-240.121
-290.43
-263.86
-287.707
-228.528
-287.529
-304.251
-279.816
-234.692
-297.183
-292.271
-240.606
-235.553
-233.705
-321.414
-269.697
-326.812
-281.085
-247.761
-230.848
-305.724
-261.288
-262.859
-296.749
-278.126
-242.035
-262.03
-252.56
-280.606
-305.041
-300.791
-272.361
-274.992
-260.121
-265.694
-237.466
-264.893
-278.685
-269.46
-308.757
-239.615
-230.156
-329.109
-234.046
-318.061
-294.673
-310.688
-260.647
-303.787
-273.184
-240.396
-317.055
-252.343
-296.533
-238.829
-254.899
-286.29
-250.56
-276.362
-285.425
-238.323
-286.031
-244.93
-245.288
-315.088
-297.466
-313.764
-309.562
-306.284
-247.265
-309.335
-253.195
-307.951
-239.266
-264.912
-285.527
-289.681
-281.68
-281.293
-302.457
-266.059
-216.092
-324.983
-246.581
-241.177
-245.003
-300.337
-228.95
-272.441
-265.063
-293.835
-259.966
-311.181
-279.235
-308.416
-302.033
-211.6
-315.835
-299.041
-303.421
-233.372
-236.696
-314.742
-257.028
-245.306
-226.662
-324.713
-223.848
-300.84
-271.517
-261.889
-238.199
-252.212
-256.921
-224.246
-256.649
-284.854
-268.992
-266.072
-289.848
-240.701
-221.203
-205.997
-268.656
-312.18
-260.318
-221.352
-288.025
-284.675
-238.702
-233.674
-231.998
-211.014
-268.771
-330.507
-299.441
-237.772
-281.374
-277.612
-286.589
-263.901
-267.985
-259.72
-287.218
-239.383
-263.742
-286.897
-222.25
-245.83
-282.921
-309.115
-288.568
-261.323
-329.713
-279.758
-233.288
-297.716
-276.441
-268.365
-276.263
-321.768
-225.416
-258.389
-292.04
-306.096
-318.484
-209.871
-257.958
-248.249
-231.458
-319.857
-218.525
-307.602
-306.093
-303.081
-322.204
-325.345
-291.626
-276.934
-237.633
-225.723
-294.016
-212.319
-290.603
-311.769
-230.637
-229.67
-247.628
-227.281
-253.914
-227.171
-299.972
-287.012
-262.892
-262.32
-254.893
-242.499
-299.697
-216.505
-228.69
-251.889
-320.17
-239.735
-311.292
-253.905
-219.245
-263.658
-326.552
-304.508
-234.601
-321.701
-222.362
-282.102
-249.094
-294.713
-298.6
-248.674
-232.673
-295.864
-273.29
-253.16
-295.036
-235.373
-257.186
-289.106
-234.227
-282.404
-275.009
-282.753
-222.75
-246.983
-244.933
-263.509
-302.355
-258.799
-233.714
-278.104
-259.658
-296.766
-218.794
-273.563
-291.402
-308.975
-249.486
-249.481
-241.466
-276.66
-208.402
-298.568
-250.384
-223.572
-271.947
-305.726
-227.054
-288.496
-224.552
-268.125
-269.291
-264.001
-274.406
-264.06
-266.025
-250.845
-256.809
-205.035
-281.263
-282.791
-260.246
-253.245
-305.672
-259.349
-232.154
-322.091
-314.328
-245.982
-242.455
-317.401
-303.664
-263.142
-300.803
-248.814
-286.254
-234.998
-258.702
-253.068
-277.293
-212.496
-315.678
-281.268
-250.653
-218.85
-242.303
-249.173
-226.866
-296.021
-245.195
-231.741
-231.788
-272.432
-241.111
-288.226
-251.526
-258.358
-261.921
-275.078
-239.194
-260.53
-305.668
-247.297
-230.724
-309.398
-289.072
-249.991
-311.388
-292.674
-228.786
-318.19
-249.106
-292.08
-268.747
-315.254
-254.561
-312.886
-322.961
-211.765
-218.117
-253.953
-299.685
-231.322
-247.805
-280.934
-307.053
-267.529
-227.38
-277.333
-223.501
-283.08
-277.615
-312.504
-262.23
-307.013
-224.699
-287.805
-254.034
-314.482
-283.091
-217.708
-301.903
-300.606
-222.056
-266.244
-244.821
-316.203
-305.567
-298.968
-258.245
-222.577
-220.891
-296.926
-232.253
-264.09
-280.281
-211.121
-239.325
-262.744
-249.244
-240.119
-216.671
-249.083
-234.036
-286.513
-268.368
-242.722
-243.578
-247.16
-271.26
-248.25
-280.355
-242.116
-238.19
-286.994
-208.628
-232.961
-232.814
-272.095
-219.644
-317.577
-281.805
-302.876
-240.274
-308.045
-299.309
-232.059
-232.867
-264.215
-288.451
-241.464
-236.657
-286.903
-242.534
-213.709
-220.828
-233.674
-282.788
-250.135
-230.119
-225.652
-241.951
-278.328
-238.744
-245.028
-229.727
-291.002
-277.317
-287.281
-255.678
-279.196
-320.931
-267.485
-305.349
-255.797
-206.762
-213.59
-288.232
-309.89
-232.521
-292.072
-287.182
-238.731
-239.398
-251.046
-303.494
-243.919
-305.689
-290.42
-307.093
-316.804
-246.392
-262.249
-279.599
-245.624
-256.479
-262.92
-279.826
-254.207
-268.022
-300.556
-222.83
-296.241
-255.263
-240.232
-266.859
-260.457
-252.629
-216.653
-304.127
-235.714
-227.074
-259.848
-301.91
-233.627
-249.044
-298.27
-278.596
-254.066
-202.354
-285.773
-230.207
-257.54
-240.588
-326.754
-255.851
-273.111
-323.472
-277.583
-227.562
-257.323
-329.924
-349.316
-401.246
-405.98
-363.823
-422.054
-358.639
-358.146
-375.757
-375.096
-373.25
-342.677
-337.427
-388.004
-379.293
-408.057
-404.571
-349.798
-394.045
-344.215
-398.775
-326.38
-377.193
-325.957
-348.068
-382.021
-403.137
-402.417
-330.978
-371.587
-398.182
-389.428
-371.914
-337.6
-355.764
-389.293
-356.785
-390.318
-428.981
-353.639
-354.039
-394.046
-414.327
-366.978
-408.645
-359.771
-330.016
-324.777
-400.43
-338.654
-376.248
-403.341
-328.298
-429.267
-357.523
-373.186
-416.507
-394.164
-341.21
-415.583
-378.384
-402.443
-349.165
-353.2
-382.729
-383.34
-338.123
-431.474
-403.767
-408.021
-365.198
-383.901
-372.252
-429.442
-375.95
-339.639
-342.204
-348.937
-352.143
-413.34
-318.448
-371.797
-336.934
-376.805
-388.216
-402.663
-392.491
-371.806
-388.654
-347.84
-395.189
-339.569
-385.205
-340.832
-345.669
-380.613
-413.784
-328.913
-338.012
-328.752
-354.171
-408.064
-336.687
-377.887
-377.714
-351.146
-362.313
-338.12
-398.029
-400.377
-393.526
-375.534
-367.981
-388.373
-390.989
-419.526
-398.299
-342.696
-382.527
-422.257
-366.408
-391.828
-389.255
-388.382
-390.971
-414.696
-398.965
-362.28
-337.509
-332.44
-399.412
-380.443
-393.378
-407.043
-396.946
-396.203
-387.753
-376.25
-405.246
-355.386
-371.092
-345.445
-352.556
-406.981
-370.984
-340.994
-406.754
-424.836
-408.24
-392.247
-330.234
-361.664
-412.4
-419.529
-362.795
-349.898
-422.666
-365.763
-394.035
-387.866
-364.744
-356.697
-385.761
-395.341
-344.197
-382.505
-402.127
-408.037
-384.377
-384.556
-363.425
-399.289
-403.086
-344.739
-391.721
-397.981
-361.946
-387.767
-335.034
-370.39
-336.113
-366.438
-407.383
-349.304
-386.314
-337.106
-367.208
-386.263
-345.045
-386.469
-404.558
-399.716
-392.232
-416.838
-355.504
-340.835
-334.228
-386.147
-381.856
-409.362
-382.761
-358.343
-332.208
-401.115
-332.716
-395.598
-367.178
-324.471
-306.533
-342.977
-373.335
-360.276
-389.162
-340.68
-354.095
-363.723
-371.072
-372.208
-416.188
-309.904
-370.471
-383.278
-415.623
-380.026
-391.267
-367.976
-381.46
-423.31
-390.896
-349.584
-322.717
-317.44
-348.353
-334.573
-374.71
-306.059
-366.583
-362.007
-376.675
-308.918
-401.46
-326.832
-363.435
-383.321
-332.843
-384.509
-367.078
-356.073
-408.41
-345.879
-322.945
-382.251
-393.508
-344.008
-355.437
-336.697
-331.797
-368.096
-387.64
-323.14
-322.711
-390.221
-329.986
-416.375
-407.256
-335.33
-320.003
-424.935
-396.506
-332.945
-390.432
-365.636
-356.682
-424.651
-396.952
-331.665
-378.201
-341.866
-350.512
-394.992
-332.617
-322.236
-335.59
-368.225
-359.968
-420.584
-333.157
-347.938
-352.373
-329.131
-397.553
-397.016
-309.784
-334.382
-354.684
-412.798
-324.185
-335.048
-422.647
-391.516
-381.768
-390.769
-337.108
-408.744
-310.944
-417.959
-401.911
-381.051
-358.14
-360.042
-321.996
-370.171
-380.542
-308.144
-346.381
-338.852
-368.931
-379.817
-368.163
-338.263
-377.23
-390.364
-356.724
-331.368
-354.791
-328.212
-396.78
-405.126
-313.596
-406.899
-336.134
-347.728
-389.263
-398.757
-352.764
-397.226
-334.027
-346.972
-401.715
-375.503
-421.364
-355.063
-399.771
-412.817
-375.93
-374.422
-348.557
-327.849
-325.175
-374.694
-348.477
-416.696
-351.94
-356.84
-358.124
-361.531
-354.149
-408.107
-363.255
-377.07
-380.428
-352.499
-361.037
-393.368
-329.412
-392.616
-401.253
-368.754
-382.61
-380.672
-421.083
-337.531
-313.222
-361.235
-410.63
-375.755
-404.563
-337.14
-403.37
-378.639
-388.945
-357.034
-403.32
-386.61
-353.479
-330.108
-320.283
-348.013
-345.827
-316.63
-354.86
-327.486
-427.049
-309.488
-310.131
-343.094
-409.124
-351.29
-323.486
-349.296
-334.184
-354.768
-368.767
-357.653
-302.202
-343.39
-417.72
-395.481
-355.598
-381.39
-377.92
-330.776
-325.157
-428.86
-379.074
-348.764
-404.613
-394.484
-396.351
-323.018
-388.634
-352.689
-416.793
-353.986
-355.721
-321.495
-334.012
-333.535
-337.304
-336.406
-414.949
-376.048
-381.321
-374.938
-373.735
-348.794
-313.812
-409.396
-324.196
-351.213
-347.844
-388.174
-415.75
-397.184
-371.351
-333.774
-408.564
-325.122
-352.55
-328.671
-363.56
-337.022
-341.119
-347.021
-394.229
-363.208
-388.695
-366.88
-328.458
-323.29
-415.261
-344.735
-315.847
-353.678
-400.12
-393.412
-311.341
-384.403
-329.464
-311.659
-349.952
-333.597
-356.693
-394.826
-333.879
-358.092
-319.399
-408.373
-338.087
-356.808
-391.134
-369.189
-342.753
-377.048
-323.835
-322.523
-319.833
-388.038
-395.433
-390.379
-404.567
-336.03
-365.864
-331.335
-334.693
-316.712
-399.944
-342.371
-348.243
-353.738
-372.184
-340.711
-389.593
-399.417
-357.549
-367.826
-402.15
-350.781
-356.683
-405.363
-363.59
-389.665
-324.156
-362.826
-364.752
-322.123
-392.333
-331.675
-389.051
-316.407
-320.722
-356.521
-379.636
-369.385
-364.752
-388.58
-389.637
-314.96
-335.794
-317.353
-374.726
-393.236
-401.951
-391.223
-355.418
-417.867
-328.802
-352.503
-329.708
-337.094
-420.41
-306.9
-364.873
-337.348
-377.936
-371.015
-407.676
-346.027
-328.776
-361.365
-343.827
-332.277
-337.65
-390.258
-342.584
-410.267
-364.56
-364.647
-416.086
-396.547
-369.054
-323.968
-369.731
-397.899
-406.101
-349.646
-397.336
-335.193
-351.153
-363.77
-356.079
-355.926
-350.714
-404.95
-340.041
-361.445
-351.186
-332.017
-336.956
-344.827
-412.028
-415.492
-376.996
-413.827
-366.264
-326.175
-374.715
-366.255
-419.916
-329.501
-420.31
-360.629
-354.821
-338.629
-421.52
-354.437
-400.589
-354.598
-399.365
-393.534
-508.904
-508.916
-490.538
-481.495
-449.589
-451.265
-494.246
-512.818
-453.887
-439.842
-486.594
-452.792
-475.401
-431.588
-473.558
-438.512
-501.567
-470.271
-459.105
-499.194
-508.815
-521.019
-426.851
-521.985
-428.256
-499.06
-492.086
-522.159
-501.59
-449.598
-510.264
-436.91
-470.109
-476.417
-452.467
-490.495
-455.842
-476.43
-466.978
-513.354
-495.818
-500.15
-509.043
-474.325
-458.748
-494.934
-447.609
-439.254
-461.622
-523.786
-441.363
-510.728
-493.627
-473.983
-500.039
-445.805
-441.103
-452.446
-492.566
-509.324
-474.032
-509.581
-499.717
-471.85
-434.355
-459.432
-438.101
-492.141
-434.237
-512.775
-459.481
-424.306
-449.965
-507.299
-431.73
-495.605
-443.729
-434.504
-474.325
-490.218
-464.592
-503.441
-443.113
-515.173
-495.283
-442.417
-436.395
-507.385
-511.682
-487.926
-477.445
-432.287
-442.178
-516.665
-523.861
-486.138
-457.938
-481.884
-491.157
-429.675
-491.824
-432.344
-441.543
-470.945
-452.375
-446.139
-475.794
-434.953
-512.636
-466.548
-448.257
-514.54
-486.21
-481.771
-510.981
-466.45
-483.008
-485.038
-482.317
-476.665
-494.906
-490.539
-494.747
-446.963
-464.35
-474.902
-494.273
-525.901
-453.329
-496.527
-495.662
-494.763
-448.757
-469.608
-473.561
-493.056
-467.893
-447.711
-512.521
-442.775
-480.931
-440.796
-471.873
-479.73
-476.27
-467.88
-483.525
-470.73
-497.311
-461.786
-440.554
-436.245
-458.512
-512.759
-440.615
-458.572
-485.881
-502.033
-461.739
-513.137
-480.898
-430.919
-476.461
-431.493
-443.03
-435.177
-521.165
-464.702
-506.185
-518.99
-429.412
-506.81
-449.107
-502.828
-478.679
-467.925
-506.732
-492.677
-476.326
-436.719
-451.584
-458.391
-530.107
-446.989
-496.611
-458.108
-470.937
-461.767
-428.689
-503.298
-446.78
-439.641
-471.527
-440.145
-458.909
-503.367
-466.288
-436.203
-507.349
-479.824
-266.568
-223.313
-274.349
-276.941
-241.726
-275.039
-236.295
-322.851
-249.483
-249.143
-208.287
-293.082
-242.656
-317.364
-248.914
-277.405
-275.223
-317.271
-306.222
-243.079
-272.508
-224.027
-249.027
-241.19
-239.699
-306.029
-261.855
-300.657
-237.369
-254.048
-231.853
-220.584
-260.764
-226.447
-269.144
-279.475
-241.613
-246.239
-302.148
-250.146
-229.809
-225.086
-290.746
-280.303
-249.135
-241.083
-232.182
-294.375
-289.226
-305.241
-227.904
-285.619
-223.04
-321.894
-279.151
-259.715
-228.875
-225.179
-207.065
-275.653
-301.735
-216.176
-263.99
-289.645
-240.259
-262.1
-259.29
-283.74
-231.378
-263.091
-247.916
-226.88
-271.62
-212.482
-255.247
-267.954
-300.509
-232.181
-258.731
-223.074
-246.84
-256.872
-252.322
-290.192
-310.825
-317.074
-285.561
-293.701
-267.931
-234.944
-274.069
-258.045
-221.39
-259.905
-262.739
-255
-276.167
-278.362
-286.618
-317.213
-236.501
-243.358
-225.374
-255.171
-251.836
-270.383
-260.971
-288.394
-239.451
-229.092
-256.31
-229.105
-225.774
-311.763
-308.802
-276.588
-296.016
-296.364
-221.915
-277.386
-242.855
-262.477
-247.168
-243.929
-240.855
-305.393
-219.369
-254.933
-234.924
-272.428
-308.191
-209.95
-289.077
-236.827
-218.018
-279.53
-320.098
-259.032
-244.826
-235.702
-307.602
-264.023
-245.197
-221.511
-242.219
-230.998
-209.536
-266.968
-244.964
-238.041
-255.895
-242.572
-228.668
-275.629
-294.47
-312.563
-232.19
-229.087
-296.204
-206.981
-322.791
-208.205
-259.022
-236.877
-295.688
-272.493
-288.719
-263.455
-227.5
-230.497
-202.808
-239.113
-325.765
-291.959
-243.2
-292.803
-259.123
-246.274
-266.16
-235.204
-231.075
-228.642
-251.679
-254.678
-282.545
-285.819
-281.4
-214.689
-239.33
-233.929
-292.397
-249.738
-216.414
-244.951
-305.04
-267.088
-207.506
-289.959
-266.928
-297.452
-241.402
-280.731
-298.456
-236.903
-268.171
-241.141
-317.739
-240.512
-247.658
-249.692
-314.425
-226.91
-241.228
-292.631
-301.931
-242.962
-265.808
-258.849
-241.884
-253.318
-288.731
-276.806
-253.743
-201.903
-240.679
-308.946
-243.252
-252.669
-257.435
-279.406
-291.99
-214.971
-280.723
-214.298
-321.957
-270.417
-242.461
-251.22
-250.645
-301.98
-236.951
-309.849
-316.589
-235.05
-239.349
-280.219
-252.82
-321.378
-255.93
-302.778
-295.1
-245.35
-321.986
-240.908
-227.049
-260.632
-264.335
-309.31
-258.763
-234.7
-267.604
-221.5
-246.603
-305.604
-242.366
-238.4
-208.125
-218.066
-260.123
-282.044
-283.222
-257.751
-326.852
-278.167
-241.518
-216.264
-260.345
-240.425
-244.82
-295
-255.81
-319.462
-302.44
-256.856
-247.019
-247.543
-303.628
-242.57
-293.784
-318.842
-301.291
-217.418
-322.635
-236.587
-275.072
-319.137
-224.775
-289.189
-272.72
-267.495
-255.742
-305.419
-300.152
-235.086
-276.214
-293.419
-257.614
-239.41
-258.018
-299.2
-312.593
-286.487
-288.662
-277.921
-324.6
-264.494
-295.963
-326.139
-262.262
-254.706
-229.329
-263.395
-267.755
-296.541
-276.773
-261.5
-264.578
-284.831
-241.334
-209.553
-324.712
-282.192
-211.473
-297.013
-300.019
-296.228
-293.796
-249.904
-275.193
-292.612
-272.655
-244.841
-241.327
-223.761
-284.856
-245.545
-285.369
-266.267
-310.041
-256.498
-241.099
-235.266
-221.073
-318.472
-330.695
-253.286
-279.061
-270.123
-244.978
-239.825
-260.361
-236.468
-234.896
-221.371
-250.789
-240.821
-324.328
-245.152
-267.006
-258.249
-257.688
-235.394
-311.892
-244.869
-292.832
-287.557
-237.034
-307.021
-284.176
-236.54
-318.935
-234.681
-251.411
-229.175
-269.093
-289.653
-210.013
-217.563
-286.519
-245.369
-224.963
-279.087
-257.245
-302.658
-230.895
-282.877
-271.324
-292.023
-241.794
-229.76
-418.766
-331.899
-403.088
-374.24
-364.074
-342.775
-352.397
-330.598
-375.077
-357.047
-384.03
-371.679
-379.776
-380.383
-405.761
-368.557
-382.028
-378.598
-368.326
-368.444
-368.564
-344.52
-340.162
-403.75
-403.693
-410.203
-335.571
-347.214
-403.158
-337.532
-397.814
-402.515
-348.106
-365.554
-405.448
-407.622
-418.005
-353.493
-368.303
-377.398
-376.585
-359.017
-412.863
-347.34
-364.422
-357.034
-382.257
-333.76
-356.923
-343.595
-338.814
-376.088
-371.896
-396.389
-336.207
-405.507
-335.545
-351.732
-398.556
-352.152
-364.676
-352.17
-341.212
-388.21
-380.677
-411.597
-372.797
-374.631
-406.552
-326.601
-346.141
-374.215
-371.767
-351.298
-379.236
-416.247
-348.723
-346.212
-373.534
-338.763
-352.914
-376.477
-353.244
-415.946
-371.091
-401.115
-357.646
-346.115
-329.819
-368.545
-377.799
-328.25
-410.935
-412.201
-391.485
-338.053
-341.981
-345.599
-373.355
-404.639
-346.435
-353.671
-392.22
-348.293
-401.228
-399.691
-329.252
-360.774
-381.951
-333.57
-397.154
-401.453
-390.451
-380.903
-345.653
-328.272
-402.036
-397.261
-356.83
-327.181
-392.399
-354.324
-370.533
-363.392
-343.32
-398.183
-345.881
-345.878
-358.488
-376.744
-374.25
-389.852
-339.496
-344.233
-415.112
-390.969
-368.577
-353.543
-363.921
-375.76
-398.954
-365.158
-395.236
-379.601
-409.161
-394.415
-361.137
-377.1
-366.244
-346.093
-372.395
-398.243
-346.247
-407.529
-366.884
-381.926
-358.531
-356.186
-386.372
-376.971
-410.363
-380.26
-341.042
-418.499
-393.697
-367.774
-360.246
-400.475
-391.172
-358
-402.584
-333.126
-325.471
-419.611
-372.42
-418.348
-334.212
-371.645
-379.136
-369.681
-394.679
-391.28
-368.242
-407.907
-329.757
-403.54
-357.297
-399.181
-413.232
-349.979
-382.807
-397.883
-400.724
-360.879
-343.306
-402.845
-356.087
-340.236
-395.57
-349.857
-137.182
-160.163
-165.164
-178.905
-123.282
-201.678
-160.075
-192.931
-168.289
-194.063
-125.544
-130.156
-207.561
-143.526
-189.057
-190.367
-113.925
-180.388
-160.632
-200.147
-159.44
-132.125
-184.159
-176.564
-205.84
-155.322
-133.243
-201.315
-132.255
-200.34
-152.502
-195.28
-221.502
-119.974
-106.061
-176.6
-132.457
-138.308
-204.616
-158.968
-156.936
-119.331
-174.114
-130.242
-141.301
-194.272
-172.019
-129.301
-131.685
-141.327
-104.581
-160.597
-121.213
-207.776
-179.649
-146.07
-163.963
-120.87
-108.511
-165.394
-153.93
-191.996
-217.078
-149.049
-143.937
-139.155
-187.412
-212.945
-204.626
-146.432
-162.007
-207.852
-166.865
-156.095
-141.219
-167.54
-184.839
-152.568
-139.959
-142.048
-210.214
-134.13
-158.654
-123.767
-153.507
-157.534
-155.5
-179.247
-128.019
-111.408
-117.324
-157.525
-145.209
-159.608
-190.879
-184.817
-123.5
-132.947
-124.956
-180.677
-197.837
-146.101
-170.231
-163.056
-223.272
-172.875
-186.717
-138.137
-156.465
-165.604
-174.606
-192.308
-199.903
-130.995
-145.768
-123.355
-210.034
-168.384
-161.663
-162.01
-154.633
-180.057
-173.847
-168.953
-162.85
-195.179
-163.725
-138.597
-149.007
-133.472
-141.97
-143.605
-135.23
-142.24
-114.657
-218.714
-225.652
-189.896
-198.614
-157.531
-211.773
-137.47
-147.401
-199.87
-171.265
-140.972
-189.472
-193.271
-206.487
-177.194
-199.608
-123.345
-139.938
-175.102
-207.697
-141.584
-127.744
-129.551
-199.678
-128.533
-145.496
-206.446
-157.334
-134.809
-127.679
-129.099
-141.462
-178.653
-125.632
-147.406
-161.24
-180.511
-170.299
-163.294
-137.075
-177.596
-149.62
-149.791
-136.359
-170.071
-182.062
-145.372
-131.62
-137.22
-176.063
-177.975
-181.408
-175.635
-174.672
-146.993
-120.173
-165.996
-153.679
-129.844
-130.265
-158.724
-203.179
-163.688
-138.407
-147.184
-148.931
-222.241
-178.83
-195.192
-153.716
-223.022
-200.271
-206.955
-142.285
-122.516
-146.16
-202.794
-137.297
-145.544
-117.022
-195.043
-119.525
-190.459
-141.672
-224.022
-186.554
-207.628
-190.707
-181.967
-124.143
-141.157
-172.981
-202.664
-200.936
-116.678
-143.838
-160.98
-173.484
-154.603
-154.177
-217.824
-227.591
-159.804
-141.019
-171.535
-134.196
-215.91
-167.47
-172.206
-160.251
-157.694
-189.498
-128.366
-135.839
-126.205
-207.323
-145.037
-127.304
-138.319
-148.106
-108.2
-175.309
-133.701
-112.508
-205.356
-192.144
-187.151
-196.421
-205.919
-194.937
-170.378
-158.187
-148.839
-186.863
-186.512
-206.21
-184.336
-151.808
-127.621
-131.584
-103.167
-177.813
-108.086
-114.877
-222.143
-133.464
-141.894
-150.949
-184.712
-146.939
-229.345
-130.26
-218.985
-221.497
-173.613
-124.074
-125.473
-138.244
-196.866
-197.445
-188.312
-151.643
-125.832
-124.143
-145.479
-158.164
-187.235
-146.713
-179.579
-132.891
-186.825
-143.311
-133.294
-146.167
-140.491
-165.182
-149.075
-178.313
-151.344
-151.424
-140.487
-217.687
-143.16
-186.468
-151.096
-208.478
-133.004
-124.575
-147.959
-137.506
-125.152
-187.295
-202.32
-177.455
-153.195
-200.938
-185.203
-208.895
-155.944
-130.106
-210.487
-113.395
-174.433
-160.593
-195.714
-147.766
-172.024
-137
-179.31
-201.972
-195.247
-135.759
-195.203
-158.129
-163.946
-160.672
-224.106
-182.453
-214.867
-196.604
-126.094
-196.64
-180.752
-176.866
-130.581
-157.971
-196.271
-153.011
-150.525
-158.838
-184.39
-159.814
-157.152
-154.041
-109.309
-178.21
-173.386
-121.058
-213.215
-221.361
-139.947
-220.9
-135.207
-146.782
-155.263
-149.75
-173.934
-162.111
-189.689
-113.798
-215.328
-177.967
-139.809
-156.863
-158.666
-141.521
-185.737
-133.511
-168.972
-179.256
-138.984
-153.032
-152.245
-198.672
-213.503
-260.833
-298.355
-242.165
-259.526
-285.841
-262.902
-325.378
-279.12
-300.549
-265.988
-292.417
-302.87
-236.393
-295.898
-310.992
-286.327
-255.005
-265.064
-228.532
-225.513
-266.698
-285.61
-270.52
-274.656
-301.093
-227.655
-260.646
-286.292
-293.541
-255.944
-270.733
-274.22
-232.7
-318.07
-286.196
-261.457
-236.887
-264.39
-286.053
-312.275
-307.395
-267.413
-315.233
-290.34
-307.568
-248.914
-264.293
-229.003
-243.939
-228.768
-311.622
-288.171
-276.595
-268.492
-263.766
-280.995
-269.953
-286.732
-269.076
-295.641
-291.885
-316.202
-292.481
-295.142
-291.474
-262.838
-299.934
-312.755
-318.478
-264.334
-310.002
-278.836
-284.759
-230.618
-306.196
-312.463
-268.533
-237.49
-249.96
-252.137
-276.85
-295.989
-227.283
-228.512
-291.954
-244.35
-300.656
-291.282
-261.338
-275.828
-301.422
-289.103
-315.907
-265.81
-314.079
-245.84
-263.547
-238.44
-264.103
-299.942
-285.662
-268.523
-231.413
-301.168
-285.454
-283.803
-325.696
-254.355
-271.937
-277.618
-274.767
-277.139
-323.221
-241.079
-278.155
-244.712
-276.875
-312.526
-271.042
-272.489
-285.434
-291.899
-293.697
-264.711
-253.568
-258.807
-273.258
-315.265
-304.518
-239.592
-315.013
-263.623
-301.795
-229.116
-230.128
-295.867
-242.407
-245.986
-262.239
-253.878
-257.542
-271.87
-256.033
-248.935
-268.912
-304.083
-269.033
-292.409
-226.057
-302.499
-240.919
-235.127
-259.636
-294.306
-319.463
-257.805
-322.924
-249.134
-247.027
-279.652
-232.679
-314.643
-304.062
-233.722
-248.129
-250.392
-292.853
-247.471
-231.872
-282.857
-265.897
-238.81
-273.239
-229.31
-301.527
-295.777
-241.831
-276.457
-302.924
-303.088
-286.66
-286.212
-288.035
-245.286
-264.402
-250.297
-252.116
-224.317
-233.303
-274.689
-315
-294.526
-253.504
-280.381
-246.139
-276.149
-241.96
-286.528
-278.75
-283.647
62.3694
18.3873
61.4613
49.9146
74.5665
74.197
6.08226
-19.786
81.0238
15.9843
54.9958
-20.0448
-26.6195
25.3023
68.3688
77.9354
-6.5587
69.7082
3.33235
21.4274
-6.28964
45.6975
68.0704
19.3882
18.2098
-12.4178
-10.4766
49.8294
34.2358
22.2974
30.8927
-21.6647
62.1896
85.855
62.3824
43.5381
-17.5939
64.8163
79.1666
36.2868
84.5946
73.9651
12.8164
55.6219
-11.0365
72.1451
-30.2474
-8.73563
61.7748
51.2131
67.4914
67.3677
4.08985
8.01304
-11.272
35.6763
4.29006
28.568
28.9496
76.4776
6.50792
-11.3139
19.2392
68.4963
58.7289
42.1084
58.43
38.0952
86.0323
60.4142
2.85115
22.458
-1.7559
8.79423
10.5358
51.9278
54.3203
62.1303
58.1125
56.707
63.7878
-5.40152
38.5456
59.3668
17.9828
18.808
48.0321
12.5116
-25.9567
26.1963
72.218
17.6892
51.7776
86.9955
43.6523
22.7336
29.8083
64.4523
68.2627
72.9894
61.6531
55.6973
-8.47865
61.9152
36.148
80.6829
67.3687
12.9039
56.5218
18.1253
-10.4885
35.5752
6.94453
-20.9272
65.2987
-20.7161
16.1492
16.6434
55.2852
26.3822
25.0496
42.5511
-11.137
77.1735
67.4562
-2.43782
83.9735
-16.3784
53.0296
74.1662
32.0625
0.346751
41.7845
72.6553
73.7667
42.033
73.138
30.6418
25.7452
73.9036
-2.9597
-10.3996
44.0443
35.213
47.5156
36.8035
64.6397
34.3374
15.7513
45.7743
-7.17587
76.1175
22.0649
48.5496
7.65184
39.7489
64.8542
23.6107
17.3214
89.1377
69.2667
53.7247
59.4929
49.5042
44.4446
-8.21512
76.0088
69.3992
24.9473
37.2306
20.647
48.3861
30.6503
28.7205
-17.9689
13.6306
48.5017
53.8442
40.5699
81.0869
63.0689
41.6053
78.1924
36.3275
8.19756
30.8408
10.1316
6.18152
-24.4898
-8.32616
30.1701
1.78409
58.6394
51.2222
88.7994
23.1216
61.0018
43.9421
43.2896
39.2769
69.046
41.7095
69.1803
66.0075
58.7603
2.11686
8.94809
10.0799
32.0504
81.3545
71.0411
55.3082
71.5066
71.5899
37.6575
4.41636
48.7841
58.7569
64.6992
12.6862
55.3812
1.0621
44.5784
77.566
19.3005
74.2249
72.8293
61.3271
82.2634
62.404
43.2981
29.2861
-8.44585
50.9565
66.9005
58.8029
31.9801
49.9885
-15.3664
43.4661
47.1697
43.6905
43.3459
38.45
24.1477
-9.86863
47.8021
-8.54649
43.3679
32.5675
6.30321
42.3783
42.2683
54.5208
76.9324
72.3282
40.2547
65.3662
-11.2095
75.5789
-20.4058
79.4825
53.9851
41.0352
4.98863
9.05944
9.01836
42.4572
58.3508
53.1582
93.1048
59.0744
59.7347
82.9019
82.7595
-12.546
-2.72805
-20.1828
-10.1064
-0.373722
18.1111
-7.94527
27.3437
-7.55002
56.8366
48.0389
37.2889
3.93766
0.22887
23.9567
43.4185
49.4842
57.2628
42.1124
26.8253
52.1564
67.3106
85.3288
81.571
33.569
55.3838
92.469
-10.9501
37.504
68.3672
-23.4997
27.2682
1.24273
37.2941
58.18
-20.7353
-13.5945
-20.396
7.39041
16.366
59.204
66.3797
23.5172
3.56459
59.1363
45.7876
43.5005
17.6613
49.6014
28.4092
55.0372
-10.3668
-28.6639
20.5529
2.11507
28.9173
2.08354
-8.6162
64.3212
12.8451
29.7368
50.8314
48.9783
15.5687
35.3536
53.9717
31.9023
55.5993
-8.34188
35.9678
35.1776
57.3565
16.9374
2.19155
59.6795
5.3582
87.945
89.4799
24.9811
51.2367
17.0076
67.1884
-24.7317
-12.6217
70.9968
12.959
46.9723
-1.99892
67.3236
51.4523
54.5071
51.0041
71.5247
51.1581
39.2645
61.3507
-25.411
50.94
66.4624
41.1925
84.1329
83.9074
76.848
88.7056
35.1269
8.14912
44.3768
53.6164
42.787
57.4001
56.3647
-16.1838
48.9017
66.2993
22.4988
72.8854
5.86394
4.2585
39.41
42.1769
9.20619
33.7703
0.356333
28.8495
63.431
-53.7774
-69.9657
-41.0507
-88.1104
-75.3683
-65.0782
-22.7105
-96.2188
-33.8423
-66.8744
-103.2
-128.582
-60.7978
-62.29
-68.8921
-69.0182
-66.1546
-96.3788
-89.6202
-82.633
-76.2349
-52.4479
-104.442
-83.3762
-105.864
-94.1679
-62.0094
-107.762
-85.1988
-50.0959
-70.3489
-42.3311
-64.5661
-39.3878
-44.2043
-57.0902
-92.0969
-96.2963
-37.8891
-66.0681
-44.6829
-57.682
-55.9165
-113.326
-67.9856
-72.3885
-34.5075
-83.1217
-31.2814
-74.6953
-100.397
-56.2548
-45.2268
-29.428
-99.2948
-69.7921
-65.4255
-102.384
-34.0902
-84.8762
-76.4649
-113.612
-124.436
-91.8175
-35.2868
-95.458
-29.1142
-112.661
-100.508
-87.656
-113.463
-48.1143
-95.7663
-46.0274
-114.67
-102.183
-88.1751
-53.4556
-49.8577
-123.599
-39.5228
-96.982
-58.7789
-37.7539
-49.1872
-83.4186
-72.8488
-121.748
-101.639
-113.025
-86.125
-41.4495
-53.0017
-85.1679
-74.091
-37.1767
-92.4364
-99.6979
-111.88
-90.8414
-39.3468
-85.0538
-93.8671
-110.338
-120.305
-107.523
-89.2026
-36.0634
-60.5905
-104.591
-67.6678
-32.9534
-59.5339
-38.4042
-63.4319
-101.47
-35.8727
-104.94
-96.2296
-44.2263
-60.3898
-112.867
-23.0377
-96.371
-95.4143
-112.933
-38.4135
-120.35
-91.2888
-46.0224
-73.6318
-69.0845
-27.1036
-76.9423
-74.7034
-56.7383
-42.8506
-62.6306
-66.654
-96.9112
-71.2411
-89.3784
-62.8454
-84.5143
-44.3424
-70.877
-89.3905
-65.6183
-46.5854
-42.1056
-82.5246
-38.5886
-60.1846
-40.3291
-74.7479
-100.02
-46.0684
-79.279
-111.56
-57.0314
-97.8764
-91.4141
-92.4323
-104.325
-51.9544
-112.382
-40.2426
-72.9542
-49.6156
-66.8506
-50.8034
-26.2419
-67.56
-79.2126
-33.1183
-60.5656
-90.1144
-105.415
-43.6683
-69.6147
-79.0996
-93.6891
-24.4129
-55.494
-107.599
-46.0038
-103.737
-51.7073
-106.525
-36.4023
-98.3849
-77.9122
-49.0996
-38.3886
-77.8145
-39.8768
-44.3672
-45.6256
-60.4831
-30.8183
