-156.030201
-145.423719
-142.733196
-140.740064
-137.157800
-134.363587
-132.061355
-128.656243
-126.689991
-125.892467
-121.474781
-119.783213
-118.978364
-116.807330
-114.213155
-113.119453
-112.192038
-110.722386
-110.151283
-109.359929
-108.284546
-107.158565
-106.040211
-105.553492
-105.157768
-104.916539
-104.527581
-103.952626
-103.237674
-102.830763
-102.522212
-102.130872
-101.591828
-100.984958
-100.611262
-100.115666
-99.578231
-99.039791
-98.702989
-98.472157
-98.356606
-98.108978
-97.780062
-97.482406
-97.206687
-96.811678
-96.609201
-96.248731
-95.990490
-95.852413
-95.097320
-94.979972
-94.780086
-94.610776
-94.171717
-93.943739
-93.495217
-93.057156
-92.856429
-92.542083
-92.286749
-91.939532
-91.675361
-91.405160
-91.087528
-90.885230
-90.645977
-90.381211
-90.162136
-89.728154
-89.498857
-89.290209
-89.032028
-88.858790
-88.721245
-88.407347
-88.331064
-88.139489
-87.790162
-87.485968
-87.173137
-86.805897
-86.544681
-86.203830
-85.618606
-85.195186
-84.880593
-84.498428
-84.162654
-83.645927
-83.143894
-82.587122
-82.297396
-82.064400
-81.882471
-81.477222
-80.503204
-79.763149
-78.981423
-78.068549
-72.657977
