-134.968401
-124.361919
-121.671397
-119.678265
-116.096000
-113.301787
-110.999555
-107.594444
-105.628191
-104.830667
-100.412981
-98.721413
-97.916565
-95.745531
-93.151355
-92.057653
-91.130238
-89.660587
-89.089484
-88.298130
-87.222746
-86.096765
-84.978412
-84.491692
-84.095968
-83.854739
-83.465782
-82.890826
-82.175875
-81.768963
-81.460412
-81.069073
-80.530028
-79.923159
-79.549463
-79.053866
-78.516432
-77.977992
-77.641190
-77.410357
-77.294806
-77.047178
-76.718262
-76.420606
-76.144888
-75.749878
-75.547401
-75.186931
-74.928690
-74.790613
-74.035521
-73.918173
-73.718286
-73.548976
-73.109917
-72.881939
-72.433417
-71.995357
-71.794629
-71.480283
-71.224949
-70.877733
-70.613562
-70.343361
-70.025729
-69.823431
-69.584178
-69.319411
-69.100337
-68.666354
-68.437057
-68.228409
-67.970229
-67.796990
-67.659445
-67.345548
-67.269265
-67.077689
-66.728362
-66.424168
-66.111337
-65.744097
-65.482881
-65.142030
-64.556806
-64.133387
-63.818793
-63.436628
-63.100854
-62.584127
-62.082094
-61.525323
-61.235596
-61.002600
-60.820671
-60.415423
-59.441404
-58.701349
-57.919623
-57.006749
-51.596177
