-293.200364
-232.545318
-223.529436
-217.725700
-213.440023
-210.297240
-207.595869
-205.030451
-202.797224
-200.732371
-198.834517
-197.177505
-195.511869
-194.013048
-192.539132
-191.105644
-189.933329
-188.672502
-187.482421
-186.299728
-185.328850
-184.333269
-183.350014
-182.361962
-181.409936
-180.456668
-179.529244
-178.602145
-177.732023
-176.900818
-176.144133
-175.339395
-174.532072
-173.736467
-172.997135
-172.175693
-171.451743
-170.705985
-169.987719
-169.244216
-168.562551
-167.885931
-167.211481
-166.465559
-165.690020
-165.020643
-164.323192
-163.691574
-162.975236
-162.280592
-161.492895
-160.811307
-160.181379
-159.542903
-158.811126
-158.165967
-157.514339
-156.772046
-156.051076
-155.316325
-154.614707
-153.931492
-153.185951
-152.428927
-151.703497
-150.914738
-150.124860
-149.388405
-148.582600
-147.857411
-147.033618
-146.280829
-145.446101
-144.666309
-143.819319
-142.952396
-142.029147
-141.133444
-140.193467
-139.364850
-138.486932
-137.568078
-136.520315
-135.521844
-134.368352
-133.357118
-132.279242
-131.073253
-129.774373
-128.626815
-127.157059
-125.861849
-124.081752
-122.297107
-120.311470
-118.273134
-115.869463
-112.950391
-109.204574
-104.049156
-75.532335
