-141.968401
-131.361919
-128.671397
-126.678265
-123.096000
-120.301787
-117.999555
-114.594444
-112.628191
-111.830667
-107.412981
-105.721413
-104.916565
-102.745531
-100.151355
-99.057653
-98.130238
-96.660587
-96.089484
-95.298130
-95.000000
-95.000000
-95.000000
-95.000000
-95.000000
-95.000000
-95.000000
-95.000000
-95.000000
-95.000000
-95.000000
-95.000000
-95.000000
-95.000000
-95.000000
-95.000000
-95.000000
-95.000000
-95.000000
-95.000000
-95.000000
-95.000000
-95.000000
-95.000000
-95.000000
-95.000000
-95.000000
-95.000000
-95.000000
-95.000000
-95.000000
-95.000000
-95.000000
-95.000000
-95.000000
-95.000000
-95.000000
-95.000000
-95.000000
-95.000000
-95.000000
-95.000000
-95.000000
-95.000000
-95.000000
-95.000000
-95.000000
-95.000000
-95.000000
-95.000000
-95.000000
-95.000000
-95.000000
-95.000000
-95.000000
-95.000000
-95.000000
-95.000000
-95.000000
-95.000000
-95.000000
-95.000000
-95.000000
-95.000000
-95.000000
-95.000000
-95.000000
-95.000000
-95.000000
-95.000000
-95.000000
-95.000000
-95.000000
-95.000000
-95.000000
-95.000000
-95.000000
-95.000000
-95.000000
-95.000000
-95.000000
