-151.871724
-142.231531
-141.011867
-139.696218
-138.819652
-138.165476
-136.797561
-135.902705
-135.039239
-134.359436
-133.861283
-133.085083
-132.455505
-131.703996
-131.116272
-130.698537
-129.648477
-129.074412
-128.664847
-128.399231
-128.144733
-127.637623
-127.396824
-127.186464
-126.597856
-126.340784
-126.007864
-125.791172
-125.340519
-125.214267
-125.027065
-124.850479
-124.494749
-124.259581
-124.119446
-123.783135
-123.594894
-123.490840
-123.120853
-122.696820
-122.552359
-122.284186
-122.037418
-121.912320
-121.697960
-121.418096
-121.124612
-120.835619
-120.578921
-120.407434
-119.947109
-119.873555
-119.666654
-119.345642
-119.145296
-118.990416
-118.862222
-118.641553
-118.460734
-118.285681
-117.953630
-117.702230
-117.519572
-117.321104
-116.989960
-116.793329
-116.720587
-116.661430
-116.407604
-116.109191
-115.769830
-115.528321
-115.070968
-115.002067
-114.758729
-114.430407
-114.263259
-114.119947
-113.703432
-113.420011
-113.111339
-112.806920
-112.476564
-112.151385
-111.746052
-111.472580
-111.286706
-110.990821
-110.615868
-110.194349
-109.754292
-109.063662
-108.451534
-107.769970
-106.669140
-105.935264
-104.643236
-103.546718
-102.116248
-100.205723
-94.517920
