-299.075536
-234.094223
-224.713318
-218.927481
-214.636639
-211.278161
-208.459229
-206.100963
-203.851449
-201.783417
-199.947529
-198.185420
-196.447991
-194.902331
-193.542021
-192.173789
-190.896304
-189.647415
-188.433419
-187.330452
-186.311104
-185.320437
-184.292051
-183.349561
-182.514458
-181.626566
-180.744896
-179.873470
-179.090419
-178.260845
-177.375494
-176.543419
-175.742221
-174.975080
-174.176807
-173.391612
-172.659258
-171.909032
-171.188578
-170.453997
-169.672294
-168.897624
-168.164025
-167.486670
-166.812942
-166.030276
-165.304177
-164.587582
-163.904049
-163.184304
-162.491000
-161.817283
-161.092295
-160.381173
-159.715220
-159.036320
-158.312110
-157.576832
-156.833826
-156.123245
-155.417088
-154.692210
-153.990405
-153.315656
-152.578089
-151.857936
-151.156634
-150.425401
-149.738124
-149.046155
-148.312000
-147.514511
-146.709062
-145.794178
-144.867085
-143.982321
-143.064742
-142.181529
-141.332921
-140.295612
-139.458508
-138.402030
-137.304562
-136.204008
-135.090724
-133.961946
-132.730930
-131.420389
-130.134232
-128.855195
-127.396149
-125.873517
-124.303248
-122.587708
-120.600465
-118.587090
-116.100257
-112.693678
-108.585703
-102.465137
-74.159691
