-12.001626
-1.823066
1.039357
2.691233
5.217889
5.839191
6.647339
7.569342
8.254578
8.737310
10.335479
10.948971
11.218750
12.064733
12.810757
13.541492
14.150825
14.391113
14.727064
15.103192
15.472937
15.550776
16.022467
16.438269
16.732250
17.162110
17.424511
17.725807
17.815096
18.166138
18.601034
18.733306
19.092805
19.450451
19.709411
19.977977
20.093166
20.296371
20.596767
20.777372
21.370476
21.740603
21.858344
22.079727
22.411311
22.672829
22.860527
23.154630
23.919879
24.153065
24.423542
24.864976
25.129625
25.324979
25.544438
25.799088
25.986580
26.299331
26.513590
26.648969
26.925022
27.229111
27.438217
27.715188
27.842614
27.979342
28.051307
28.306956
28.661750
29.010654
29.201189
29.421730
29.493977
29.760576
30.051272
30.358562
31.015219
31.287689
31.625547
31.894503
32.071689
32.596314
33.094479
33.482470
33.928299
34.106860
34.337239
34.787741
35.254877
35.793133
36.237312
36.853776
37.440944
38.394151
39.352306
39.730529
40.326390
41.754312
42.701162
43.777661
47.373108
