-32.134324
-22.639193
-20.764670
-17.855849
-14.834107
-12.046232
-9.179907
-6.856769
-3.888033
-2.682822
0.193387
2.695544
3.224373
4.771707
5.365202
7.190676
7.956720
8.427463
9.440657
9.641045
10.009205
10.664200
10.987979
11.455373
11.692668
11.974034
12.099156
12.281209
12.451177
12.638744
12.725427
12.890112
13.016627
13.175526
13.302371
13.448357
13.548509
13.620408
13.697111
13.739767
13.799358
13.837485
13.948510
14.011789
14.094862
14.143249
14.150039
14.169489
14.219183
14.260600
14.290974
14.329400
14.356875
14.402784
14.437967
14.466615
14.487288
14.523567
14.565085
14.577225
14.624178
14.646846
14.679658
14.706103
14.720581
14.729433
14.750637
14.759978
14.783486
14.799964
14.807639
14.820051
14.829417
14.840089
14.856041
14.864437
14.873443
14.880367
14.890854
14.895886
14.907969
14.913554
14.922351
14.927051
14.928397
14.936564
14.946382
14.955165
14.959274
14.961053
14.965766
14.970809
14.972806
14.976727
14.979250
14.983095
14.983967
14.984551
14.986269
14.988263
14.989418
