-144.803333
-133.170424
-129.527645
-127.936781
-126.692725
-123.683444
-121.379103
-119.407262
-116.167464
-114.371299
-111.122472
-108.955515
-107.043883
-106.535612
-105.350400
-104.545988
-103.074589
-101.754251
-100.397292
-99.441498
-98.613172
-97.601287
-97.114687
-96.286026
-95.893070
-95.097912
-94.363128
-93.851466
-93.251977
-93.064063
-92.902982
-92.340678
-92.045928
-91.737644
-91.492949
-91.111349
-90.929589
-90.632008
-90.107769
-89.965381
-89.621383
-89.381910
-89.140998
-89.000763
-88.700163
-88.544410
-88.298476
-88.150400
-87.973909
-87.865064
-87.628303
-87.397040
-87.116119
-86.986624
-86.421275
-86.034997
-85.833506
-85.371960
-85.224555
-84.839108
-84.670283
-84.399369
-84.297190
-84.000109
-83.748421
-83.585076
-83.460932
-83.356062
-83.208114
-83.053479
-82.716817
-82.448334
-82.118842
-81.866399
-81.533795
-81.232040
-80.886276
-80.525966
-80.089921
-79.747807
-79.422700
-78.994027
-78.490073
-77.979666
-77.683688
-77.240549
-76.995049
-76.453753
-75.591822
-75.305517
-74.743968
-74.146418
-73.375980
-72.981259
-72.032396
-70.694845
-69.538603
-67.942047
-65.820625
-63.444369
-60.122781
