-121.968401
-111.361919
-108.671397
-106.678265
-103.096000
-100.301787
-97.999555
-94.594444
-92.628191
-91.830667
-87.412981
-85.721413
-84.916565
-82.745531
-80.151355
-79.057653
-78.130238
-76.660587
-76.089484
-75.298130
-74.222746
-73.096765
-71.978412
-71.491692
-71.095968
-70.854739
-70.465782
-69.890826
-69.175875
-68.768963
-68.460412
-68.069073
-67.530028
-66.923159
-66.549463
-66.053866
-65.516432
-64.977992
-64.641190
-64.410357
-64.294806
-64.047178
-63.718262
-63.420606
-63.144888
-62.749878
-62.547401
-62.186931
-61.928690
-61.790613
-61.035521
-60.918173
-60.718286
-60.548976
-60.109917
-59.881939
-59.433417
-58.995357
-58.794629
-58.480283
-58.224949
-57.877733
-57.613562
-57.343361
-57.025729
-56.823431
-56.584178
-56.319411
-56.100337
-55.666354
-55.437057
-55.228409
-54.970229
-54.796990
-54.659445
-54.345548
-54.269265
-54.077689
-53.728362
-53.424168
-53.111337
-52.744097
-52.482881
-52.142030
-51.556806
-51.133387
-50.818793
-50.436628
-50.100854
-49.584127
-49.082094
-48.525323
-48.235596
-48.002600
-47.820671
-47.415423
-46.441404
-45.701349
-44.919623
-44.006749
-38.596177
