-13.403823
-7.457711
-6.873933
-6.292888
-5.151809
-4.515169
-4.153242
-3.979106
-3.710889
-3.446543
-2.739093
-2.401024
-1.891801
-1.486044
-1.151553
-0.727089
-0.428402
0.200587
0.504117
0.759354
1.180187
1.427019
1.729668
2.116676
2.275031
2.354656
2.659450
2.831968
2.972244
3.237767
3.539471
3.815673
4.136738
4.324611
4.590130
4.851177
5.057835
5.377647
5.644906
5.894454
6.280678
6.587118
6.922504
7.019416
7.519441
7.885464
8.161831
8.556154
8.746482
8.919221
9.188024
9.806219
9.932547
10.260221
10.584650
10.852836
11.208864
11.451379
11.820850
12.080258
12.297766
12.431886
12.810437
13.175829
13.585524
14.128627
14.566865
14.966212
15.585520
16.150030
16.496093
16.890274
17.421771
18.110646
18.513114
18.942041
19.216857
19.695357
20.219560
21.533328
22.331943
23.000000
23.000000
23.000000
23.000000
23.000000
23.000000
23.000000
23.000000
23.000000
23.000000
23.000000
23.000000
23.000000
23.000000
23.000000
23.000000
23.000000
23.000000
23.000000
23.000000
