-16.0672
-1.91335
1.05353
2.81041
4.19665
5.43473
6.27251
7.1313
7.98645
8.66424
9.33271
9.98525
10.6601
11.1955
11.8032
12.3753
12.8611
13.2929
13.7424
14.2745
14.6973
15.155
15.6482
16.0581
16.4862
16.866
17.3279
17.7209
18.0973
18.4803
18.9211
19.3725
19.7925
20.1572
20.5436
20.8694
21.2489
21.5878
21.9267
22.2926
22.6457
22.9585
23.3965
23.7264
24.1056
24.4453
24.8021
25.1244
25.4621
25.7477
26.0554
26.3896
26.6512
26.9398
27.241
27.5268
27.779
28.0953
28.3308
28.6571
28.9331
29.2615
29.6047
29.9173
30.2303
30.5579
30.8896
31.1634
31.4622
31.724
32.0824
32.3569
32.7481
33.0764
33.4147
33.7261
34.0331
34.3585
34.7828
35.1571
35.4868
35.8896
36.3522
36.8116
37.2438
37.708
38.1899
38.6678
39.1501
39.7213
40.2009
40.7334
41.354
42.0078
42.7699
43.5661
44.5153
45.7252
47.0924
49.0581
55.6959
