-38.9949
-22.1883
-19.2005
-17.446
-15.9207
-14.7284
-13.7442
-12.7775
-11.7857
-11.0687
-10.2827
-9.49124
-8.81041
-8.1631
-7.51529
-6.92349
-6.33547
-5.66876
-5.07534
-4.57768
-3.96564
-3.41013
-2.85765
-2.29224
-1.80909
-1.342
-0.779946
-0.195145
0.351698
0.885662
1.324
1.82741
2.28915
2.73958
3.26762
3.79137
4.36396
4.89189
5.42718
5.92218
6.39633
6.86271
7.37002
7.86525
8.35068
8.73992
9.19107
9.71231
10.1834
10.6246
11.0572
11.4954
11.8958
12.3671
12.8094
13.25
13.6942
14.107
14.548
14.9207
15.3953
15.7705
16.1386
16.4851
16.8663
17.2899
17.6137
17.9168
18.279
18.5664
18.8131
18.9529
19.0674
19.161
19.2128
19.2523
19.2853
19.3091
19.3272
19.3416
19.3505
19.3596
19.3653
19.3709
19.3749
19.3787
19.3817
19.3844
19.3867
19.3886
19.3904
19.3919
19.3932
19.3944
19.3953
19.3962
19.397
19.3977
19.3982
19.3989
19.3999
