-162.497995
-151.295144
-146.879870
-145.693770
-142.480321
-140.841336
-137.126220
-134.999037
-132.423421
-129.682087
-127.254176
-126.212100
-124.968648
-122.065966
-120.821777
-119.835456
-118.902964
-117.571026
-117.140268
-116.434195
-116.105919
-115.369199
-114.982755
-114.349025
-112.908664
-112.046092
-111.825939
-110.626294
-109.607369
-109.108552
-108.669290
-107.721981
-107.433961
-107.047606
-106.401243
-106.034256
-105.861427
-105.504491
-105.055875
-104.754654
-104.621181
-104.208731
-103.927486
-103.644506
-103.531841
-103.258082
-103.123163
-102.569489
-102.173473
-101.807802
-101.578250
-101.338226
-100.493596
-100.222600
-100.025121
-99.737983
-99.462271
-99.172032
-98.852271
-98.662384
-98.463867
-98.145750
-98.048334
-97.883864
-97.479061
-97.260471
-96.878564
-96.656144
-96.416423
-96.273243
-96.006621
-95.918158
-95.706858
-95.320398
-95.073787
-94.896300
-94.520337
-94.136941
-93.625240
-93.357874
-93.033946
-92.686030
-92.478837
-92.107214
-91.683266
-91.341754
-91.163739
-90.917418
-90.659318
-90.118885
-89.850251
-89.185197
-88.721976
-88.236468
-87.614050
-87.022755
-86.355580
-85.851494
-84.962247
-84.115232
-79.992286
