-241.773905
-212.036191
-205.377848
-200.626069
-196.979923
-193.619102
-190.885259
-188.477737
-186.564041
-184.796987
-183.279072
-182.009369
-180.941115
-179.924644
-178.998664
-178.096431
-177.214753
-176.473025
-175.716581
-175.059161
-174.388818
-173.788598
-173.170194
-172.555493
-171.962673
-171.383589
-170.827173
-170.308899
-169.784533
-169.240364
-168.695088
-168.125920
-167.617120
-167.084419
-166.572845
-166.003266
-165.470384
-164.967909
-164.444730
-163.860267
-163.270575
-162.758925
-162.221801
-161.665020
-161.152168
-160.640464
-160.182307
-159.672961
-159.088066
-158.503243
-157.942613
-157.392990
-156.845757
-156.263004
-155.693197
-155.177629
-154.564891
-153.990768
-153.403687
-152.830550
-152.246272
-151.691616
-151.093663
-150.485047
-149.890334
-149.292341
-148.693456
-148.109905
-147.544625
-146.909403
-146.261732
-145.656229
-144.963849
-144.331774
-143.730199
-143.092451
-142.388432
-141.705961
-140.974507
-140.208377
-139.496619
-138.613967
-137.834822
-136.994824
-136.091551
-135.244079
-134.326975
-133.418829
-132.351372
-131.273694
-130.182223
-128.930502
-127.524606
-126.193196
-124.600677
-122.311846
-120.073978
-117.024935
-113.526551
-108.457006
-88.727421
