-135.961155
-130.564204
-129.639127
-127.453256
-126.091241
-124.893885
-124.126754
-123.659207
-123.309998
-122.587185
-122.277071
-121.660848
-121.162503
-120.475163
-120.240929
-119.780654
-119.363494
-118.973011
-118.669221
-118.170278
-117.866461
-117.710468
-117.667980
-117.488739
-117.234570
-117.014173
-116.931933
-116.682858
-116.413884
-116.356598
-116.208012
-116.062206
-115.889600
-115.769024
-115.353129
-115.266904
-115.087556
-114.938718
-114.578978
-114.449851
-114.346857
-114.258329
-113.992891
-113.816380
-113.669217
-113.394329
-113.361105
-113.172869
-112.809599
-112.602932
-112.335259
-112.257473
-112.045341
-111.863447
-111.647809
-111.329247
-111.253244
-110.968337
-110.847834
-110.771668
-110.551659
-110.472502
-110.281174
-109.937725
-109.862354
-109.750369
-109.592893
-109.453296
-109.349963
-109.215245
-109.145829
-108.877724
-108.722705
-108.446140
-108.265125
-108.033423
-107.703868
-107.400240
-107.164206
-107.039644
-106.791681
-106.681616
-106.621465
-106.236704
-106.015402
-105.746086
-105.525013
-105.132500
-104.749102
-104.410498
-103.947210
-103.714886
-103.242362
-102.930114
-102.579191
-102.293694
-102.022798
-101.481913
-100.669027
-98.523323
-95.624915
