-169.497995
-158.295144
-153.879870
-152.693770
-149.480321
-147.841336
-144.126220
-141.999037
-139.423421
-136.682087
-134.254176
-133.212100
-131.968648
-129.065966
-127.821777
-126.835456
-125.902964
-124.571026
-124.140268
-123.434195
-123.105919
-122.369199
-121.982755
-121.349025
-119.908664
-119.046092
-118.825939
-117.626294
-116.607369
-116.108552
-115.669290
-114.721981
-114.433961
-114.047606
-113.401243
-113.034256
-112.861427
-112.504491
-112.055875
-111.754654
-111.621181
-111.208731
-110.927486
-110.644506
-110.531841
-110.258082
-110.123163
-109.569489
-109.173473
-108.807802
-108.578250
-108.338226
-107.493596
-107.222600
-107.025121
-106.737983
-106.462271
-106.172032
-105.852271
-105.662384
-105.463867
-105.145750
-105.048334
-104.883864
-104.479061
-104.260471
-103.878564
-103.656144
-103.416423
-103.273243
-103.006621
-102.918158
-102.706858
-102.320398
-102.073787
-101.896300
-101.520337
-101.136941
-100.625240
-100.357874
-100.033946
-99.686030
-99.478837
-99.107214
-98.683266
-98.341754
-98.163739
-97.917418
-97.659318
-97.118885
-96.850251
-96.185197
-95.721976
-95.236468
-95.000000
-95.000000
-95.000000
-95.000000
-95.000000
-95.000000
-95.000000
