-246.872020
-210.947716
-204.665881
-200.205015
-196.162084
-192.924663
-190.276378
-188.060084
-185.971989
-184.271484
-182.814540
-181.526701
-180.411990
-179.448482
-178.524478
-177.675042
-176.837314
-176.076318
-175.379858
-174.696427
-174.050798
-173.385540
-172.740770
-172.158638
-171.530998
-170.955776
-170.337626
-169.783318
-169.240330
-168.650627
-168.127993
-167.632260
-167.127864
-166.555177
-166.024738
-165.529041
-164.990992
-164.488546
-163.965641
-163.429439
-162.910215
-162.394751
-161.848400
-161.295460
-160.734438
-160.222186
-159.657809
-159.108786
-158.520791
-157.956299
-157.373437
-156.811151
-156.279628
-155.710970
-155.143669
-154.613512
-154.100512
-153.508294
-152.899363
-152.336296
-151.774342
-151.180919
-150.560207
-149.963390
-149.375544
-148.725155
-148.174939
-147.545188
-146.915819
-146.322699
-145.702695
-145.100754
-144.429925
-143.798696
-143.111607
-142.508088
-141.839041
-141.176999
-140.448278
-139.664088
-138.953890
-138.253265
-137.453160
-136.593314
-135.786209
-134.915185
-134.019194
-133.073600
-132.070726
-131.012962
-129.917938
-128.704365
-127.448660
-125.896129
-124.283414
-122.209964
-119.934808
-116.981233
-113.220526
-107.666233
-88.999128
