-39.524743
-28.311291
-23.911009
-22.746886
-19.593798
-17.888662
-15.217873
-13.474030
-12.052540
-10.411804
-9.696101
-8.627997
-7.506450
-6.826393
-6.054618
-5.401432
-5.019544
-4.698676
-4.069282
-3.626842
-3.205189
-2.934629
-2.685551
-2.363065
-2.050038
-1.637571
-1.424918
-1.129625
-1.004587
-0.902034
-0.836519
-0.664389
-0.541606
-0.396833
-0.216059
-0.009411
0.108964
0.245795
0.353379
0.433501
0.517118
0.842034
1.004636
1.216959
1.289981
1.481130
1.741732
1.853657
2.032363
2.128617
2.350118
2.494117
2.581093
2.767059
2.904033
3.352782
3.429376
3.685476
3.872496
3.967899
4.158113
4.455107
4.679692
4.766755
4.946438
5.084295
5.434800
5.661668
6.023037
6.248791
6.352541
6.738185
6.816487
7.272931
7.621242
7.926954
8.391633
8.708872
9.187472
9.405324
9.923224
10.301019
10.678801
10.907862
11.714171
12.175086
12.616359
12.928944
13.266543
13.691119
13.819550
14.380154
14.916062
15.652085
16.518508
18.282630
18.791038
20.668751
21.532442
23.239637
28.716010
