-59.740761
-53.446505
-49.449968
-44.616144
-42.479739
-39.482903
-37.711032
-34.237376
-31.712687
-28.978237
-26.994284
-25.003220
-24.249049
-22.166736
-21.521554
-20.613648
-19.714025
-18.053115
-16.700742
-15.504193
-14.810966
-13.942865
-13.577776
-13.110571
-12.473171
-11.747234
-11.238425
-10.549217
-9.931108
-9.584388
-9.218447
-8.537141
-7.585930
-7.365223
-6.424909
-6.028997
-5.719528
-5.406706
-5.047977
-4.708028
-4.347820
-3.957664
-3.654903
-3.300928
-3.124275
-2.817874
-2.587126
-2.496806
-2.332602
-2.111564
-1.903001
-1.666825
-1.333003
-1.234860
-0.989615
-0.693325
-0.348239
-0.005067
0.502409
0.923464
1.173912
1.263857
1.606836
1.990200
2.213479
2.568285
2.990631
3.368118
3.535054
3.759827
4.227426
4.351055
4.773797
5.273947
5.416196
5.643954
5.885696
6.106460
6.504540
7.038499
7.351727
7.580447
8.029391
8.457296
9.036042
9.276072
9.478611
9.692955
9.820888
10.121845
10.589908
11.036464
11.661548
12.192964
12.571422
13.036465
13.304616
13.691675
13.876817
14.352605
14.978733
