-150.231707
-141.879652
-136.910657
-134.283911
-132.266759
-130.167755
-128.585664
-125.681684
-120.781997
-119.365818
-117.778738
-117.005231
-116.122706
-115.576513
-113.231439
-111.455752
-110.314052
-108.875709
-107.272703
-106.444505
-104.792319
-104.027055
-103.007850
-102.273198
-100.830898
-100.382809
-99.320459
-99.007919
-98.488944
-98.353408
-98.134589
-98.026565
-97.763902
-97.505809
-97.056950
-96.689058
-96.476854
-96.229943
-95.909203
-95.448394
-95.141344
-94.979100
-94.873709
-94.505066
-94.391538
-93.877803
-93.721368
-93.289608
-93.014200
-92.886763
-92.725613
-92.560388
-92.303280
-92.161915
-91.973752
-91.821925
-91.792001
-91.694340
-91.565695
-91.430921
-91.281058
-90.981298
-90.798420
-90.639404
-90.519694
-90.376958
-90.277679
-90.110039
-89.888498
-89.624663
-89.216786
-88.953371
-88.814978
-88.606596
-88.141226
-87.978257
-87.768228
-87.579672
-87.220398
-87.145357
-86.830572
-86.626943
-86.415534
-85.982254
-85.701749
-85.458832
-85.288664
-84.970355
-84.512377
-83.963588
-83.675567
-83.290991
-83.016618
-82.712249
-82.321712
-81.564039
-81.145059
-80.519678
-79.136917
-78.500647
-75.914710
