-149.497995
-138.295144
-133.879870
-132.693770
-129.480321
-127.841336
-124.126220
-121.999037
-119.423421
-116.682087
-114.254176
-113.212100
-111.968648
-109.065966
-107.821777
-106.835456
-105.902964
-104.571026
-104.140268
-103.434195
-103.105919
-102.369199
-101.982755
-101.349025
-99.908664
-99.046092
-98.825939
-97.626294
-96.607369
-96.108552
-95.669290
-94.721981
-94.433961
-94.047606
-93.401243
-93.034256
-92.861427
-92.504491
-92.055875
-91.754654
-91.621181
-91.208731
-90.927486
-90.644506
-90.531841
-90.258082
-90.123163
-89.569489
-89.173473
-88.807802
-88.578250
-88.338226
-87.493596
-87.222600
-87.025121
-86.737983
-86.462271
-86.172032
-85.852271
-85.662384
-85.463867
-85.145750
-85.048334
-84.883864
-84.479061
-84.260471
-83.878564
-83.656144
-83.416423
-83.273243
-83.006621
-82.918158
-82.706858
-82.320398
-82.073787
-81.896300
-81.520337
-81.136941
-80.625240
-80.357874
-80.033946
-79.686030
-79.478837
-79.107214
-78.683266
-78.341754
-78.163739
-77.917418
-77.659318
-77.118885
-76.850251
-76.185197
-75.721976
-75.236468
-74.614050
-74.022755
-73.355580
-72.851494
-71.962247
-71.115232
-66.992286
