-138.245
-135.727
-134.966
-134.344
-133.889
-133.424
-133.062
-132.719
-132.336
-131.996
-131.626
-131.341
-131.062
-130.786
-130.494
-130.188
-129.877
-129.59
-129.365
-129.104
-128.851
-128.644
-128.415
-128.217
-127.994
-127.779
-127.553
-127.315
-127.101
-126.926
-126.729
-126.509
-126.295
-126.085
-125.861
-125.637
-125.442
-125.231
-125.034
-124.827
-124.639
-124.454
-124.226
-124.022
-123.827
-123.595
-123.368
-123.107
-122.87
-122.623
-122.318
-122.07
-121.827
-121.518
-121.176
-120.856
-120.589
-120.193
-119.921
-119.51
-119.083
-118.715
-118.329
-117.89
-117.441
-116.949
-116.378
-115.849
-115.354
-114.727
-114.085
-113.34
-112.495
-111.419
-110.263
-109.12
-107.807
-106.092
-104.978
-104.308
-103.838
-103.386
-102.939
-102.605
-102.148
-101.661
-101.127
-100.532
-99.9606
-99.2687
-98.6305
-97.871
-97.0084
-96.0578
-94.9414
-93.3251
-91.6985
-89.3683
-86.4045
-82.2444
-72.7659
