-109.642
-104.759
-103.317
-102.148
-101.318
-100.587
-100.105
-99.726
-99.3156
-98.9892
-98.6958
-98.4432
-98.216
-97.9804
-97.7378
-97.5209
-97.3228
-97.1282
-96.9545
-96.7652
-96.6019
-96.3834
-96.1951
-96.0428
-95.8652
-95.6989
-95.525
-95.3418
-95.174
-94.9889
-94.8375
-94.6634
-94.5182
-94.3284
-94.1719
-93.9827
-93.8124
-93.654
-93.4769
-93.3062
-93.1424
-92.9724
-92.7949
-92.5883
-92.4181
-92.2186
-92.0261
-91.8249
-91.6354
-91.4363
-91.2521
-91.0858
-90.8722
-90.7007
-90.5353
-90.3251
-90.1219
-89.9117
-89.7335
-89.5567
-89.3467
-89.1423
-88.8994
-88.698
-88.4989
-88.2937
-88.0545
-87.8207
-87.5939
-87.319
-87.0615
-86.7801
-86.4454
-86.0625
-85.6223
-85.2028
-84.5072
-83.2669
-80.6169
-76.0722
-73.5077
-72.1257
-70.3305
-69.2841
-68.4319
-67.8379
-67.4281
-67.1496
-66.8588
-66.6058
-66.3189
-66.0667
-65.8086
-65.5199
-65.2264
-64.9073
-64.5349
-64.068
-63.2516
-60.3033
-46.8425
