-112.657
-107.968
-105.607
-104.539
-103.79
-103.133
-102.459
-102.028
-101.42
-100.961
-100.56
-100.14
-99.6824
-99.2577
-98.7481
-98.3089
-97.9467
-97.5272
-97.2169
-96.8643
-96.5732
-96.3426
-96.1002
-95.9094
-95.7421
-95.5682
-95.391
-95.2475
-95.0907
-94.949
-94.8383
-94.6966
-94.5801
-94.462
-94.3505
-94.2355
-94.117
-94.0165
-93.9168
-93.8217
-93.7163
-93.6083
-93.5173
-93.4195
-93.326
-93.2229
-93.1384
-93.0511
-92.9589
-92.8719
-92.7802
-92.6963
-92.6124
-92.5341
-92.4499
-92.3523
-92.2647
-92.187
-92.1165
-92.0388
-91.9541
-91.8647
-91.7813
-91.709
-91.6394
-91.5613
-91.4784
-91.3958
-91.3133
-91.219
-91.147
-91.0697
-90.9992
-90.9242
-90.8482
-90.7606
-90.6908
-90.6029
-90.5153
-90.417
-90.3346
-90.2477
-90.1688
-90.0728
-89.9709
-89.876
-89.7629
-89.671
-89.5626
-89.4494
-89.3278
-89.203
-89.0779
-88.9521
-88.7813
-88.6298
-88.4275
-88.1893
-87.8277
-87.4074
-84.8844
