-108.504
-103.628
-101.971
-100.875
-99.9624
-99.3444
-98.8357
-98.379
-98.003
-97.6538
-97.3508
-97.0969
-96.8136
-96.5649
-96.3052
-96.0722
-95.8693
-95.6373
-95.4259
-95.176
-94.9329
-94.7442
-94.5447
-94.3599
-94.1515
-93.9665
-93.7441
-93.5533
-93.3219
-93.1118
-92.9311
-92.7265
-92.495
-92.3235
-92.1282
-91.9111
-91.6856
-91.4505
-91.2618
-91.059
-90.8425
-90.6644
-90.4585
-90.2766
-90.067
-89.8437
-89.6506
-89.4654
-89.2437
-89.0366
-88.8148
-88.564
-88.3467
-88.1443
-87.9196
-87.6941
-87.4862
-87.2409
-86.9882
-86.7158
-86.4656
-86.1725
-85.9149
-85.6355
-85.3381
-84.9558
-84.5232
-84.0527
-83.4615
-82.7724
-81.9801
-81.3314
-80.322
-79.2065
-78.0393
-76.4174
-74.8843
-73.3916
-72.2781
-70.9637
-69.6758
-68.6179
-67.7775
-67.1945
-66.7529
-66.4397
-66.1318
-65.837
-65.5516
-65.2685
-64.9445
-64.5784
-64.054
-63.4472
-62.6484
-61.4561
-59.7857
-57.4979
-54.6742
-50.0378
-30.545
