-111.918
-107.298
-105.214
-104.179
-103.45
-102.895
-102.242
-101.807
-101.23
-100.79
-100.405
-100.002
-99.5825
-99.1385
-98.6449
-98.239
-97.8707
-97.4473
-97.1528
-96.8066
-96.5067
-96.2827
-96.0557
-95.8521
-95.7015
-95.5166
-95.3374
-95.2019
-95.0523
-94.9071
-94.7928
-94.6573
-94.5432
-94.4145
-94.3157
-94.2028
-94.0889
-93.986
-93.881
-93.7914
-93.6872
-93.58
-93.4864
-93.3862
-93.2961
-93.2021
-93.1165
-93.0242
-92.9227
-92.8479
-92.7545
-92.668
-92.5904
-92.5089
-92.423
-92.3279
-92.2427
-92.1634
-92.091
-92.0228
-91.9365
-91.8446
-91.7641
-91.6873
-91.619
-91.542
-91.4603
-91.3799
-91.2924
-91.1995
-91.1293
-91.056
-90.9826
-90.9065
-90.8288
-90.7401
-90.6774
-90.5884
-90.4971
-90.4043
-90.3165
-90.2347
-90.151
-90.0573
-89.9543
-89.8602
-89.7492
-89.6582
-89.5518
-89.4364
-89.3176
-89.1954
-89.0653
-88.9434
-88.767
-88.6188
-88.4195
-88.1848
-87.8193
-87.3994
-84.8774
