-111.546
-105.731
-104.09
-103.32
-102.627
-102.085
-101.623
-101.13
-100.723
-100.304
-99.9578
-99.6073
-99.2225
-98.8065
-98.361
-97.9856
-97.5984
-97.2295
-96.9444
-96.6253
-96.3511
-96.1056
-95.8906
-95.7029
-95.5352
-95.3675
-95.2084
-95.0639
-94.9153
-94.7917
-94.6568
-94.529
-94.4237
-94.3034
-94.1974
-94.0949
-93.9884
-93.8803
-93.7869
-93.6816
-93.5864
-93.485
-93.3883
-93.2906
-93.1907
-93.1037
-93.0198
-92.9358
-92.8447
-92.7576
-92.686
-92.5905
-92.508
-92.4323
-92.3468
-92.2542
-92.1666
-92.0927
-92.0218
-91.9477
-91.8701
-91.7819
-91.7036
-91.6317
-91.5536
-91.4821
-91.3986
-91.323
-91.2337
-91.1477
-91.068
-91.0039
-90.9338
-90.8583
-90.7773
-90.6953
-90.6178
-90.5366
-90.442
-90.3594
-90.2688
-90.1913
-90.0942
-90.0093
-89.9112
-89.8091
-89.7118
-89.6145
-89.5086
-89.404
-89.2841
-89.159
-89.0263
-88.9076
-88.742
-88.589
-88.3943
-88.1551
-87.7841
-87.3742
-84.8553
