-113.864
-108.368
-105.804
-104.678
-103.924
-103.219
-102.555
-102.093
-101.509
-101.026
-100.645
-100.182
-99.7364
-99.2966
-98.7916
-98.3614
-97.9892
-97.5638
-97.2505
-96.8928
-96.6044
-96.3706
-96.1252
-95.9321
-95.769
-95.584
-95.414
-95.2684
-95.1151
-94.9728
-94.8538
-94.7145
-94.5974
-94.4835
-94.3654
-94.2526
-94.1341
-94.0332
-93.9296
-93.8344
-93.7297
-93.6245
-93.5287
-93.4373
-93.3381
-93.2417
-93.1508
-93.0641
-92.9724
-92.8838
-92.7935
-92.7097
-92.624
-92.5435
-92.4606
-92.3625
-92.275
-92.1973
-92.1254
-92.0493
-91.9617
-91.874
-91.7911
-91.7172
-91.6489
-91.5696
-91.4849
-91.4028
-91.3221
-91.229
-91.1532
-91.077
-91.0044
-90.9327
-90.8562
-90.7663
-90.6989
-90.6092
-90.5221
-90.4242
-90.3406
-90.2539
-90.1751
-90.0792
-89.9766
-89.8795
-89.7706
-89.6766
-89.5662
-89.456
-89.3329
-89.211
-89.0814
-88.9547
-88.7884
-88.6343
-88.4309
-88.1927
-87.8315
-87.411
-84.8876
