-113.539
-108.341
-105.79
-104.671
-103.916
-103.215
-102.536
-102.09
-101.502
-101.02
-100.641
-100.181
-99.7315
-99.2951
-98.786
-98.3597
-97.9883
-97.5607
-97.2472
-96.8905
-96.601
-96.3698
-96.1237
-95.9294
-95.7659
-95.5831
-95.4125
-95.2668
-95.1131
-94.9722
-94.8534
-94.7135
-94.5965
-94.4825
-94.3643
-94.2518
-94.1334
-94.0317
-93.9287
-93.8326
-93.7288
-93.6242
-93.5273
-93.4369
-93.3375
-93.2394
-93.1502
-93.0633
-92.9717
-92.8819
-92.7915
-92.7087
-92.6232
-92.5428
-92.4599
-92.3622
-92.2742
-92.1964
-92.1247
-92.0486
-91.9613
-91.8732
-91.7907
-91.7163
-91.6481
-91.5683
-91.4844
-91.4023
-91.3211
-91.2281
-91.1522
-91.0762
-91.0041
-90.9318
-90.8559
-90.7654
-90.6982
-90.6083
-90.5219
-90.4238
-90.3402
-90.2533
-90.1747
-90.0787
-89.976
-89.8792
-89.7693
-89.676
-89.566
-89.4556
-89.3321
-89.2108
-89.081
-88.9545
-88.7879
-88.6339
-88.4306
-88.1924
-87.8312
-87.4107
-84.8873
