-109.638
-104.686
-103.23
-102.126
-101.247
-100.549
-100.036
-99.6311
-99.2365
-98.8524
-98.588
-98.3471
-98.107
-97.8965
-97.6787
-97.4421
-97.2348
-97.0427
-96.8571
-96.6892
-96.5035
-96.3141
-96.1341
-95.9372
-95.7831
-95.5865
-95.4071
-95.2397
-95.0657
-94.8843
-94.7326
-94.5691
-94.3923
-94.1961
-94.0179
-93.8434
-93.6974
-93.5201
-93.3471
-93.1697
-93.013
-92.8308
-92.6491
-92.4554
-92.2469
-92.0697
-91.8507
-91.6665
-91.4863
-91.2877
-91.1259
-90.9033
-90.7316
-90.5626
-90.3494
-90.1546
-89.9483
-89.7585
-89.5686
-89.3578
-89.1653
-88.9657
-88.7358
-88.55
-88.3181
-88.0795
-87.8668
-87.6443
-87.365
-87.114
-86.8524
-86.5576
-86.2108
-85.8285
-85.4168
-84.8859
-84.2448
-82.6696
-80.0849
-75.9388
-73.4607
-72.0028
-70.2262
-69.1684
-68.3405
-67.7462
-67.3639
-67.0605
-66.7797
-66.4888
-66.2037
-65.9581
-65.7205
-65.447
-65.1239
-64.8408
-64.4478
-63.9534
-62.9838
-59.6832
-46.8424
