-109.642
-104.759
-103.312
-102.142
-101.278
-100.586
-100.095
-99.7071
-99.2995
-98.9584
-98.6613
-98.4327
-98.1991
-97.9635
-97.7288
-97.5137
-97.3152
-97.1146
-96.9405
-96.7533
-96.5844
-96.3787
-96.1813
-96.0255
-95.8516
-95.6888
-95.4815
-95.3192
-95.1446
-94.962
-94.8052
-94.6381
-94.4762
-94.2926
-94.132
-93.9504
-93.7867
-93.6303
-93.4506
-93.2712
-93.109
-92.9414
-92.7593
-92.5542
-92.3828
-92.1921
-91.9949
-91.7944
-91.608
-91.4126
-91.2313
-91.0465
-90.8556
-90.6807
-90.5126
-90.2922
-90.102
-89.8944
-89.704
-89.5307
-89.3162
-89.1097
-88.8805
-88.6735
-88.4627
-88.2413
-88.0134
-87.789
-87.567
-87.289
-87.046
-86.7504
-86.4183
-86.045
-85.5908
-85.1667
-84.451
-83.1554
-80.6168
-76.0722
-73.5029
-72.0412
-70.3245
-69.2694
-68.3967
-67.8171
-67.4142
-67.1233
-66.8264
-66.5801
-66.2957
-66.0485
-65.7862
-65.5092
-65.2169
-64.8992
-64.527
-64.0525
-63.2264
-60.3029
-46.8425
