-112.945
-108.284
-105.766
-104.64
-103.886
-103.19
-102.511
-102.075
-101.494
-101.003
-100.625
-100.173
-99.7283
-99.2884
-98.7714
-98.3467
-97.977
-97.5482
-97.2367
-96.8808
-96.5915
-96.364
-96.1189
-95.927
-95.7605
-95.5788
-95.4066
-95.262
-95.107
-94.9667
-94.8495
-94.7083
-94.5944
-94.4766
-94.3612
-94.2478
-94.1312
-94.0276
-93.9275
-93.829
-93.7274
-93.6188
-93.5246
-93.434
-93.3344
-93.2334
-93.1479
-93.0611
-92.9689
-92.8794
-92.7883
-92.7054
-92.6205
-92.5407
-92.4579
-92.3598
-92.2708
-92.1941
-92.1226
-92.0454
-91.9594
-91.8714
-91.7892
-91.7138
-91.6465
-91.567
-91.483
-91.4006
-91.3185
-91.2256
-91.1515
-91.0743
-91.0029
-90.9291
-90.854
-90.764
-90.6959
-90.6063
-90.5215
-90.4224
-90.3388
-90.2513
-90.1733
-90.0772
-89.9756
-89.8784
-89.7679
-89.6749
-89.5654
-89.4541
-89.3302
-89.2089
-89.0797
-88.9539
-88.7859
-88.6329
-88.4297
-88.1918
-87.8304
-87.4099
-84.8866
