-109.642
-104.759
-103.317
-102.148
-101.318
-100.587
-100.105
-99.7259
-99.3142
-98.9892
-98.6919
-98.4432
-98.216
-97.9743
-97.7378
-97.5196
-97.3186
-97.1261
-96.9545
-96.7651
-96.5998
-96.3834
-96.1951
-96.0382
-95.8649
-95.6984
-95.5207
-95.3414
-95.1668
-94.9877
-94.8325
-94.6632
-94.5142
-94.327
-94.1697
-93.977
-93.8121
-93.6508
-93.4761
-93.2978
-93.1419
-92.9664
-92.7949
-92.5869
-92.418
-92.2166
-92.0227
-91.8249
-91.6354
-91.4289
-91.2521
-91.0858
-90.8714
-90.6992
-90.5332
-90.3215
-90.1184
-89.91
-89.73
-89.5561
-89.3452
-89.1419
-88.8994
-88.6954
-88.4979
-88.2868
-88.0525
-87.818
-87.5939
-87.3131
-87.0595
-86.7801
-86.4454
-86.0596
-85.6181
-85.2027
-84.5072
-83.2657
-80.6169
-76.0722
-73.5076
-72.1256
-70.3252
-69.2841
-68.4319
-67.8362
-67.4274
-67.1404
-66.8553
-66.6058
-66.3188
-66.0667
-65.8086
-65.5199
-65.2244
-64.9073
-64.5349
-64.068
-63.2516
-60.3033
-46.8425
