-110.543
-103.846
-102.54
-101.763
-101.013
-100.569
-100.116
-99.7208
-99.3824
-99.0222
-98.7273
-98.3996
-98.0797
-97.7915
-97.5382
-97.2018
-96.878
-96.5846
-96.3137
-96.065
-95.8587
-95.6326
-95.4351
-95.2517
-95.088
-94.9492
-94.8092
-94.6854
-94.5577
-94.4074
-94.29
-94.176
-94.0617
-93.9641
-93.8623
-93.7565
-93.6783
-93.5774
-93.4636
-93.3677
-93.2747
-93.2101
-93.103
-93.0038
-92.9094
-92.8238
-92.732
-92.6557
-92.5778
-92.5102
-92.4184
-92.3453
-92.2746
-92.1921
-92.1076
-92.0268
-91.9412
-91.8726
-91.7954
-91.7344
-91.6448
-91.5753
-91.5011
-91.4376
-91.3649
-91.2921
-91.216
-91.1339
-91.0468
-90.9791
-90.9067
-90.8369
-90.7728
-90.6913
-90.6161
-90.5384
-90.4545
-90.3722
-90.2931
-90.2052
-90.1306
-90.0362
-89.9369
-89.8671
-89.77
-89.6741
-89.5784
-89.4811
-89.3784
-89.2764
-89.1762
-89.0434
-88.9197
-88.8043
-88.6397
-88.4822
-88.2989
-88.0563
-87.7192
-87.2844
-84.786
