-109.627
-104.517
-103.082
-102.013
-101.108
-100.462
-99.9579
-99.5426
-99.1682
-98.8015
-98.5186
-98.2714
-98.0129
-97.7649
-97.5345
-97.3405
-97.1445
-96.9598
-96.7661
-96.6062
-96.3973
-96.1973
-96.0448
-95.8647
-95.6991
-95.5214
-95.3215
-95.1388
-94.9539
-94.7988
-94.6372
-94.4663
-94.273
-94.1088
-93.9281
-93.7525
-93.5964
-93.4156
-93.2374
-93.0692
-92.8946
-92.718
-92.5174
-92.3409
-92.135
-91.9062
-91.7076
-91.5411
-91.336
-91.1628
-90.9656
-90.7721
-90.6127
-90.4141
-90.2122
-90.0064
-89.8092
-89.638
-89.4477
-89.2245
-89.0163
-88.8056
-88.63
-88.4022
-88.1502
-87.9571
-87.7303
-87.4796
-87.1832
-86.9718
-86.6411
-86.29
-85.9354
-85.5509
-85.165
-84.5081
-83.4507
-81.9004
-79.4927
-75.4359
-73.221
-71.6974
-70.1571
-69.0997
-68.2714
-67.6902
-67.2863
-66.9817
-66.7248
-66.4234
-66.1358
-65.8612
-65.6028
-65.3161
-65.0382
-64.709
-64.2945
-63.7718
-62.6134
-58.7638
-46.8421
