-109.642
-104.759
-103.317
-102.147
-101.318
-100.586
-100.104
-99.7217
-99.3142
-98.9852
-98.6871
-98.4426
-98.2155
-97.9739
-97.7378
-97.5196
-97.3175
-97.1212
-96.9504
-96.7633
-96.5996
-96.3807
-96.1929
-96.0322
-95.8618
-95.6965
-95.5084
-95.3339
-95.1601
-94.9792
-94.8218
-94.6582
-94.4988
-94.3204
-94.1613
-93.9713
-93.8017
-93.6465
-93.4685
-93.2904
-93.129
-92.9583
-92.7922
-92.5835
-92.4146
-92.2108
-92.014
-91.8128
-91.6275
-91.4287
-91.2495
-91.0822
-90.8711
-90.689
-90.5256
-90.3179
-90.114
-89.9042
-89.7153
-89.5504
-89.3368
-89.137
-88.8939
-88.695
-88.4879
-88.2691
-88.049
-87.8133
-87.5857
-87.3057
-87.0562
-86.7794
-86.4446
-86.0596
-85.6046
-85.2026
-84.4945
-83.238
-80.6169
-76.0722
-73.5076
-72.1254
-70.3247
-69.2787
-68.4319
-67.8362
-67.4222
-67.1345
-66.8523
-66.5997
-66.3127
-66.0644
-65.8034
-65.519
-65.2244
-64.9066
-64.5275
-64.068
-63.2516
-60.3032
-46.8425
