-101.139
-96.0308
-94.8072
-93.9014
-93.1699
-92.5528
-92.0967
-91.748
-91.4593
-91.2094
-90.9959
-90.8092
-90.6242
-90.4639
-90.307
-90.1583
-90.027
-89.9057
-89.7848
-89.654
-89.5339
-89.4381
-89.3456
-89.2448
-89.1419
-89.0283
-88.9443
-88.8593
-88.7604
-88.682
-88.607
-88.5298
-88.4651
-88.3716
-88.3033
-88.2332
-88.1474
-88.0815
-88.0258
-87.9578
-87.8851
-87.8201
-87.7522
-87.6854
-87.6217
-87.561
-87.5023
-87.4441
-87.3783
-87.3204
-87.2526
-87.194
-87.1345
-87.077
-87.0199
-86.9543
-86.8839
-86.8275
-86.7746
-86.7209
-86.6672
-86.6145
-86.5601
-86.5082
-86.4494
-86.3938
-86.3291
-86.2703
-86.212
-86.1541
-86.0878
-86.023
-85.9695
-85.9003
-85.8373
-85.7721
-85.701
-85.6366
-85.564
-85.4962
-85.4242
-85.3538
-85.2764
-85.1893
-85.1154
-85.0295
-84.9513
-84.8721
-84.7861
-84.6972
-84.5968
-84.4921
-84.3794
-84.2601
-84.1193
-83.9659
-83.8112
-83.5814
-83.2918
-82.8661
-81.0013
