-109.593
-104.39
-102.845
-101.811
-100.93
-100.312
-99.859
-99.4005
-99.0061
-98.6556
-98.4096
-98.1367
-97.9034
-97.6232
-97.406
-97.2005
-96.9999
-96.7854
-96.6253
-96.4028
-96.2107
-96.032
-95.8675
-95.7041
-95.5123
-95.3364
-95.1393
-94.9585
-94.7798
-94.6131
-94.4483
-94.2504
-94.1051
-93.9186
-93.7466
-93.5765
-93.427
-93.2194
-93.0569
-92.8573
-92.694
-92.5013
-92.3238
-92.1452
-91.9224
-91.709
-91.5293
-91.3384
-91.141
-90.9514
-90.7326
-90.5803
-90.3907
-90.1914
-89.9824
-89.7616
-89.588
-89.3779
-89.1655
-88.9416
-88.7419
-88.5667
-88.3391
-88.1142
-87.8983
-87.6988
-87.451
-87.1947
-86.9286
-86.6254
-86.3125
-85.9526
-85.5908
-85.2091
-84.6113
-83.8057
-82.333
-80.3633
-77.9281
-74.9281
-72.9285
-71.2352
-69.8483
-68.8735
-68.0797
-67.541
-67.1934
-66.857
-66.6054
-66.3325
-66.0542
-65.7639
-65.4891
-65.207
-64.8831
-64.5137
-64.0927
-63.4418
-61.8333
-58.0223
-45.5033
