-105.212
-99.3165
-98.0493
-97.0895
-96.169
-95.4377
-95.0087
-94.6336
-94.3026
-94.0282
-93.7783
-93.5915
-93.4068
-93.221
-93.0647
-92.9186
-92.8075
-92.6699
-92.538
-92.4265
-92.3093
-92.1928
-92.0984
-92.0042
-91.9003
-91.8051
-91.732
-91.6388
-91.538
-91.4474
-91.3717
-91.2799
-91.2093
-91.1456
-91.0718
-90.9998
-90.935
-90.8554
-90.7817
-90.716
-90.6609
-90.6099
-90.5491
-90.4842
-90.4241
-90.3658
-90.3026
-90.2362
-90.1757
-90.1132
-90.0524
-89.9967
-89.9367
-89.8835
-89.8207
-89.7665
-89.7144
-89.6563
-89.596
-89.5401
-89.4832
-89.4264
-89.3654
-89.3106
-89.2549
-89.1915
-89.1336
-89.0813
-89.0184
-88.9597
-88.9084
-88.8441
-88.7867
-88.7249
-88.6666
-88.6011
-88.546
-88.4759
-88.4206
-88.3531
-88.2944
-88.2297
-88.1623
-88.0874
-88.035
-87.9688
-87.902
-87.8264
-87.7428
-87.6689
-87.578
-87.4858
-87.3784
-87.2917
-87.1454
-87.0207
-86.8482
-86.6521
-86.3892
-85.9563
-83.9645
