-2.93208
-1.17042
-0.55713
-0.209124
0.0496059
0.296173
0.503279
0.738249
0.912765
1.08133
1.27057
1.45231
1.61363
1.75618
1.915
2.05912
2.20566
2.33673
2.47205
2.61257
2.74321
2.89111
3.04935
3.17472
3.31443
3.46698
3.59883
3.74591
3.90009
4.03376
4.19146
4.33714
4.46582
4.61941
4.75914
4.91921
5.06035
5.18891
5.30917
5.46937
5.60957
5.76575
5.90794
6.06784
6.21536
6.35684
6.5105
6.66678
6.82753
6.99197
7.16646
7.30804
7.47133
7.60741
7.75643
7.93847
8.08142
8.23575
8.42412
8.58465
8.7931
8.96367
9.15544
9.31999
9.4841
9.67622
9.85214
10.0657
10.269
10.4967
10.7099
10.8928
11.138
11.3352
11.549
11.7803
11.9727
12.2044
12.4349
12.6753
12.9556
13.233
13.5359
13.8474
14.19
14.5493
14.8894
15.2644
15.6725
16.065
16.4725
16.9036
17.3975
17.9179
18.4256
19.1565
20.1375
21.3681
22.7388
24.4063
29.2654
