-2.92781
-0.973648
-0.405005
-0.0681149
0.235586
0.48835
0.744187
0.956546
1.13828
1.35009
1.52667
1.68156
1.8533
2.00261
2.17588
2.32076
2.46458
2.61643
2.76411
2.91459
3.08651
3.21837
3.38239
3.53831
3.68348
3.82367
4.00436
4.15146
4.31579
4.46537
4.61052
4.76463
4.93932
5.09548
5.23718
5.36477
5.5421
5.6879
5.86308
6.02789
6.18804
6.31995
6.48507
6.64039
6.82891
6.98166
7.17881
7.31427
7.48062
7.62221
7.78
7.96205
8.15329
8.29308
8.45943
8.64267
8.83968
8.99314
9.19265
9.37444
9.54294
9.72575
9.9092
10.1139
10.3277
10.5747
10.7564
10.9608
11.1754
11.4052
11.6377
11.8584
12.0766
12.3318
12.5314
12.7906
13.0845
13.3395
13.6212
13.9535
14.2641
14.6059
14.929
15.3099
15.6862
16.1251
16.5434
16.9468
17.4619
17.9481
18.4432
19.0047
19.6877
20.3424
21.2009
22.0847
23.0155
24.2196
25.3016
26.6805
29.5109
