-27.6501
-22.3884
-21.055
-20.0689
-19.2813
-18.7514
-18.2671
-17.7553
-17.3577
-17.0542
-16.6331
-16.2728
-15.9016
-15.5947
-15.2722
-14.9668
-14.6682
-14.3949
-14.1024
-13.8279
-13.5322
-13.3027
-13.0197
-12.7476
-12.477
-12.221
-11.9684
-11.696
-11.402
-11.1477
-10.8989
-10.6816
-10.4311
-10.1647
-9.91941
-9.68617
-9.41827
-9.2455
-9.01702
-8.76865
-8.54924
-8.32593
-8.09334
-7.82523
-7.57861
-7.30807
-7.04181
-6.75734
-6.47457
-6.16598
-5.8527
-5.57839
-5.30692
-4.91729
-4.59311
-4.23854
-3.93242
-3.60254
-3.23652
-2.86869
-2.58749
-2.25852
-1.9009
-1.57228
-1.20218
-0.851287
-0.593612
-0.35513
-0.0853372
0.202063
0.431337
0.624612
0.838285
1.05731
1.30057
1.51996
1.70184
1.90639
2.11577
2.32302
2.47733
2.68151
2.91181
3.1386
3.34456
3.56084
3.79838
4.06358
4.31095
4.5826
4.87406
5.1621
5.56397
5.96799
6.57249
7.18308
8.06681
8.93997
10.0643
11.4017
16.3768
