-27.474
-22.242
-20.8911
-19.8783
-19.0804
-18.5414
-18.0081
-17.5048
-17.1197
-16.7476
-16.3339
-15.9995
-15.6288
-15.308
-14.9796
-14.6399
-14.3363
-14.0611
-13.7778
-13.4927
-13.2069
-12.9612
-12.7088
-12.4054
-12.118
-11.872
-11.6164
-11.2939
-11.0062
-10.7599
-10.5153
-10.267
-10.0058
-9.70413
-9.46972
-9.25135
-9.03859
-8.78224
-8.55867
-8.29884
-8.06525
-7.79794
-7.54688
-7.24642
-6.9728
-6.73782
-6.42743
-6.13659
-5.84008
-5.59501
-5.31254
-5.01523
-4.59525
-4.31362
-3.94324
-3.62895
-3.26483
-2.93312
-2.58927
-2.30796
-2.01173
-1.69576
-1.32888
-0.941182
-0.643567
-0.408403
-0.138507
0.128135
0.376886
0.605831
0.816526
1.06799
1.26167
1.48027
1.68833
1.88942
2.09129
2.32559
2.519
2.69794
2.90453
3.11967
3.34209
3.58161
3.81653
4.04611
4.30784
4.55252
4.80792
5.11683
5.48649
5.86776
6.28647
6.82178
7.38841
8.11574
9.15661
10.3593
11.4795
13.0924
16.7511
