-27.454
-22.2146
-20.8594
-19.8507
-19.0519
-18.5058
-17.9807
-17.4879
-17.0942
-16.723
-16.309
-15.9682
-15.593
-15.2738
-14.9396
-14.6055
-14.2958
-14.029
-13.7345
-13.4541
-13.174
-12.9248
-12.6644
-12.3629
-12.0895
-11.833
-11.5797
-11.2448
-10.97
-10.7194
-10.4742
-10.2316
-9.96278
-9.65851
-9.41393
-9.20966
-8.97148
-8.73539
-8.50991
-8.23582
-8.02107
-7.7489
-7.48225
-7.18298
-6.91296
-6.63482
-6.34628
-6.0626
-5.75647
-5.49092
-5.22614
-4.90345
-4.54232
-4.23368
-3.87657
-3.56734
-3.17509
-2.8305
-2.47769
-2.18345
-1.86786
-1.62116
-1.24056
-0.873287
-0.566328
-0.341734
-0.0757185
0.183947
0.446042
0.665949
0.874539
1.11117
1.30487
1.53138
1.74057
1.94909
2.15058
2.39655
2.56135
2.75283
2.98332
3.17871
3.41727
3.65606
3.8921
4.12896
4.37394
4.62297
4.89187
5.19363
5.56679
5.97646
6.38444
6.92338
7.51988
8.27787
9.37215
10.6154
11.7392
13.4126
17.1658
