-27.4603
-22.2264
-20.8661
-19.8552
-19.0646
-18.5185
-17.9834
-17.4919
-17.0992
-16.7302
-16.3212
-15.9828
-15.6063
-15.2854
-14.9487
-14.6133
-14.3068
-14.0352
-13.7436
-13.4585
-13.1825
-12.932
-12.6819
-12.3821
-12.0962
-11.8427
-11.5926
-11.2708
-10.978
-10.731
-10.4847
-10.2394
-9.96965
-9.66942
-9.43115
-9.21901
-8.99064
-8.74591
-8.52616
-8.25573
-8.04329
-7.76778
-7.49884
-7.20813
-6.92277
-6.66929
-6.36534
-6.09025
-5.78014
-5.53045
-5.25833
-4.92662
-4.56045
-4.25179
-3.89132
-3.58225
-3.20787
-2.86074
-2.52313
-2.2211
-1.93421
-1.64539
-1.26036
-0.892769
-0.585464
-0.363454
-0.0940491
0.161654
0.422607
0.646699
0.857777
1.09475
1.28927
1.50517
1.72042
1.93721
2.12982
2.37624
2.55215
2.73217
2.96747
3.1616
3.3848
3.63059
3.87683
4.09724
4.34853
4.59918
4.8748
5.16753
5.55295
5.93913
6.35618
6.88998
7.45966
8.22554
9.28789
10.5609
11.6741
13.2461
16.8311
