-27.5169
-22.2673
-20.9482
-19.9481
-19.1229
-18.5871
-18.0734
-17.574
-17.1931
-16.8242
-16.3996
-16.072
-15.7003
-15.3756
-15.0658
-14.7241
-14.4095
-14.1251
-13.8506
-13.5697
-13.2935
-13.0602
-12.7736
-12.4842
-12.1934
-11.9697
-11.7004
-11.4202
-11.1038
-10.8443
-10.6036
-10.3605
-10.1161
-9.82898
-9.60813
-9.38013
-9.1531
-8.89017
-8.66746
-8.40276
-8.18058
-7.92458
-7.68073
-7.40043
-7.14922
-6.88419
-6.57174
-6.31651
-6.06762
-5.74478
-5.45833
-5.1658
-4.77395
-4.46886
-4.13634
-3.78196
-3.45444
-3.11555
-2.78891
-2.49479
-2.16975
-1.8092
-1.47177
-1.1315
-0.8007
-0.513897
-0.274421
-0.0140243
0.241577
0.496083
0.725606
0.929729
1.14592
1.36541
1.5733
1.78777
1.97749
2.20372
2.41698
2.57886
2.77348
3.00068
3.22833
3.46817
3.70414
3.92609
4.1892
4.42019
4.68848
4.98045
5.30282
5.66725
6.08095
6.56557
7.16146
7.8496
8.78632
9.97716
11.1242
12.4996
16.6582
