-2.92824
-0.974073
-0.418283
-0.0809581
0.218146
0.485087
0.723194
0.945539
1.12843
1.32618
1.50246
1.66792
1.83838
1.99119
2.15799
2.31137
2.45613
2.60052
2.74311
2.88459
3.06525
3.20539
3.3556
3.51863
3.66455
3.80617
3.96849
4.12999
4.29313
4.44886
4.59113
4.74181
4.91583
5.07283
5.21462
5.34496
5.51854
5.67102
5.84049
6.0015
6.14596
6.2831
6.44383
6.59583
6.77669
6.94146
7.14328
7.28892
7.44581
7.58564
7.73277
7.91314
8.07916
8.24718
8.38643
8.58072
8.74533
8.90692
9.09537
9.25957
9.41891
9.59436
9.78436
9.97034
10.1715
10.3648
10.6031
10.7806
10.9846
11.2163
11.4184
11.6218
11.8403
12.0609
12.3032
12.4962
12.6975
12.9438
13.2138
13.4512
13.7965
14.0887
14.4312
14.7416
15.0264
15.4339
15.8529
16.2556
16.6873
17.1847
17.6571
18.1248
18.7105
19.3429
20.0266
20.9227
21.8488
22.8111
24.056
25.6867
29.3454
