-5.23372
-2.92006
-1.89891
-1.27792
-0.817645
-0.483254
-0.220263
0.0196649
0.256035
0.463475
0.672488
0.860881
1.03445
1.20198
1.38174
1.53983
1.6911
1.83353
1.9724
2.12156
2.27026
2.40323
2.53238
2.67545
2.80491
2.96038
3.09641
3.24566
3.4107
3.55066
3.68625
3.83695
4.00731
4.16205
4.30984
4.44428
4.56928
4.70006
4.86913
5.02646
5.16035
5.28306
5.44368
5.59524
5.7517
5.89916
6.05852
6.20418
6.33937
6.47057
6.64264
6.81973
6.97704
7.17117
7.31001
7.45639
7.61205
7.77938
7.93844
8.08768
8.26808
8.43682
8.62011
8.84093
9.00721
9.20387
9.38162
9.56505
9.747
9.95113
10.1567
10.401
10.5976
10.783
11.0528
11.2475
11.4584
11.6568
11.8505
12.0609
12.3084
12.5367
12.7873
13.0319
13.2723
13.5995
13.88
14.2086
14.5026
14.8937
15.2878
15.7759
16.2815
16.8796
17.5264
18.0672
19.0449
20.3321
21.8403
23.542
29.079
