-2.92916
-0.986829
-0.451533
-0.125396
0.205549
0.444429
0.693099
0.903618
1.08531
1.29641
1.47836
1.63473
1.7958
1.96749
2.13285
2.28938
2.40896
2.56444
2.7072
2.84489
3.02799
3.17122
3.31274
3.48235
3.62462
3.76462
3.9325
4.08974
4.24954
4.39264
4.52841
4.68637
4.86103
5.01065
5.14731
5.2676
5.39961
5.54481
5.69226
5.85202
6.01008
6.14297
6.27474
6.43048
6.56651
6.74674
6.89643
7.08737
7.23441
7.37085
7.52987
7.67428
7.80876
7.98583
8.16094
8.28665
8.44905
8.60009
8.80444
8.95596
9.14514
9.32237
9.49098
9.68446
9.84056
10.0465
10.2548
10.4651
10.6786
10.8642
11.0866
11.2767
11.5039
11.6999
11.919
12.1538
12.3946
12.5976
12.8601
13.1299
13.3711
13.7098
14.0217
14.331
14.688
15.0122
15.418
15.8577
16.3141
16.7296
17.2359
17.7494
18.2118
18.7839
19.4693
20.1574
21.021
22.0638
23.3982
25.1656
29.326
