-31.3647
-26.8776
-25.6446
-24.9029
-24.2233
-23.6986
-23.2636
-22.8429
-22.3899
-22.0195
-21.6021
-21.2784
-20.9424
-20.5919
-20.3083
-20.0078
-19.7191
-19.3757
-19.157
-18.9443
-18.7008
-18.4013
-18.1529
-17.9502
-17.676
-17.4421
-17.192
-16.9524
-16.7078
-16.438
-16.1861
-15.9619
-15.7653
-15.5552
-15.3061
-15.0793
-14.8267
-14.5915
-14.3707
-14.1403
-13.904
-13.6945
-13.4711
-13.2359
-12.9776
-12.7381
-12.4487
-12.2406
-11.943
-11.669
-11.3875
-11.1195
-10.8233
-10.5369
-10.2188
-9.9007
-9.58548
-9.23951
-8.91382
-8.56175
-8.1789
-7.78676
-7.3996
-6.99557
-6.60923
-6.17871
-5.82551
-5.46658
-5.15318
-4.86946
-4.61404
-4.36826
-4.15849
-3.97442
-3.77177
-3.56698
-3.36224
-3.18161
-3.0011
-2.81499
-2.63307
-2.46144
-2.27026
-2.10479
-1.90708
-1.72907
-1.55333
-1.33904
-1.14191
-0.933086
-0.695287
-0.436912
-0.169483
0.182896
0.513943
0.854122
1.34702
1.97123
2.73165
4.54862
11.1279
