-27.456
-22.2188
-20.8599
-19.8521
-19.0558
-18.5096
-17.9815
-17.4891
-17.0953
-16.7271
-16.3155
-15.9779
-15.597
-15.278
-14.9415
-14.6079
-14.2972
-14.0312
-13.7366
-13.4554
-13.1757
-12.9286
-12.6682
-12.3798
-12.0904
-11.8363
-11.5834
-11.2529
-10.9724
-10.7231
-10.4773
-10.2325
-9.96433
-9.66089
-9.41682
-9.21237
-8.97566
-8.73794
-8.51171
-8.24066
-8.029
-7.75499
-7.48995
-7.19332
-6.91536
-6.64484
-6.34987
-6.07204
-5.76795
-5.49321
-5.23397
-4.90851
-4.55003
-4.23814
-3.87953
-3.5707
-3.18721
-2.83988
-2.48847
-2.19231
-1.87682
-1.62885
-1.2451
-0.882523
-0.567841
-0.350643
-0.0871845
0.178143
0.444238
0.658336
0.867357
1.1024
1.30165
1.51647
1.73361
1.94663
2.14666
2.39121
2.55962
2.74917
2.97942
3.17013
3.40877
3.65374
3.88851
4.11837
4.36713
4.61715
4.88379
5.18292
5.56254
5.94639
6.37993
6.91101
7.50315
8.26502
9.34889
10.5978
11.7034
13.3609
16.9164
