-235.762461
-213.774972
-207.494364
-202.760786
-198.997257
-195.212201
-191.999224
-189.468789
-187.490013
-185.723822
-184.213089
-182.771459
-181.504300
-180.502438
-179.488591
-178.636422
-177.746608
-176.952094
-176.182695
-175.463187
-174.753056
-174.112547
-173.495849
-172.862326
-172.260049
-171.582566
-171.003903
-170.476560
-169.924043
-169.334110
-168.809225
-168.269405
-167.707366
-167.135477
-166.590136
-166.096134
-165.537152
-164.955949
-164.422723
-163.921724
-163.358905
-162.809209
-162.285066
-161.735821
-161.162056
-160.598268
-160.010362
-159.527030
-159.001057
-158.490656
-157.930002
-157.402941
-156.830796
-156.256564
-155.688378
-155.131903
-154.584360
-154.021588
-153.386440
-152.833410
-152.250796
-151.660768
-151.041330
-150.449592
-149.779285
-149.218547
-148.594731
-147.983856
-147.336640
-146.661553
-146.002921
-145.344030
-144.683756
-144.095741
-143.437738
-142.752504
-142.095134
-141.395057
-140.749009
-140.108200
-139.384405
-138.629180
-137.820632
-136.970476
-136.229532
-135.362332
-134.457125
-133.533845
-132.624534
-131.561176
-130.506919
-129.307746
-127.872872
-126.452006
-124.738410
-122.777258
-120.424975
-117.641014
-114.208363
-108.222886
-86.826260
