-143.996143
-132.295817
-130.088910
-128.718005
-126.934154
-125.585833
-125.195008
-124.235280
-123.623447
-122.860612
-122.666983
-122.104324
-121.625213
-121.100905
-120.463665
-120.028276
-119.872028
-119.519986
-119.256021
-119.071037
-118.759721
-118.390857
-118.195916
-118.000809
-117.848710
-117.484630
-117.298547
-117.087699
-116.849417
-116.645321
-116.495684
-116.279156
-116.170156
-115.975961
-115.794932
-115.566703
-115.379909
-115.251605
-115.047699
-114.711451
-114.535893
-114.312785
-114.221746
-114.044003
-113.753364
-113.627537
-113.358580
-113.208657
-112.993844
-112.827058
-112.737066
-112.584512
-112.383313
-112.264311
-112.048199
-111.918895
-111.847159
-111.750613
-111.551129
-111.391016
-111.143219
-110.912904
-110.723262
-110.631463
-110.326637
-110.201446
-110.096433
-109.981697
-109.790929
-109.566579
-109.412477
-109.314792
-109.123476
-108.900629
-108.777318
-108.616363
-108.524723
-108.274969
-108.151476
-107.850809
-107.716742
-107.277406
-107.059881
-106.879395
-106.490166
-106.339493
-105.878618
-105.642905
-105.239922
-104.997742
-104.606724
-104.406247
-104.090434
-103.751180
-103.037229
-102.451461
-101.923094
-100.820047
-99.767064
-98.293773
-96.711596
