-169.923511
-159.175178
-153.981267
-149.393235
-146.785809
-145.474939
-143.547760
-142.390571
-140.717483
-139.847218
-137.993479
-135.817122
-134.849294
-131.971488
-129.939284
-128.409723
-127.760605
-126.391333
-125.422378
-124.683927
-123.887967
-122.553913
-121.658142
-119.374807
-118.683295
-118.129198
-117.637927
-117.063450
-116.192593
-115.850552
-115.391416
-114.779010
-114.254992
-113.854726
-113.490101
-112.942769
-112.529108
-111.896440
-111.139965
-111.012926
-110.225367
-109.945188
-109.768896
-109.429430
-109.330196
-108.939110
-108.706136
-108.310447
-108.100575
-107.563419
-107.306661
-107.137840
-106.791537
-106.246951
-105.952214
-105.639110
-105.551373
-105.312679
-104.950554
-104.792548
-104.563201
-104.149887
-103.954959
-103.770954
-103.590203
-103.281773
-102.948288
-102.841077
-102.611591
-102.400204
-102.350458
-102.065548
-101.816535
-101.489501
-101.228828
-100.894627
-100.513426
-100.226468
-99.999871
-99.687067
-99.246426
-98.923470
-98.825241
-98.467938
-98.283124
-97.924998
-97.323966
-97.046325
-96.516014
-96.218220
-95.924820
-95.703320
-95.558081
-95.000000
-95.000000
-95.000000
-95.000000
-95.000000
-95.000000
-95.000000
-95.000000
