-234.983689
-212.598166
-206.750132
-201.594083
-197.452361
-194.116394
-191.265141
-188.752935
-186.653181
-184.795767
-183.354940
-181.957447
-180.753740
-179.762794
-178.766110
-177.804432
-176.987248
-176.203920
-175.434702
-174.717096
-173.981970
-173.329160
-172.686464
-172.091320
-171.463956
-170.865714
-170.304446
-169.736974
-169.177257
-168.590719
-168.042932
-167.548704
-166.984998
-166.480261
-165.941210
-165.447597
-164.932478
-164.405955
-163.840099
-163.305192
-162.737720
-162.251217
-161.746643
-161.196056
-160.666891
-160.127043
-159.586450
-159.006547
-158.485336
-157.910851
-157.399414
-156.781912
-156.257659
-155.637844
-155.049941
-154.436216
-153.859915
-153.254878
-152.701139
-152.099163
-151.474284
-150.874491
-150.287190
-149.677569
-149.076023
-148.457055
-147.883423
-147.282464
-146.580191
-145.991216
-145.339694
-144.718389
-144.034777
-143.355037
-142.738789
-142.049747
-141.358269
-140.715287
-140.092225
-139.417552
-138.697281
-137.982517
-137.210161
-136.401191
-135.624705
-134.776056
-133.865377
-132.938093
-131.971103
-131.006066
-129.878810
-128.689301
-127.374661
-125.907543
-124.186712
-122.300276
-120.235451
-117.337146
-113.520628
-108.055249
-86.442584
