-39.935026
-29.187213
-23.997604
-19.503480
-17.439334
-15.896079
-14.438587
-13.749557
-12.188810
-11.302937
-10.340275
-9.694997
-8.245559
-7.856042
-6.789624
-5.954598
-5.509570
-5.159159
-4.788811
-4.373419
-3.877759
-3.396178
-3.137225
-2.765613
-2.481606
-2.073761
-1.666515
-1.303821
-1.076661
-0.763556
-0.695885
-0.443507
-0.131114
0.051718
0.131577
0.354500
0.614940
0.729058
0.841613
1.160775
1.355024
1.473655
1.551388
1.598950
1.768407
1.929703
2.189489
2.363188
2.486785
2.594502
2.704976
2.917822
3.071849
3.215617
3.449921
3.875859
4.015876
4.304680
4.505657
4.625626
4.711639
5.007976
5.183928
5.294245
5.573980
5.823677
6.025240
6.372337
6.718425
6.922894
7.714987
7.966868
8.222545
8.464560
8.847591
9.175605
9.455393
9.708272
9.931138
10.184435
10.471522
10.902725
11.254899
11.839733
12.163427
12.672508
13.093170
13.852557
14.086457
14.427230
15.587412
16.514037
16.810046
17.537571
18.651963
19.402358
21.014820
21.514776
22.302977
23.556702
28.641445
