-63.738080
-51.922856
-46.223370
-42.512642
-38.583474
-37.485764
-35.880060
-34.144385
-32.721465
-31.514844
-30.259477
-29.493939
-27.314172
-25.731095
-23.914725
-22.422857
-20.838712
-20.223443
-18.593880
-17.640560
-17.077998
-15.907175
-14.184799
-13.154953
-12.210382
-11.329554
-10.542344
-9.581977
-8.928176
-8.679934
-8.134070
-7.539210
-7.237035
-6.458798
-6.168138
-5.804536
-5.371426
-4.689765
-3.996451
-3.764948
-3.299815
-3.054182
-2.608795
-2.317006
-1.930519
-1.489298
-1.283673
-1.047928
-0.765405
-0.269237
0.126441
0.310367
0.506861
0.788800
1.070613
1.265169
1.479881
1.632908
1.922892
2.273620
2.771819
3.271310
3.364594
3.738690
4.099518
4.352670
4.499305
4.635527
4.959451
5.242128
5.446196
5.766044
6.035832
6.167309
6.394793
6.742330
6.952517
7.187976
7.419087
7.683566
8.054408
8.245164
8.434602
8.868996
9.291968
9.641594
9.995989
10.343541
10.649364
10.817113
11.036730
11.234839
11.388032
11.810074
12.330711
12.924744
13.160591
13.541185
13.933599
14.377092
14.875967
