-149.923511
-139.175178
-133.981267
-129.393235
-126.785809
-125.474939
-123.547760
-122.390571
-120.717483
-119.847218
-117.993479
-115.817122
-114.849294
-111.971488
-109.939284
-108.409723
-107.760605
-106.391333
-105.422378
-104.683927
-103.887967
-102.553913
-101.658142
-99.374807
-98.683295
-98.129198
-97.637927
-97.063450
-96.192593
-95.850552
-95.391416
-94.779010
-94.254992
-93.854726
-93.490101
-92.942769
-92.529108
-91.896440
-91.139965
-91.012926
-90.225367
-89.945188
-89.768896
-89.429430
-89.330196
-88.939110
-88.706136
-88.310447
-88.100575
-87.563419
-87.306661
-87.137840
-86.791537
-86.246951
-85.952214
-85.639110
-85.551373
-85.312679
-84.950554
-84.792548
-84.563201
-84.149887
-83.954959
-83.770954
-83.590203
-83.281773
-82.948288
-82.841077
-82.611591
-82.400204
-82.350458
-82.065548
-81.816535
-81.489501
-81.228828
-80.894627
-80.513426
-80.226468
-79.999871
-79.687067
-79.246426
-78.923470
-78.825241
-78.467938
-78.283124
-77.924998
-77.323966
-77.046325
-76.516014
-76.218220
-75.924820
-75.703320
-75.558081
-74.604822
-74.224419
-73.555084
-72.916450
-71.725188
-70.190591
-68.043857
-61.303424
