-148.723941
-141.198966
-137.979878
-136.476748
-133.786204
-131.301289
-129.215555
-125.806641
-125.053320
-123.774131
-120.772063
-119.318438
-118.422262
-116.388557
-113.888984
-110.545697
-108.822990
-107.918529
-107.247332
-105.922093
-104.674875
-103.101154
-102.049229
-101.762369
-100.808750
-100.368745
-100.142550
-99.679375
-99.352897
-98.855717
-98.519149
-97.988124
-97.633366
-97.298066
-96.816835
-96.466644
-96.169128
-95.992031
-95.780185
-95.495817
-95.331579
-95.108162
-94.930415
-94.693691
-94.263731
-94.104561
-93.954464
-93.828888
-93.760428
-93.465243
-93.309672
-92.950573
-92.853321
-92.513056
-92.193723
-92.062498
-91.938448
-91.638838
-91.438278
-91.252179
-91.076152
-90.805654
-90.653369
-90.282771
-90.063757
-89.991141
-89.734457
-89.552468
-89.099566
-88.895249
-88.749487
-88.646815
-88.432520
-88.350270
-88.075873
-87.977751
-87.677757
-87.497876
-87.343991
-87.058517
-86.894490
-86.792301
-86.539028
-86.351326
-86.127272
-85.793343
-85.390308
-85.154778
-84.834172
-84.541051
-84.292991
-83.891871
-83.551069
-83.285054
-82.765320
-82.184910
-81.638122
-80.745251
-79.515408
-77.766741
-73.055323
