-137.978701
-127.372219
-124.681697
-122.688565
-119.106300
-116.312087
-114.009855
-110.604744
-108.638491
-107.840967
-103.423281
-101.731713
-100.926865
-98.755831
-96.161655
-95.067953
-94.140538
-92.670887
-92.099784
-91.308430
-90.233046
-89.107065
-87.988711
-87.501992
-87.106268
-86.865039
-86.476081
-85.901126
-85.186175
-84.779263
-84.470712
-84.079373
-83.540328
-82.933458
-82.559763
-82.064166
-81.526732
-80.988292
-80.651490
-80.420657
-80.305106
-80.057478
-79.728562
-79.430906
-79.155188
-78.760178
-78.557701
-78.197231
-77.938990
-77.800913
-77.045820
-76.928473
-76.728586
-76.559276
-76.120217
-75.892239
-75.443717
-75.005657
-74.804929
-74.490583
-74.235249
-73.888032
-73.623862
-73.353661
-73.036029
-72.833731
-72.594477
-72.329711
-72.110637
-71.676654
-71.447357
-71.238709
-70.980529
-70.807290
-70.669745
-70.355848
-70.279564
-70.087989
-69.738662
-69.434468
-69.121637
-68.754397
-68.493181
-68.152330
-67.567106
-67.143686
-66.829093
-66.446928
-66.111154
-65.594427
-65.092394
-64.535622
-64.245896
-64.012900
-63.830971
-63.425723
-62.451704
-61.711649
-60.929923
-60.017049
-54.606477
