-290.198574
-236.234317
-226.570549
-221.142229
-216.757024
-213.166491
-210.250187
-207.989488
-205.834744
-203.724563
-201.773584
-200.124494
-198.492397
-196.849631
-195.438947
-194.099821
-192.769597
-191.655301
-190.504823
-189.396716
-188.227795
-187.276184
-186.289609
-185.292395
-184.386766
-183.503709
-182.657138
-181.744733
-180.939407
-180.130740
-179.344294
-178.592896
-177.728721
-176.964366
-176.131284
-175.398759
-174.606693
-173.891350
-173.133026
-172.439994
-171.737557
-171.009123
-170.338280
-169.623394
-168.862896
-168.193001
-167.470461
-166.762585
-166.049476
-165.377980
-164.678890
-163.981528
-163.312941
-162.666226
-161.923357
-161.276327
-160.568497
-159.856572
-159.044056
-158.412604
-157.724424
-156.969241
-156.210302
-155.449138
-154.721597
-154.007243
-153.261880
-152.536226
-151.770144
-150.963700
-150.100528
-149.296586
-148.408503
-147.714501
-146.841419
-146.060025
-145.198684
-144.281826
-143.323489
-142.438404
-141.489665
-140.539053
-139.524898
-138.482066
-137.493769
-136.328236
-135.153899
-134.026484
-132.800496
-131.531030
-130.251075
-128.669958
-126.977909
-125.270287
-123.495146
-121.305425
-118.720099
-115.681716
-111.582343
-105.945181
-78.187270
