-323.688621
-237.806074
-228.403811
-222.165328
-218.184709
-214.531210
-211.619147
-209.133796
-206.820355
-204.968706
-203.139030
-201.348364
-199.779919
-198.343931
-196.994870
-195.552973
-194.206681
-193.045369
-191.796128
-190.756332
-189.696991
-188.661531
-187.640625
-186.647474
-185.664611
-184.809789
-183.896685
-182.928424
-182.139288
-181.284479
-180.490323
-179.755065
-178.932223
-178.121674
-177.326646
-176.583972
-175.819895
-174.942780
-174.156941
-173.463044
-172.754083
-172.063498
-171.326235
-170.580752
-169.868872
-169.149454
-168.486569
-167.729929
-166.999452
-166.296252
-165.573531
-164.822840
-164.174637
-163.507277
-162.785224
-162.112062
-161.414718
-160.673862
-159.967278
-159.304421
-158.548393
-157.853520
-157.123202
-156.395475
-155.702741
-154.983158
-154.248112
-153.397016
-152.593452
-151.915517
-151.178106
-150.331576
-149.511891
-148.674186
-147.799240
-146.975567
-146.157591
-145.223877
-144.235332
-143.127934
-142.102045
-141.086072
-140.134741
-139.075033
-138.037115
-136.776740
-135.684203
-134.474662
-133.137242
-131.805287
-130.354291
-128.785430
-127.192849
-125.482521
-123.388750
-121.179157
-118.609775
-115.359212
-110.783465
-104.533484
-74.906450
