-8.996210
1.155273
4.127070
5.739561
7.826577
9.468345
10.247757
11.034226
11.559979
12.490791
13.681012
14.917451
15.831966
16.186899
16.923139
17.533703
18.092505
18.558814
19.307711
19.668270
20.064704
20.398178
20.638841
20.871027
21.566334
21.883056
22.140782
22.408826
22.562936
22.823959
23.088581
23.290055
23.514974
23.954153
24.335075
25.121823
25.490374
25.639144
25.961375
26.138662
26.537815
26.651599
26.945503
27.154318
27.336991
27.562655
27.863250
28.169883
28.298134
28.376734
28.552419
28.808965
29.124665
29.406229
29.667247
29.928283
30.328890
30.533712
30.842997
30.980643
31.476808
31.921500
32.172373
32.345582
32.607909
32.885378
33.076158
33.315834
33.702961
33.877843
34.089255
34.277992
34.499880
34.926896
35.215680
35.456639
35.617100
36.153004
36.473575
36.947146
37.256557
37.574750
37.900284
38.164992
38.687842
39.401358
39.916623
40.569125
41.287197
42.180526
42.537052
42.826340
43.324000
44.264156
44.590344
45.113477
46.317290
46.972439
47.952392
49.890344
61.605745
