-108.363
-101.986
-100.506
-99.6004
-98.8865
-98.287
-97.838
-97.4311
-97.1049
-96.7642
-96.4458
-96.2345
-96.0097
-95.7595
-95.5406
-95.3452
-95.1601
-95.0006
-94.8376
-94.6733
-94.5148
-94.3724
-94.2312
-94.103
-93.9868
-93.8808
-93.7623
-93.6499
-93.5448
-93.4313
-93.3435
-93.2507
-93.1652
-93.0724
-92.9668
-92.884
-92.7929
-92.7144
-92.6257
-92.5404
-92.4671
-92.3805
-92.3132
-92.2223
-92.1382
-92.0638
-91.992
-91.9114
-91.8368
-91.7564
-91.6855
-91.615
-91.5474
-91.4863
-91.4273
-91.3559
-91.2877
-91.2224
-91.1601
-91.0918
-91.0306
-90.957
-90.8936
-90.8214
-90.7704
-90.7065
-90.6425
-90.5768
-90.5076
-90.4481
-90.3778
-90.3084
-90.2398
-90.1777
-90.1134
-90.0368
-89.966
-89.8851
-89.8172
-89.7382
-89.6653
-89.5934
-89.5011
-89.4157
-89.334
-89.2562
-89.171
-89.0665
-88.9628
-88.8835
-88.7696
-88.6778
-88.5795
-88.4635
-88.3105
-88.1566
-87.9587
-87.7388
-87.4593
-86.988
-84.574
