-109.489
-104.266
-102.672
-101.506
-100.637
-100.099
-99.615
-99.1896
-98.7764
-98.4579
-98.1778
-97.8936
-97.6551
-97.4062
-97.1944
-96.9714
-96.7422
-96.5704
-96.3582
-96.1502
-95.9871
-95.8225
-95.6507
-95.4338
-95.2207
-95.0339
-94.8411
-94.6608
-94.506
-94.31
-94.1146
-93.9315
-93.745
-93.5827
-93.4215
-93.2368
-93.0787
-92.8903
-92.6995
-92.5005
-92.3215
-92.1379
-91.9179
-91.7494
-91.5349
-91.3431
-91.1467
-90.9542
-90.7502
-90.5763
-90.4013
-90.2194
-90.0146
-89.8098
-89.6058
-89.4135
-89.2055
-88.9798
-88.734
-88.5747
-88.3578
-88.1357
-87.9089
-87.6707
-87.4494
-87.189
-86.924
-86.6314
-86.3212
-86.0202
-85.6759
-85.3384
-84.899
-84.3164
-83.6136
-82.2325
-80.5293
-78.5368
-75.7938
-73.6129
-72.3985
-70.7491
-69.5194
-68.4698
-67.7723
-67.2787
-66.9213
-66.6416
-66.3679
-66.0733
-65.7941
-65.5141
-65.2197
-64.9051
-64.5574
-64.126
-63.575
-62.6419
-60.5524
-56.2331
-40.5327
