-114.007
-108.375
-105.81
-104.684
-103.927
-103.22
-102.562
-102.094
-101.513
-101.028
-100.648
-100.182
-99.7391
-99.2987
-98.792
-98.3633
-97.9893
-97.5652
-97.2519
-96.8937
-96.6058
-96.3709
-96.1258
-95.9332
-95.7698
-95.5843
-95.4142
-95.2691
-95.1159
-94.973
-94.8539
-94.715
-94.5978
-94.4839
-94.3658
-94.2531
-94.1344
-94.0337
-93.9307
-93.8348
-93.7301
-93.6246
-93.5293
-93.4374
-93.3386
-93.2426
-93.151
-93.0642
-92.9726
-92.8846
-92.7944
-92.7102
-92.6244
-92.544
-92.4607
-92.3626
-92.2751
-92.1975
-92.1256
-92.0494
-91.962
-91.8743
-91.7913
-91.7173
-91.6492
-91.5702
-91.4853
-91.403
-91.3224
-91.2297
-91.1535
-91.0771
-91.0046
-90.933
-90.8565
-90.7666
-90.6992
-90.6096
-90.5221
-90.4244
-90.3408
-90.2539
-90.1751
-90.0794
-89.9771
-89.8796
-89.7711
-89.6769
-89.5663
-89.4562
-89.3333
-89.211
-89.0815
-88.9548
-88.7885
-88.6344
-88.4311
-88.1928
-87.8316
-87.4111
-84.8877
