-109.641
-104.759
-103.297
-102.132
-101.261
-100.569
-100.07
-99.6769
-99.2868
-98.9319
-98.6387
-98.4151
-98.1852
-97.9474
-97.7092
-97.4923
-97.2882
-97.0926
-96.9073
-96.7286
-96.5607
-96.3496
-96.1639
-95.9735
-95.8333
-95.6651
-95.4677
-95.2907
-95.1139
-94.9397
-94.7822
-94.6093
-94.447
-94.2542
-94.0957
-93.918
-93.7596
-93.5917
-93.4061
-93.2337
-93.0667
-92.8813
-92.7115
-92.5117
-92.3314
-92.142
-91.9269
-91.7369
-91.5585
-91.3478
-91.1728
-91.0036
-90.7982
-90.6355
-90.4436
-90.2421
-90.0464
-89.8425
-89.6684
-89.4877
-89.2615
-89.0459
-88.848
-88.6432
-88.4274
-88.1947
-87.9808
-87.7489
-87.5135
-87.227
-87.0084
-86.6836
-86.3558
-85.955
-85.5383
-85.0906
-84.3671
-83.0212
-80.4485
-76.0721
-73.5028
-72.0361
-70.3155
-69.2156
-68.3785
-67.7871
-67.389
-67.096
-66.8082
-66.5358
-66.2663
-66.0255
-65.7687
-65.4798
-65.1802
-64.8698
-64.4794
-64.028
-63.1371
-59.9046
-46.8425
