-113.972
-108.373
-105.809
-104.681
-103.926
-103.22
-102.561
-102.094
-101.512
-101.028
-100.647
-100.182
-99.7388
-99.2975
-98.7919
-98.3628
-97.9893
-97.565
-97.2516
-96.8935
-96.6055
-96.3708
-96.1257
-95.9329
-95.7696
-95.5842
-95.4141
-95.2689
-95.1157
-94.9729
-94.8539
-94.7149
-94.5977
-94.4838
-94.3657
-94.2529
-94.1344
-94.0336
-93.9304
-93.8347
-93.73
-93.6245
-93.5292
-93.4374
-93.3385
-93.2424
-93.1509
-93.0642
-92.9726
-92.8844
-92.7942
-92.7101
-92.6243
-92.5439
-92.4607
-92.3625
-92.2751
-92.1974
-92.1256
-92.0494
-91.9619
-91.8742
-91.7913
-91.7173
-91.6491
-91.5701
-91.4852
-91.403
-91.3224
-91.2295
-91.1533
-91.0771
-91.0045
-90.9329
-90.8564
-90.7666
-90.6991
-90.6095
-90.5221
-90.4243
-90.3408
-90.2539
-90.1751
-90.0794
-89.977
-89.8796
-89.771
-89.6768
-89.5663
-89.4562
-89.3332
-89.211
-89.0815
-88.9548
-88.7885
-88.6344
-88.431
-88.1927
-87.8316
-87.4111
-84.8876
