-109.642
-104.759
-103.317
-102.148
-101.318
-100.589
-100.105
-99.726
-99.3156
-98.9892
-98.6958
-98.4432
-98.216
-97.9804
-97.7378
-97.5247
-97.3248
-97.1282
-96.9545
-96.7663
-96.602
-96.3834
-96.1978
-96.0428
-95.8652
-95.6991
-95.5257
-95.343
-95.1743
-94.9914
-94.8375
-94.667
-94.5198
-94.3302
-94.1753
-93.9827
-93.815
-93.654
-93.477
-93.3086
-93.1424
-92.9725
-92.7956
-92.5883
-92.4183
-92.2208
-92.0266
-91.8249
-91.6363
-91.4363
-91.2521
-91.0858
-90.8747
-90.7057
-90.5356
-90.3264
-90.1219
-89.9201
-89.7341
-89.5574
-89.3472
-89.1423
-88.8994
-88.6997
-88.5009
-88.2976
-88.0545
-87.8208
-87.5939
-87.319
-87.0669
-86.7801
-86.4454
-86.0652
-85.6243
-85.2028
-84.5072
-83.2674
-80.6169
-76.0722
-73.5077
-72.1258
-70.3305
-69.2841
-68.4319
-67.8392
-67.4286
-67.1496
-66.8607
-66.6058
-66.3189
-66.0674
-65.8087
-65.5269
-65.2282
-64.9073
-64.5349
-64.0695
-63.2516
-60.3033
-46.8425
