-109.175
-104.028
-102.4
-101.251
-100.35
-99.7517
-99.2382
-98.8067
-98.4603
-98.1199
-97.835
-97.5602
-97.3407
-97.1139
-96.872
-96.6147
-96.3979
-96.1592
-95.9443
-95.7937
-95.6008
-95.3646
-95.1762
-94.9675
-94.7794
-94.5991
-94.4249
-94.2287
-94.0404
-93.819
-93.6239
-93.4469
-93.2717
-93.1018
-92.9366
-92.7524
-92.5262
-92.3444
-92.1303
-91.9299
-91.6887
-91.5138
-91.3164
-91.1453
-90.9498
-90.7622
-90.5665
-90.3798
-90.1863
-89.9613
-89.7392
-89.5431
-89.335
-89.1406
-88.9291
-88.7147
-88.513
-88.3206
-88.1033
-87.879
-87.6523
-87.3962
-87.1476
-86.8975
-86.6323
-86.359
-86.0921
-85.7812
-85.4853
-85.0746
-84.5717
-83.9659
-83.3005
-82.3527
-81.2012
-79.8313
-78.1561
-75.8131
-74.1639
-72.5526
-71.1562
-69.6727
-68.6592
-67.9217
-67.3749
-66.9737
-66.6569
-66.3361
-66.0498
-65.7793
-65.484
-65.1475
-64.8527
-64.408
-63.9547
-63.3199
-62.2889
-60.6221
-58.1666
-53.151
-35.5421
