-107.856
-102.909
-101.176
-100.047
-99.2883
-98.6257
-98.1691
-97.7175
-97.3378
-97.0216
-96.7009
-96.3756
-96.0653
-95.7971
-95.5027
-95.2776
-95.0428
-94.7556
-94.5339
-94.2942
-94.0508
-93.8468
-93.5941
-93.3833
-93.1357
-92.9067
-92.6968
-92.4963
-92.2782
-92.0603
-91.8197
-91.594
-91.3705
-91.1515
-90.9098
-90.6997
-90.4911
-90.2493
-90.053
-89.8631
-89.639
-89.4393
-89.1887
-88.9295
-88.6872
-88.4399
-88.2099
-88.0133
-87.7986
-87.5551
-87.3374
-87.1064
-86.8957
-86.6309
-86.3944
-86.1682
-85.9001
-85.6128
-85.3185
-84.9943
-84.6127
-84.1998
-83.7197
-83.2173
-82.6556
-82.0476
-81.4449
-80.7473
-79.9777
-79.1598
-78.272
-77.3778
-76.3218
-75.2719
-74.2578
-73.0934
-72.1905
-70.9995
-69.8742
-68.8485
-67.959
-67.2703
-66.7796
-66.4384
-66.0097
-65.6563
-65.3971
-65.1025
-64.8219
-64.395
-63.9315
-63.3286
-62.4534
-61.2881
-59.8839
-58.0003
-56.0334
-53.6312
-50.4851
-46.3499
-25.546
