-114.023
-108.376
-105.811
-104.685
-103.927
-103.22
-102.562
-102.094
-101.513
-101.029
-100.648
-100.182
-99.7393
-99.2993
-98.7921
-98.3635
-97.9893
-97.5653
-97.2521
-96.8938
-96.606
-96.3709
-96.1259
-95.9333
-95.7699
-95.5843
-95.4142
-95.2692
-95.116
-94.973
-94.854
-94.715
-94.5979
-94.4839
-94.3659
-94.2531
-94.1345
-94.0337
-93.9308
-93.8348
-93.7301
-93.6246
-93.5294
-93.4374
-93.3386
-93.2427
-93.151
-93.0643
-92.9727
-92.8846
-92.7945
-92.7102
-92.6244
-92.544
-92.4608
-92.3626
-92.2751
-92.1975
-92.1256
-92.0494
-91.962
-91.8743
-91.7913
-91.7173
-91.6492
-91.5703
-91.4853
-91.403
-91.3225
-91.2297
-91.1535
-91.0771
-91.0046
-90.9331
-90.8565
-90.7666
-90.6992
-90.6096
-90.5221
-90.4244
-90.3409
-90.254
-90.1751
-90.0794
-89.9772
-89.8796
-89.7711
-89.6769
-89.5663
-89.4562
-89.3334
-89.211
-89.0816
-88.9548
-88.7886
-88.6344
-88.4311
-88.1928
-87.8316
-87.4111
-84.8877
