-27.454
-22.2144
-20.8594
-19.8506
-19.0517
-18.5056
-17.9807
-17.4879
-17.0941
-16.7228
-16.3087
-15.9679
-15.5929
-15.2737
-14.9395
-14.6054
-14.2958
-14.0289
-13.7344
-13.4541
-13.1739
-12.9245
-12.6644
-12.3619
-12.0895
-11.833
-11.5795
-11.2447
-10.9699
-10.7193
-10.474
-10.2316
-9.96273
-9.65843
-9.41374
-9.20913
-8.97141
-8.73531
-8.50989
-8.23541
-8.021
-7.7487
-7.48155
-7.18219
-6.91288
-6.63406
-6.34593
-6.06253
-5.7561
-5.4909
-5.22604
-4.90334
-4.54223
-4.23243
-3.87651
-3.567
-3.17469
-2.83019
-2.47756
-2.18343
-1.86781
-1.62072
-1.24025
-0.873125
-0.566279
-0.341687
-0.0756227
0.184174
0.446096
0.666457
0.874609
1.11126
1.30498
1.53148
1.74069
1.94914
2.15063
2.39658
2.56141
2.75295
2.98345
3.17892
3.4173
3.65614
3.89216
4.12917
4.37405
4.62337
4.89206
5.19391
5.56695
5.97674
6.38473
6.92418
7.52034
8.27829
9.37242
10.619
11.7404
13.4139
17.1742
