-29.1033
-23.9521
-22.8241
-22.015
-21.396
-20.8793
-20.3261
-19.844
-19.5154
-19.1174
-18.8259
-18.4801
-18.1723
-17.8699
-17.5231
-17.1961
-16.9077
-16.6464
-16.3733
-16.1337
-15.8596
-15.6422
-15.3562
-15.0911
-14.8107
-14.5611
-14.3497
-14.1009
-13.8793
-13.6419
-13.4165
-13.2228
-12.9991
-12.7901
-12.5609
-12.2991
-12.0834
-11.8715
-11.6125
-11.3205
-11.1414
-10.8936
-10.6635
-10.4501
-10.2106
-9.96047
-9.67566
-9.42019
-9.16687
-8.90229
-8.60744
-8.34489
-8.06011
-7.75341
-7.44077
-7.04827
-6.76731
-6.45479
-6.1065
-5.75618
-5.38235
-5.00604
-4.66321
-4.23321
-3.79709
-3.31579
-2.93549
-2.57949
-2.26363
-1.98242
-1.71422
-1.53495
-1.30425
-1.08722
-0.917559
-0.75596
-0.589494
-0.417239
-0.233803
-0.0627073
0.107681
0.306486
0.489568
0.658302
0.858793
1.03653
1.2372
1.40827
1.59884
1.81113
2.04213
2.2794
2.59123
2.89446
3.23461
3.60783
4.05946
4.6901
5.49069
7.2871
13.9852
