-2.92781
-0.973646
-0.404901
-0.0681116
0.23559
0.488351
0.744188
0.956555
1.13836
1.3501
1.52668
1.68157
1.85408
2.00269
2.1762
2.32101
2.46461
2.61709
2.76412
2.91459
3.08652
3.21838
3.38239
3.53832
3.68348
3.82367
4.00436
4.15146
4.31582
4.46537
4.61059
4.76463
4.94066
5.09594
5.23771
5.37023
5.5421
5.68806
5.86308
6.02798
6.18805
6.31995
6.4851
6.6404
6.82892
6.98166
7.17883
7.31492
7.48113
7.62234
7.78001
7.96205
8.15345
8.29308
8.45953
8.64269
8.843
8.99447
9.19265
9.3761
9.54302
9.72583
9.90946
10.1139
10.328
10.5747
10.7566
10.9614
11.1755
11.4082
11.6377
11.8588
12.0768
12.3319
12.5318
12.7935
13.0858
13.3407
13.626
13.9564
14.2664
14.6137
14.9328
15.31
15.6947
16.1252
16.5542
16.9504
17.4744
17.971
18.4816
19.0315
19.6879
20.3745
21.2434
22.1052
23.0333
24.2542
25.4147
26.7856
29.5127
