-2.92781
-0.973647
-0.404926
-0.0681124
0.235589
0.488351
0.744188
0.956553
1.13834
1.3501
1.52668
1.68157
1.85389
2.00267
2.17612
2.32101
2.46461
2.61693
2.76412
2.91459
3.08651
3.21838
3.38239
3.53832
3.68348
3.82367
4.00436
4.15146
4.31581
4.46537
4.61057
4.76463
4.94034
5.09583
5.23758
5.36889
5.5421
5.68802
5.86308
6.02796
6.18804
6.31995
6.48509
6.64039
6.82892
6.98166
7.17882
7.31429
7.4809
7.6223
7.78001
7.96205
8.15342
8.29308
8.45951
8.64268
8.84066
8.99323
9.19265
9.37608
9.54295
9.72581
9.90929
10.1139
10.328
10.5747
10.7565
10.961
11.1755
11.4082
11.6377
11.8588
12.0767
12.3319
12.5317
12.792
13.0845
13.3407
13.6259
13.9547
14.2664
14.6136
14.9328
15.3099
15.6928
16.1252
16.5492
16.9476
17.4727
17.9709
18.4806
19.0312
19.6879
20.3742
21.2306
22.0953
23.0325
24.2541
25.3914
26.7518
29.5123
