-2.92782
-0.973652
-0.405255
-0.0681228
0.235579
0.488349
0.744184
0.956527
1.13807
1.35008
1.52447
1.67993
1.85213
2.00155
2.17513
2.32075
2.4645
2.61485
2.76405
2.91458
3.0863
3.21822
3.38103
3.53764
3.68303
3.82345
4.00435
4.15145
4.31569
4.46537
4.61035
4.76462
4.93705
5.09471
5.23667
5.3646
5.54108
5.68753
5.86308
6.02713
6.18801
6.31966
6.485
6.63931
6.82834
6.98149
7.17876
7.31421
7.48019
7.62192
7.77946
7.96204
8.15287
8.29235
8.45935
8.64264
8.83574
8.99111
9.19264
9.36757
9.53925
9.7249
9.90916
10.1138
10.327
10.5675
10.7551
10.9579
11.1751
11.402
11.6369
11.8582
12.0762
12.3262
12.5275
12.789
13.08
13.3357
13.6207
13.946
14.2535
14.603
14.9179
15.2956
15.6642
16.113
16.534
16.9415
17.4537
17.9412
18.4291
18.9282
19.6117
20.3082
21.0993
21.9932
22.9114
24.0562
25.0586
26.5598
29.5065
