-2.92781
-0.973646
-0.404889
-0.0681113
0.23559
0.488351
0.744188
0.956555
1.13837
1.3501
1.52668
1.68157
1.85417
2.00269
2.17623
2.32101
2.46462
2.61717
2.76412
2.91459
3.08652
3.21838
3.38239
3.53832
3.68348
3.82367
4.00436
4.15146
4.31583
4.46537
4.6106
4.76463
4.94081
5.096
5.23777
5.37085
5.5421
5.68807
5.86308
6.02799
6.18805
6.31995
6.48512
6.6404
6.82892
6.98166
7.17883
7.3153
7.48208
7.62235
7.78001
7.96205
8.15346
8.29308
8.45954
8.64269
8.84337
8.99447
9.19265
9.37611
9.54307
9.72584
9.90955
10.1139
10.3281
10.5747
10.7566
10.9614
11.1755
11.4083
11.6377
11.8588
12.0768
12.332
12.5318
12.7942
13.0873
13.3407
13.6261
13.9582
14.2664
14.6138
14.9353
15.31
15.6947
16.1252
16.5566
16.9639
17.4744
17.971
18.4844
19.0316
19.688
20.3746
21.2435
22.1052
23.0347
24.2763
25.4182
26.7918
29.5129
