-2.92785
-0.973663
-0.406047
-0.0686028
0.235555
0.488345
0.744174
0.956464
1.13741
1.35003
1.52087
1.67912
1.85206
2.00152
2.17267
2.31831
2.46424
2.61354
2.76257
2.9115
3.08486
3.21689
3.38035
3.5366
3.68237
3.82148
4.00298
4.15145
4.31181
4.46432
4.6098
4.76461
4.93681
5.09082
5.23289
5.35918
5.5405
5.68539
5.86271
6.02613
6.18333
6.31954
6.48225
6.63736
6.8254
6.97915
7.17795
7.31019
7.47742
7.6206
7.77789
7.96082
8.15157
8.29104
8.45849
8.63813
8.83389
8.98464
9.19223
9.36665
9.53589
9.7248
9.90699
10.1136
10.3168
10.547
10.7474
10.9417
11.1647
11.3983
11.6252
11.846
12.068
12.3162
12.5235
12.7814
13.0579
13.321
13.5997
13.915
14.2278
14.5504
14.8674
15.2513
15.6228
16.0602
16.4722
16.8972
17.3729
17.8331
18.2943
18.7855
19.4417
20.1539
20.9351
21.7693
22.594
23.5931
24.7941
26.2897
29.4927
