-10.2236
-7.32857
-5.70983
-4.51122
-3.46024
-2.55026
-1.77389
-1.33486
-0.911502
-0.583931
-0.323185
-0.103842
0.148774
0.361572
0.573007
0.767573
0.955983
1.12671
1.29479
1.45335
1.59047
1.72173
1.87737
2.01866
2.15727
2.28696
2.42878
2.56734
2.69698
2.8517
3.01864
3.15053
3.31609
3.46667
3.61517
3.76115
3.90229
4.06522
4.21814
4.3451
4.47859
4.61284
4.78168
4.96429
5.10228
5.22353
5.38239
5.53465
5.69543
5.85993
6.00271
6.13858
6.28851
6.45134
6.59759
6.81481
6.99362
7.15011
7.2795
7.44411
7.57623
7.74576
7.8981
8.07403
8.23309
8.39585
8.59085
8.79542
8.96293
9.1295
9.30661
9.48512
9.67869
9.89002
10.047
10.2394
10.4054
10.6063
10.8111
11.0155
11.1975
11.3846
11.6081
11.818
12.0473
12.3311
12.5941
12.8897
13.2415
13.7168
14.1872
14.5876
15.1337
15.7098
16.299
16.9494
17.8246
18.9381
20.5109
22.5354
28.8655
