-2.92794
-0.973701
-0.4092
-0.0784077
0.230939
0.485444
0.739896
0.952038
1.13553
1.3469
1.51406
1.67278
1.84933
2.00015
2.17041
2.31676
2.46317
2.61183
2.75956
2.90135
3.07684
3.21399
3.37688
3.53055
3.67805
3.82078
3.99189
4.1451
4.30834
4.45826
4.60809
4.76222
4.93558
5.08868
5.22805
5.35722
5.5325
5.68154
5.86024
6.02153
6.17661
6.31207
6.47488
6.61327
6.81315
6.97022
7.17182
7.3085
7.47315
7.61206
7.7668
7.94533
8.11957
8.27616
8.4468
8.62692
8.81548
8.97676
9.16781
9.36043
9.52118
9.70904
9.8842
10.0794
10.2908
10.5158
10.7213
10.9068
11.1422
11.3727
11.5895
11.8118
12.0363
12.2629
12.4952
12.7346
12.9954
13.259
13.5256
13.823
14.1148
14.4309
14.7713
15.0615
15.4181
15.8185
16.2202
16.654
17.099
17.563
18.0519
18.5164
19.0795
19.7962
20.3865
21.242
22.2014
23.2804
24.4555
26.0642
29.4494
