-15.2205
-12.1253
-10.5064
-9.08325
-7.8711
-6.75149
-5.7196
-4.76896
-3.92969
-3.20008
-2.5919
-2.02863
-1.59332
-1.17616
-0.85157
-0.591718
-0.376285
-0.156901
0.0589259
0.252818
0.483456
0.667861
0.854685
1.0195
1.19769
1.3628
1.49507
1.64578
1.78373
1.93357
2.06179
2.21115
2.36278
2.50334
2.65362
2.79657
2.92966
3.09212
3.23355
3.38821
3.54593
3.68026
3.82467
3.97393
4.10846
4.24543
4.37831
4.526
4.68782
4.84501
4.98669
5.13347
5.27108
5.41914
5.55795
5.70134
5.85548
5.98192
6.12672
6.27077
6.42581
6.56703
6.72516
6.87787
7.03275
7.16544
7.3005
7.44653
7.60405
7.75173
7.93659
8.08283
8.25331
8.42189
8.64018
8.82206
9.01939
9.2102
9.43907
9.63426
9.85521
10.0944
10.2966
10.5478
10.8161
11.0792
11.3621
11.6348
11.9826
12.3144
12.7432
13.2235
13.7354
14.2184
14.7399
15.4578
16.1489
17.3698
18.9568
21.6049
28.6726
