-27.4542
-22.2149
-20.8595
-19.8508
-19.0521
-18.506
-17.9807
-17.488
-17.0944
-16.7233
-16.3095
-15.9689
-15.5933
-15.2741
-14.94
-14.6057
-14.2959
-14.0291
-13.7346
-13.4542
-13.1742
-12.9256
-12.6645
-12.365
-12.0896
-11.833
-11.5799
-11.2452
-10.9702
-10.7196
-10.4746
-10.2316
-9.96289
-9.65868
-9.41438
-9.20996
-8.97161
-8.73557
-8.50995
-8.23672
-8.0219
-7.74933
-7.4828
-7.1847
-6.91313
-6.63602
-6.34703
-6.06276
-5.75727
-5.49097
-5.22823
-4.90351
-4.54252
-4.23638
-3.87671
-3.56765
-3.17919
-2.83116
-2.47796
-2.18351
-1.86796
-1.6221
-1.24125
-0.873638
-0.566435
-0.341835
-0.0759255
0.183562
0.445925
0.665644
0.874389
1.11096
1.30465
1.53115
1.7403
1.94897
2.15033
2.39648
2.56123
2.75257
2.98305
3.17826
3.4172
3.6559
3.89199
4.12848
4.37218
4.622
4.89148
5.19303
5.56644
5.97264
6.38382
6.92167
7.5189
8.27697
9.37158
10.6074
11.7367
13.4098
17.1477
