-27.454
-22.2145
-20.8594
-19.8506
-19.0518
-18.5057
-17.9807
-17.4879
-17.0942
-16.7229
-16.3088
-15.968
-15.5929
-15.2737
-14.9395
-14.6055
-14.2958
-14.029
-13.7344
-13.4541
-13.1739
-12.9246
-12.6644
-12.3622
-12.0895
-11.833
-11.5796
-11.2447
-10.97
-10.7193
-10.474
-10.2316
-9.96275
-9.65846
-9.41379
-9.2093
-8.97143
-8.73534
-8.50989
-8.23554
-8.02102
-7.74877
-7.48177
-7.18244
-6.9129
-6.6343
-6.34604
-6.06255
-5.75622
-5.49091
-5.22607
-4.9034
-4.54225
-4.23282
-3.87653
-3.56714
-3.17482
-2.83029
-2.4776
-2.18344
-1.86782
-1.62086
-1.24035
-0.873176
-0.566294
-0.341702
-0.075653
0.184133
0.446079
0.666139
0.874587
1.11123
1.30495
1.53145
1.74065
1.94912
2.15061
2.39657
2.56139
2.75291
2.98341
3.17885
3.41729
3.65611
3.89214
4.1291
4.37402
4.62327
4.892
5.19382
5.5669
5.97666
6.38464
6.92393
7.52019
8.27816
9.37233
10.618
11.7401
13.4135
17.1716
