-28.0461
-22.8158
-21.5052
-20.6338
-19.8979
-19.2588
-18.7855
-18.3731
-17.945
-17.611
-17.2888
-16.9198
-16.5444
-16.262
-15.9667
-15.6676
-15.3824
-15.0995
-14.8242
-14.5654
-14.2324
-13.9718
-13.7285
-13.452
-13.1936
-12.9381
-12.6884
-12.4268
-12.1727
-11.9292
-11.7221
-11.4855
-11.2703
-11.0267
-10.8265
-10.5433
-10.3365
-10.1095
-9.90312
-9.70189
-9.47885
-9.22645
-8.99
-8.74212
-8.50209
-8.18615
-7.93967
-7.68684
-7.40978
-7.13226
-6.80595
-6.51661
-6.24074
-5.9241
-5.62051
-5.25862
-4.89398
-4.55817
-4.2409
-3.92853
-3.59274
-3.26385
-2.89977
-2.50895
-2.06902
-1.73161
-1.30908
-1.01716
-0.769882
-0.478015
-0.254451
-0.0304772
0.201431
0.397419
0.590166
0.794042
1.03116
1.19287
1.38569
1.57236
1.74295
1.93495
2.10591
2.29387
2.47045
2.69805
2.94443
3.15867
3.38118
3.61037
3.9245
4.18903
4.50153
4.82585
5.30739
5.77052
6.35873
7.08833
8.0449
9.63898
15.5907
