-27.4546
-22.2158
-20.8596
-19.8511
-19.053
-18.5069
-17.9809
-17.4883
-17.0948
-16.7243
-16.3113
-15.9711
-15.5942
-15.275
-14.9405
-14.6062
-14.2962
-14.0296
-13.7351
-13.4545
-13.1747
-12.9257
-12.6646
-12.3716
-12.0899
-11.8333
-11.5808
-11.2462
-10.9707
-10.7201
-10.4751
-10.2317
-9.96324
-9.65921
-9.41512
-9.21025
-8.97245
-8.73614
-8.51009
-8.23796
-8.0242
-7.75069
-7.48452
-7.18929
-6.91366
-6.63951
-6.3479
-6.06325
-5.75979
-5.49111
-5.23043
-4.9052
-4.54316
-4.23729
-3.87716
-3.5689
-3.1831
-2.83326
-2.47883
-2.18369
-1.8726
-1.62506
-1.24342
-0.874746
-0.566773
-0.342154
-0.0763861
0.182875
0.445554
0.66117
0.871388
1.10773
1.30392
1.52969
1.73945
1.9478
2.14893
2.39352
2.56106
2.75061
2.98219
3.17634
3.41697
3.65538
3.89053
4.12605
4.37155
4.62155
4.88844
5.19113
5.56533
5.96055
6.38219
6.91759
7.51578
8.27409
9.36978
10.6048
11.7287
13.3984
17.091
