-165.907979
-155.509206
-148.756449
-148.030760
-146.034422
-144.002259
-142.552419
-141.293208
-140.027820
-138.242064
-136.732180
-135.119418
-133.497544
-130.959351
-129.608890
-128.351809
-127.409215
-125.205391
-124.264125
-122.994125
-121.920265
-120.516606
-119.562286
-118.598709
-117.886956
-116.787398
-115.561938
-114.694740
-113.630845
-112.780082
-112.004030
-111.508568
-110.875786
-110.465132
-110.204971
-109.559078
-109.320672
-108.994587
-108.730264
-108.135650
-107.603373
-107.475696
-107.230475
-107.021690
-106.794062
-106.572056
-106.160396
-105.905379
-105.601340
-105.227813
-104.976790
-104.548344
-104.240475
-104.095023
-103.555668
-103.371908
-103.147812
-102.959966
-102.709288
-102.532420
-102.211128
-101.982983
-101.663609
-101.418841
-101.157872
-100.999646
-100.848952
-100.607067
-100.459281
-100.320687
-100.201746
-100.105711
-99.868270
-99.683653
-99.460447
-99.264365
-99.060202
-98.926851
-98.649385
-98.570099
-98.373480
-98.197619
-97.811086
-97.622723
-97.263136
-96.779524
-96.673599
-96.301225
-96.076267
-95.687346
-95.171701
-94.789498
-94.372738
-93.999875
-93.755205
-92.582408
-92.098417
-90.881403
-90.073403
-88.285443
-83.657557
