-162.923511
-152.175178
-146.981267
-142.393235
-139.785809
-138.474939
-136.547760
-135.390571
-133.717483
-132.847218
-130.993479
-128.817122
-127.849294
-124.971488
-122.939284
-121.409723
-120.760605
-119.391333
-118.422378
-117.683927
-116.887967
-115.553913
-114.658142
-112.374807
-111.683295
-111.129198
-110.637927
-110.063450
-109.192593
-108.850552
-108.391416
-107.779010
-107.254992
-106.854726
-106.490101
-105.942769
-105.529108
-104.896440
-104.139965
-104.012926
-103.225367
-102.945188
-102.768896
-102.429430
-102.330196
-101.939110
-101.706136
-101.310447
-101.100575
-100.563419
-100.306661
-100.137840
-99.791537
-99.246951
-98.952214
-98.639110
-98.551373
-98.312679
-97.950554
-97.792548
-97.563201
-97.149887
-96.954959
-96.770954
-96.590203
-96.281773
-95.948288
-95.841077
-95.611591
-95.400204
-95.350458
-95.065548
-94.816535
-94.489501
-94.228828
-93.894627
-93.513426
-93.226468
-92.999871
-92.687067
-92.246426
-91.923470
-91.825241
-91.467938
-91.283124
-90.924998
-90.323966
-90.046325
-89.516014
-89.218220
-88.924820
-88.703320
-88.558081
-87.604822
-87.224419
-86.555084
-85.916450
-84.725188
-83.190591
-81.043857
-74.303424
