-138.851411
-128.103079
-122.909167
-118.321136
-115.713709
-114.402839
-112.475661
-111.318472
-109.645383
-108.775119
-106.921380
-104.745022
-103.777194
-100.899388
-98.867185
-97.337624
-96.688505
-95.319233
-94.350278
-93.611827
-92.815867
-91.481813
-90.586042
-88.302707
-87.611195
-87.057099
-86.565827
-85.991351
-85.120494
-84.778452
-84.319316
-83.706910
-83.182892
-82.782627
-82.418002
-81.870669
-81.457008
-80.824341
-80.067865
-79.940827
-79.153267
-78.873088
-78.696796
-78.357330
-78.258097
-77.867010
-77.634036
-77.238347
-77.028475
-76.491319
-76.234561
-76.065741
-75.719437
-75.174851
-74.880114
-74.567010
-74.479273
-74.240580
-73.878454
-73.720448
-73.491102
-73.077788
-72.882859
-72.698854
-72.518103
-72.209674
-71.876189
-71.768977
-71.539491
-71.328104
-71.278358
-70.993448
-70.744436
-70.417401
-70.156728
-69.822527
-69.441326
-69.154368
-68.927771
-68.614967
-68.174327
-67.851370
-67.753141
-67.395838
-67.211025
-66.852899
-66.251867
-65.974225
-65.443914
-65.146121
-64.852721
-64.631220
-64.485982
-63.532722
-63.152319
-62.482985
-61.844350
-60.653089
-59.118491
-56.971757
-50.231324
