-156.902911
-146.154578
-140.960667
-136.372635
-133.765209
-132.454339
-130.527160
-129.369971
-127.696883
-126.826618
-124.972879
-122.796522
-121.828694
-118.950888
-116.918684
-115.389123
-114.740005
-113.370733
-112.401778
-111.663327
-110.867367
-109.533313
-108.637542
-106.354207
-105.662695
-105.108599
-104.617327
-104.042850
-103.171993
-102.829952
-102.370816
-101.758410
-101.234392
-100.834126
-100.469502
-99.922169
-99.508508
-98.875840
-98.119365
-97.992326
-97.204767
-96.924588
-96.748296
-96.408830
-96.309596
-95.918510
-95.685536
-95.289847
-95.079975
-94.542819
-94.286061
-94.117240
-93.770937
-93.226351
-92.931614
-92.618510
-92.530773
-92.292080
-91.929954
-91.771948
-91.542601
-91.129287
-90.934359
-90.750354
-90.569603
-90.261173
-89.927688
-89.820477
-89.590991
-89.379604
-89.329858
-89.044948
-88.795935
-88.468901
-88.208228
-87.874027
-87.492826
-87.205868
-86.979271
-86.666467
-86.225826
-85.902870
-85.804641
-85.447338
-85.262524
-84.904399
-84.303367
-84.025725
-83.495414
-83.197620
-82.904221
-82.682720
-82.537481
-81.584222
-81.203819
-80.534484
-79.895850
-78.704589
-77.169991
-75.023257
-68.282824
