-329.320743
-237.985723
-229.044963
-223.956653
-219.739687
-216.085269
-213.312763
-210.482594
-208.047035
-205.943956
-204.246818
-202.436407
-200.792166
-199.228533
-197.810971
-196.435793
-195.139577
-193.945565
-192.843709
-191.816718
-190.717308
-189.725793
-188.746532
-187.806528
-186.827956
-185.948256
-185.105561
-184.264879
-183.460926
-182.555591
-181.782131
-180.889444
-180.071770
-179.267096
-178.403495
-177.641256
-176.875727
-176.068064
-175.327344
-174.571924
-173.878336
-173.169655
-172.460797
-171.718073
-170.984770
-170.274347
-169.596086
-168.884289
-168.133264
-167.357713
-166.696847
-165.980065
-165.236300
-164.469753
-163.781102
-163.008640
-162.293079
-161.595545
-160.881666
-160.193602
-159.537071
-158.807201
-158.106439
-157.399459
-156.620449
-155.799557
-155.015036
-154.284803
-153.478055
-152.731496
-152.030863
-151.310198
-150.476544
-149.624601
-148.797021
-147.909021
-147.053239
-146.194527
-145.276152
-144.338723
-143.444973
-142.494854
-141.441140
-140.425634
-139.486479
-138.485355
-137.304556
-136.048815
-134.664790
-133.353053
-131.924955
-130.492194
-129.157042
-127.311372
-125.322800
-123.146915
-120.723956
-117.548176
-113.545936
-107.596299
-85.677810
