-139.830811
-129.082479
-123.888567
-119.300536
-116.693109
-115.382239
-113.455061
-112.297872
-110.624783
-109.754519
-107.900780
-105.724422
-104.756594
-101.878789
-99.846585
-98.317024
-97.667905
-96.298633
-95.329678
-95.000000
-95.000000
-95.000000
-95.000000
-95.000000
-95.000000
-95.000000
-95.000000
-95.000000
-95.000000
-95.000000
-95.000000
-95.000000
-95.000000
-95.000000
-95.000000
-95.000000
-95.000000
-95.000000
-95.000000
-95.000000
-95.000000
-95.000000
-95.000000
-95.000000
-95.000000
-95.000000
-95.000000
-95.000000
-95.000000
-95.000000
-95.000000
-95.000000
-95.000000
-95.000000
-95.000000
-95.000000
-95.000000
-95.000000
-95.000000
-95.000000
-95.000000
-95.000000
-95.000000
-95.000000
-95.000000
-95.000000
-95.000000
-95.000000
-95.000000
-95.000000
-95.000000
-95.000000
-95.000000
-95.000000
-95.000000
-95.000000
-95.000000
-95.000000
-95.000000
-95.000000
-95.000000
-95.000000
-95.000000
-95.000000
-95.000000
-95.000000
-95.000000
-95.000000
-95.000000
-95.000000
-95.000000
-95.000000
-95.000000
-95.000000
-95.000000
-95.000000
-95.000000
-95.000000
-95.000000
-95.000000
-95.000000
