-166.078545
-153.396906
-150.042118
-147.314389
-145.864928
-143.734127
-142.780619
-141.613002
-140.960372
-139.759303
-139.426376
-139.142440
-138.231171
-137.878120
-137.224620
-136.471063
-136.252427
-135.787263
-135.363754
-134.887234
-134.666045
-134.329643
-133.915812
-133.392118
-133.053404
-132.813695
-132.427472
-132.204567
-131.865348
-131.740699
-131.619053
-131.208898
-131.082217
-130.835057
-130.464376
-130.301348
-130.106289
-129.928493
-129.804351
-129.586124
-129.310348
-129.102773
-128.966315
-128.790517
-128.586465
-128.440345
-128.117999
-127.973179
-127.618198
-127.367923
-127.112039
-126.857502
-126.620950
-126.494881
-126.345604
-126.132209
-126.002742
-125.714326
-125.668753
-125.550318
-125.416054
-125.164984
-124.849683
-124.612663
-124.323625
-123.883821
-123.646931
-123.355094
-123.065691
-122.752403
-122.528781
-122.176591
-122.085195
-121.764088
-121.292508
-121.098803
-120.796360
-120.434750
-120.017864
-119.789011
-119.336631
-118.866084
-118.392213
-117.819441
-117.049130
-116.544493
-116.086263
-115.325611
-114.953807
-114.327367
-113.445546
-113.148821
-112.741655
-111.966638
-110.984179
-109.917642
-108.871614
-106.699838
-105.646881
-103.287544
-91.719756
