-290.355113
-235.017370
-226.279625
-221.088920
-216.701684
-213.338652
-210.564800
-207.987380
-205.798840
-203.851913
-201.973670
-200.298572
-198.645478
-197.062896
-195.733458
-194.538988
-193.305785
-192.161497
-191.063815
-189.983683
-188.860879
-187.871922
-186.919322
-185.983876
-185.030770
-184.161404
-183.322039
-182.424308
-181.569094
-180.800790
-179.996389
-179.201743
-178.430352
-177.702215
-176.923311
-176.116344
-175.394867
-174.625875
-173.940089
-173.221305
-172.516263
-171.813794
-171.068304
-170.350823
-169.651064
-168.974436
-168.202007
-167.485043
-166.850721
-166.129749
-165.415433
-164.716713
-164.044022
-163.324924
-162.691584
-161.974070
-161.263691
-160.571027
-159.884381
-159.155619
-158.500264
-157.832305
-157.122046
-156.469115
-155.749581
-155.026815
-154.268655
-153.508871
-152.745353
-151.933038
-151.166489
-150.262792
-149.440846
-148.627690
-147.821305
-146.939432
-146.143587
-145.200155
-144.327960
-143.378369
-142.356347
-141.278336
-140.395094
-139.401453
-138.344433
-137.226953
-135.971030
-134.674719
-133.407938
-132.051506
-130.582071
-129.067991
-127.354750
-125.576392
-123.528769
-121.407234
-118.499847
-115.595632
-111.253582
-105.185421
-74.521541
