-132.830811
-122.082479
-116.888567
-112.300536
-109.693109
-108.382239
-106.455061
-105.297872
-103.624783
-102.754519
-100.900780
-98.724422
-97.756594
-94.878789
-92.846585
-91.317024
-90.667905
-89.298633
-88.329678
-87.591228
-86.795267
-85.461213
-84.565442
-82.282107
-81.590595
-81.036499
-80.545227
-79.970751
-79.099894
-78.757852
-78.298717
-77.686310
-77.162292
-76.762027
-76.397402
-75.850069
-75.436408
-74.803741
-74.047265
-73.920227
-73.132667
-72.852489
-72.676196
-72.336730
-72.237497
-71.846410
-71.613436
-71.217747
-71.007876
-70.470719
-70.213961
-70.045141
-69.698837
-69.154251
-68.859515
-68.546410
-68.458673
-68.219980
-67.857854
-67.699848
-67.470502
-67.057188
-66.862260
-66.678254
-66.497503
-66.189074
-65.855589
-65.748377
-65.518891
-65.307505
-65.257759
-64.972848
-64.723836
-64.396801
-64.136128
-63.801928
-63.420727
-63.133768
-62.907171
-62.594367
-62.153727
-61.830770
-61.732541
-61.375238
-61.190425
-60.832299
-60.231267
-59.953625
-59.423314
-59.125521
-58.832121
-58.610620
-58.465382
-57.512122
-57.131719
-56.462385
-55.823751
-54.632489
-53.097891
-50.951157
-44.210724
