-29.850759
-20.479918
-14.551694
-10.564253
-7.069340
-5.767839
-4.195905
-2.653938
-1.438546
-0.105626
1.096646
2.439415
4.430375
5.589489
7.743912
8.679887
9.204825
9.694060
10.437876
11.384475
11.870891
12.456658
12.815149
13.106102
13.227586
13.372283
13.605451
13.802756
14.046609
14.196325
14.313154
14.386408
14.444077
14.497621
14.545229
14.599837
14.629263
14.665680
14.679321
14.718362
14.734297
14.757133
14.777966
14.794905
14.807248
14.832480
14.842448
14.857601
14.863496
14.870643
14.874113
14.875228
14.882698
14.889155
14.893206
14.895474
14.899883
14.906925
14.912842
14.918623
14.922704
14.928932
14.931273
14.933046
14.935325
14.937714
14.942212
14.944816
14.945944
14.947625
14.949605
14.951717
14.954477
14.956369
14.959959
14.961190
14.962445
14.964430
14.966884
14.969056
14.971049
14.973510
14.974198
14.975561
14.976847
14.978286
14.979496
14.981100
14.981976
14.983168
14.984434
14.985081
14.985658
14.986463
14.987066
14.987867
14.988577
14.988930
14.989278
14.989548
14.989689
