-9.851765
0.899701
3.558273
5.898495
8.110440
9.626190
10.534060
11.292590
12.596213
12.932877
13.427043
14.151809
14.948271
15.572550
16.186097
16.502944
16.742342
17.285965
17.795558
18.225186
18.571562
18.910440
19.293380
19.701604
20.196094
20.324770
20.678060
21.263773
21.933508
22.217850
22.521217
22.868604
23.591225
24.151160
24.330747
25.088085
25.334258
25.718975
26.008461
26.244174
26.922225
27.319361
27.421740
28.145063
28.326264
28.577618
28.875649
29.247716
29.590822
29.770600
29.927031
30.174524
30.396414
30.724508
31.129131
31.297760
31.561025
31.747751
31.984274
32.255693
32.386322
32.691190
33.230309
33.538378
33.814886
33.950585
34.237522
34.640229
35.006432
35.255910
35.633782
35.874427
36.379353
36.898166
37.388925
37.720867
37.916014
38.180817
38.489153
38.835510
38.987929
39.670711
40.109703
40.695745
41.160087
41.558763
41.833745
42.193293
43.064546
44.173179
44.777715
45.335434
46.077106
47.197018
48.011960
48.769832
49.223498
50.259239
52.480250
55.709978
59.399574
