-150.892532
-139.712285
-137.601440
-133.145792
-129.171652
-127.076532
-125.569139
-123.294068
-122.121747
-120.984866
-117.523704
-115.133612
-112.970683
-110.800942
-108.584068
-106.735325
-105.682537
-104.663615
-103.490570
-102.155143
-101.528766
-100.605644
-99.910973
-99.347852
-99.128799
-98.388549
-98.238869
-97.976416
-97.481995
-97.167929
-96.521767
-96.181909
-95.610256
-95.229578
-94.965422
-94.497589
-94.223117
-93.717298
-93.350245
-93.082301
-92.820467
-92.538494
-92.421188
-92.198034
-91.821568
-91.613407
-91.280943
-90.869184
-90.630846
-90.542080
-90.252283
-90.030331
-89.810784
-89.659681
-89.521541
-89.349699
-89.184603
-89.122182
-88.645917
-88.384003
-88.145049
-87.958127
-87.303799
-86.895703
-86.772670
-86.549834
-86.322508
-86.210034
-85.948571
-85.625370
-85.263998
-84.987383
-84.735926
-84.358116
-84.092253
-83.450331
-83.114773
-82.678372
-82.120569
-81.917694
-81.680449
-81.367590
-81.078158
-80.309207
-79.296641
-78.812967
-78.234142
-77.243764
-76.758640
-76.111582
-75.753361
-75.490306
-74.922244
-74.052315
-73.200647
-72.306525
-71.206061
-68.280944
-67.170474
-65.741114
-61.520843
