-119.830811
-109.082479
-103.888567
-99.300536
-96.693109
-95.382239
-93.455061
-92.297872
-90.624783
-89.754519
-87.900780
-85.724422
-84.756594
-81.878789
-79.846585
-78.317024
-77.667905
-76.298633
-75.329678
-74.591228
-73.795267
-72.461213
-71.565442
-69.282107
-68.590595
-68.036499
-67.545227
-66.970751
-66.099894
-65.757852
-65.298717
-64.686310
-64.162292
-63.762027
-63.397402
-62.850069
-62.436408
-61.803741
-61.047265
-60.920227
-60.132667
-59.852489
-59.676196
-59.336730
-59.237497
-58.846410
-58.613436
-58.217747
-58.007876
-57.470719
-57.213961
-57.045141
-56.698837
-56.154251
-55.859515
-55.546410
-55.458673
-55.219980
-54.857854
-54.699848
-54.470502
-54.057188
-53.862260
-53.678254
-53.497503
-53.189074
-52.855589
-52.748377
-52.518891
-52.307505
-52.257759
-51.972848
-51.723836
-51.396801
-51.136128
-50.801928
-50.420727
-50.133768
-49.907171
-49.594367
-49.153727
-48.830770
-48.732541
-48.375238
-48.190425
-47.832299
-47.231267
-46.953625
-46.423314
-46.125521
-45.832121
-45.610620
-45.465382
-44.512122
-44.131719
-43.462385
-42.823751
-41.632489
-40.097891
-37.951157
-31.210724
