-20.789276
-12.829128
-11.683071
-10.096098
-9.072738
-8.224245
-7.726248
-7.448177
-6.464173
-6.263847
-6.130289
-5.732402
-5.362986
-4.977584
-4.591976
-3.966693
-3.790842
-3.548708
-3.264181
-3.040558
-2.843133
-2.287598
-2.058192
-1.833396
-1.545629
-1.040355
-0.813116
-0.563821
-0.139652
-0.013422
0.259221
0.422096
0.606546
0.774073
0.933239
1.236015
1.501266
1.698373
1.868453
2.098228
2.479969
2.703974
2.874265
3.233629
3.502113
3.604882
4.065298
4.250663
4.790735
5.122412
5.244446
5.502787
6.050302
6.251324
6.632577
7.113419
7.253094
7.385644
7.697221
7.888334
8.145144
8.931616
9.075452
9.854086
10.454108
10.883071
11.466108
11.783281
12.308855
12.903926
13.302310
13.806868
14.612057
15.083262
15.597479
16.279137
16.649728
17.379801
19.985416
20.557451
22.210382
22.695329
23.000000
23.000000
23.000000
23.000000
23.000000
23.000000
23.000000
23.000000
23.000000
23.000000
23.000000
23.000000
23.000000
23.000000
23.000000
23.000000
23.000000
23.000000
23.000000
