-144.27
-140.013
-138.447
-137.331
-136.425
-135.723
-135.023
-134.399
-133.898
-133.38
-132.844
-132.412
-131.935
-131.482
-131.051
-130.612
-130.206
-129.759
-129.362
-128.927
-128.526
-128.185
-127.791
-127.414
-127.02
-126.567
-126.161
-125.763
-125.348
-124.964
-124.581
-124.231
-123.834
-123.362
-123.015
-122.604
-122.204
-121.821
-121.375
-120.935
-120.495
-119.993
-119.61
-119.186
-118.714
-118.342
-117.851
-117.372
-116.862
-116.38
-115.832
-115.388
-114.848
-114.285
-113.775
-113.306
-112.834
-112.362
-111.908
-111.491
-111.099
-110.699
-110.399
-110.043
-109.692
-109.294
-108.916
-108.487
-108.057
-107.581
-107.055
-106.51
-106.043
-105.52
-104.873
-104.265
-103.668
-103.085
-102.493
-101.797
-101.158
-100.38
-99.3923
-98.3335
-97.5116
-96.6065
-95.464
-94.1733
-93.1183
-92.1404
-91.0103
-89.8499
-88.5553
-87.0568
-85.6654
-84.2206
-82.1041
-79.2691
-75.1035
-66.2582
-57.8156
