-122.025
-115.769
-114.19
-113.081
-112.249
-111.605
-110.954
-110.366
-109.808
-109.281
-108.871
-108.474
-108.097
-107.7
-107.335
-107.025
-106.678
-106.321
-105.999
-105.693
-105.385
-105.126
-104.807
-104.524
-104.223
-103.945
-103.677
-103.398
-103.126
-102.848
-102.582
-102.345
-102.044
-101.808
-101.532
-101.26
-101.029
-100.787
-100.496
-100.224
-99.9355
-99.6745
-99.4217
-99.1575
-98.8714
-98.5583
-98.2113
-97.9492
-97.6195
-97.3039
-96.9904
-96.668
-96.3836
-95.9846
-95.593
-95.2159
-94.7951
-94.3976
-94.0264
-93.6187
-93.1934
-92.7352
-92.2664
-91.841
-91.3611
-90.8291
-90.3203
-89.6981
-89.1038
-88.5608
-88.0749
-87.4359
-86.6172
-85.9205
-85.3328
-84.6246
-84.059
-83.4258
-82.83
-82.2852
-81.7223
-81.1083
-80.5326
-79.9545
-79.3222
-78.6949
-77.9514
-77.2168
-76.5713
-75.7446
-75.0455
-74.1365
-73.1638
-72.0096
-70.6751
-68.893
-67.0678
-64.7096
-61.8651
-57.4355
-43.1067
