-120.261
-113.398
-111.842
-110.902
-109.952
-109.234
-108.615
-108.125
-107.715
-107.337
-107.056
-106.745
-106.406
-106.157
-105.903
-105.664
-105.441
-105.217
-105.029
-104.838
-104.65
-104.487
-104.33
-104.178
-104.015
-103.879
-103.705
-103.567
-103.428
-103.307
-103.179
-103.054
-102.913
-102.77
-102.653
-102.526
-102.401
-102.275
-102.161
-102.038
-101.918
-101.816
-101.693
-101.577
-101.457
-101.339
-101.227
-101.104
-100.981
-100.875
-100.759
-100.646
-100.53
-100.417
-100.307
-100.187
-100.068
-99.9451
-99.8118
-99.687
-99.5789
-99.4507
-99.3512
-99.2244
-99.1067
-98.967
-98.8382
-98.7092
-98.5606
-98.4243
-98.3033
-98.1717
-98.0019
-97.8692
-97.7217
-97.5634
-97.4207
-97.255
-97.0836
-96.909
-96.7342
-96.5446
-96.3569
-96.1718
-95.9795
-95.8187
-95.6457
-95.4343
-95.2235
-95.0138
-94.7803
-94.5564
-94.3081
-94.0172
-93.727
-93.4381
-92.9942
-92.6525
-92.2512
-91.5964
-88.2997
