-120.157
-112.804
-111.396
-110.257
-109.417
-108.747
-108.124
-107.644
-107.178
-106.871
-106.5
-106.217
-105.951
-105.652
-105.456
-105.219
-104.997
-104.784
-104.595
-104.397
-104.231
-104.061
-103.889
-103.752
-103.605
-103.456
-103.313
-103.171
-103.068
-102.943
-102.779
-102.669
-102.554
-102.416
-102.275
-102.156
-102.044
-101.914
-101.806
-101.704
-101.583
-101.464
-101.351
-101.228
-101.116
-100.992
-100.888
-100.779
-100.665
-100.573
-100.48
-100.369
-100.262
-100.151
-100.033
-99.9215
-99.799
-99.6858
-99.5797
-99.4785
-99.3691
-99.2547
-99.1313
-99.0193
-98.8946
-98.7636
-98.6412
-98.5032
-98.3901
-98.2723
-98.1254
-97.9616
-97.8282
-97.7057
-97.5562
-97.4376
-97.2777
-97.1138
-96.9298
-96.7987
-96.6197
-96.418
-96.2435
-96.0687
-95.8868
-95.7108
-95.555
-95.3416
-95.1109
-94.9304
-94.6779
-94.4666
-94.207
-93.8956
-93.6331
-93.3043
-92.9067
-92.5859
-92.161
-91.5146
-88.0876
