-131.868
-120.48
-118.335
-117.006
-115.974
-114.973
-114.157
-113.454
-112.788
-112.202
-111.614
-111.091
-110.521
-110.056
-109.675
-109.34
-108.924
-108.546
-108.199
-107.842
-107.468
-107.134
-106.775
-106.387
-105.999
-105.675
-105.328
-105.002
-104.717
-104.404
-104.081
-103.766
-103.46
-103.18
-102.907
-102.638
-102.31
-101.999
-101.695
-101.425
-101.113
-100.778
-100.504
-100.225
-99.9451
-99.5879
-99.2886
-98.9348
-98.6106
-98.2968
-97.9546
-97.568
-97.2726
-96.9104
-96.546
-96.0704
-95.7053
-95.2803
-94.8207
-94.4349
-94.0215
-93.5843
-93.1541
-92.6718
-92.2974
-91.8515
-91.36
-90.8754
-90.3783
-89.8108
-89.3517
-88.7761
-88.2953
-87.8488
-87.1911
-86.5816
-86.0008
-85.4342
-84.9123
-84.3601
-83.7893
-83.2249
-82.6298
-82.0438
-81.3312
-80.5409
-79.9018
-79.14
-78.1734
-77.3134
-76.2531
-75.379
-74.3885
-73.0587
-71.6841
-69.9876
-67.9108
-65.5294
-62.1686
-57.6234
-43.1163
