-131.894
-120.485
-118.348
-117.01
-115.978
-114.974
-114.16
-113.454
-112.789
-112.207
-111.618
-111.092
-110.528
-110.057
-109.676
-109.343
-108.925
-108.552
-108.2
-107.843
-107.47
-107.134
-106.775
-106.387
-106
-105.676
-105.329
-105.003
-104.721
-104.406
-104.082
-103.766
-103.46
-103.182
-102.908
-102.639
-102.31
-102
-101.697
-101.425
-101.117
-100.782
-100.505
-100.226
-99.9459
-99.5881
-99.289
-98.9358
-98.6107
-98.297
-97.9548
-97.5681
-97.2733
-96.9198
-96.5461
-96.0705
-95.7057
-95.2804
-94.8208
-94.4362
-94.0265
-93.5869
-93.1543
-92.672
-92.2975
-91.8516
-91.3693
-90.8786
-90.3783
-89.811
-89.3534
-88.7762
-88.3022
-87.8489
-87.1941
-86.5845
-86.0075
-85.4377
-84.9142
-84.3615
-83.7894
-83.2283
-82.6339
-82.0447
-81.3319
-80.5417
-79.9023
-79.1406
-78.1738
-77.3134
-76.2533
-75.3793
-74.3887
-73.0587
-71.6842
-69.9876
-67.9118
-65.5295
-62.1686
-57.6234
-43.1163
