-119.842
-111.958
-110.462
-109.307
-108.533
-107.914
-107.408
-106.899
-106.549
-106.166
-105.831
-105.512
-105.248
-104.985
-104.772
-104.538
-104.314
-104.109
-103.936
-103.761
-103.603
-103.419
-103.278
-103.124
-102.999
-102.859
-102.702
-102.557
-102.441
-102.312
-102.166
-102.044
-101.923
-101.779
-101.655
-101.527
-101.392
-101.266
-101.164
-101.024
-100.894
-100.782
-100.677
-100.578
-100.458
-100.345
-100.239
-100.132
-100.005
-99.9012
-99.7834
-99.6693
-99.5707
-99.4547
-99.34
-99.2329
-99.1155
-99.0166
-98.8992
-98.7769
-98.6692
-98.5389
-98.4217
-98.3321
-98.2313
-98.1104
-97.9789
-97.8601
-97.7264
-97.607
-97.481
-97.3568
-97.2221
-97.0953
-96.9626
-96.8373
-96.696
-96.5692
-96.4086
-96.2588
-96.1353
-95.962
-95.8159
-95.6684
-95.5327
-95.3644
-95.1829
-95.0024
-94.8212
-94.608
-94.401
-94.2
-93.9025
-93.6583
-93.3377
-93.0246
-92.708
-92.387
-91.9375
-91.1754
-83.7948
