-131.543
-120.355
-118.171
-116.954
-115.87
-114.832
-114.086
-113.386
-112.714
-112.132
-111.549
-110.99
-110.466
-109.999
-109.645
-109.309
-108.877
-108.501
-108.14
-107.815
-107.426
-107.097
-106.746
-106.36
-105.976
-105.654
-105.297
-104.976
-104.704
-104.383
-104.063
-103.753
-103.443
-103.168
-102.895
-102.607
-102.274
-101.967
-101.678
-101.408
-101.105
-100.767
-100.483
-100.21
-99.9349
-99.5642
-99.2776
-98.9155
-98.5885
-98.2756
-97.9376
-97.5596
-97.2678
-96.9047
-96.531
-96.0579
-95.6812
-95.2762
-94.8159
-94.4165
-93.9913
-93.5312
-93.1215
-92.6565
-92.2806
-91.8271
-91.3402
-90.8527
-90.358
-89.7825
-89.295
-88.7532
-88.2678
-87.8261
-87.1333
-86.5479
-85.9647
-85.3941
-84.8441
-84.3271
-83.7565
-83.1566
-82.5772
-81.9746
-81.3191
-80.4948
-79.8763
-79.1026
-78.1478
-77.2744
-76.2519
-75.3412
-74.3606
-73.035
-71.6839
-69.9801
-67.8976
-65.5195
-62.1684
-57.6234
-43.1162
