-120.295
-113.846
-112.18
-111.264
-110.308
-109.644
-108.987
-108.483
-108.029
-107.652
-107.328
-107.041
-106.702
-106.404
-106.146
-105.9
-105.656
-105.428
-105.232
-105.046
-104.844
-104.675
-104.508
-104.356
-104.203
-104.029
-103.885
-103.725
-103.594
-103.457
-103.32
-103.18
-103.059
-102.902
-102.75
-102.651
-102.519
-102.387
-102.273
-102.166
-102.044
-101.925
-101.813
-101.685
-101.574
-101.452
-101.332
-101.209
-101.059
-100.95
-100.842
-100.72
-100.619
-100.505
-100.387
-100.268
-100.142
-100.027
-99.8961
-99.7663
-99.6426
-99.54
-99.4155
-99.2881
-99.1654
-99.0434
-98.897
-98.7738
-98.6341
-98.4811
-98.3702
-98.2393
-98.0726
-97.9226
-97.7843
-97.6181
-97.4775
-97.3117
-97.1397
-96.9482
-96.787
-96.5899
-96.3965
-96.2175
-96.0205
-95.8571
-95.6838
-95.4727
-95.2906
-95.0454
-94.8225
-94.5802
-94.336
-94.0437
-93.7434
-93.4647
-93.0202
-92.668
-92.2683
-91.6163
-88.2998
