-107.863
-104.4
-103.33
-102.676
-102.14
-101.714
-101.391
-101.028
-100.677
-100.282
-99.9544
-99.6991
-99.3698
-99.1121
-98.9187
-98.6003
-98.3334
-98.0783
-97.8317
-97.5604
-97.2519
-97.0528
-96.8352
-96.5995
-96.3775
-96.1645
-95.9483
-95.7374
-95.5115
-95.3306
-95.0881
-94.8815
-94.646
-94.445
-94.2325
-94.0432
-93.8124
-93.6154
-93.3865
-93.1699
-92.9622
-92.7313
-92.4933
-92.2777
-92.0746
-91.8749
-91.668
-91.452
-91.1819
-90.9562
-90.6861
-90.4388
-90.2276
-89.9267
-89.6872
-89.4045
-89.1296
-88.8382
-88.5064
-88.1695
-87.8383
-87.4696
-87.0968
-86.6786
-86.2041
-85.7338
-85.2663
-84.7208
-84.1967
-83.5168
-82.7964
-82.0797
-81.2861
-80.4775
-79.5029
-78.1854
-76.8881
-75.5021
-74.5075
-73.3325
-72.6052
-72.0757
-71.6249
-71.2637
-70.8189
-70.4087
-69.9783
-69.4056
-68.9037
-68.2763
-67.6312
-66.8674
-65.9481
-64.8128
-63.7743
-62.5717
-60.7122
-58.5546
-56.2282
-52.1206
-42.8218
