-120.306
-114.12
-112.488
-111.436
-110.535
-109.805
-109.177
-108.595
-108.137
-107.805
-107.432
-107.151
-106.805
-106.493
-106.25
-105.986
-105.749
-105.532
-105.317
-105.111
-104.926
-104.739
-104.577
-104.417
-104.257
-104.071
-103.933
-103.761
-103.635
-103.498
-103.36
-103.228
-103.09
-102.949
-102.796
-102.69
-102.556
-102.43
-102.315
-102.216
-102.091
-101.961
-101.852
-101.74
-101.618
-101.503
-101.375
-101.234
-101.099
-100.981
-100.877
-100.76
-100.643
-100.534
-100.415
-100.299
-100.167
-100.052
-99.9277
-99.7989
-99.6717
-99.5622
-99.4441
-99.3295
-99.1945
-99.07
-98.9287
-98.7903
-98.6561
-98.5046
-98.3912
-98.2547
-98.1017
-97.9383
-97.8079
-97.6352
-97.4943
-97.325
-97.146
-96.953
-96.7998
-96.6013
-96.4069
-96.2287
-96.0296
-95.8632
-95.6921
-95.4773
-95.294
-95.0578
-94.8334
-94.5913
-94.3526
-94.0474
-93.7491
-93.4731
-93.0222
-92.6717
-92.2713
-91.6389
-88.2998
