-120.31
-114.346
-112.608
-111.548
-110.629
-109.869
-109.253
-108.712
-108.231
-107.856
-107.485
-107.202
-106.862
-106.534
-106.276
-106.028
-105.787
-105.572
-105.36
-105.15
-104.956
-104.761
-104.605
-104.431
-104.282
-104.09
-103.943
-103.789
-103.658
-103.517
-103.382
-103.25
-103.104
-102.979
-102.816
-102.707
-102.578
-102.459
-102.34
-102.234
-102.117
-101.987
-101.873
-101.753
-101.634
-101.518
-101.385
-101.245
-101.124
-101
-100.895
-100.779
-100.659
-100.55
-100.429
-100.308
-100.182
-100.061
-99.9423
-99.803
-99.6762
-99.5765
-99.4522
-99.3385
-99.2047
-99.0819
-98.9366
-98.8009
-98.6593
-98.5054
-98.3979
-98.2601
-98.1081
-97.9446
-97.8134
-97.6423
-97.4996
-97.3375
-97.1511
-96.9567
-96.8001
-96.6057
-96.4076
-96.2317
-96.0308
-95.8676
-95.6937
-95.4778
-95.2966
-95.0589
-94.8425
-94.6011
-94.3569
-94.0482
-93.7529
-93.4745
-93.0248
-92.6719
-92.2728
-91.6394
-88.2998
