-126.153
-118.007
-116.25
-115.168
-114.15
-113.284
-112.589
-111.952
-111.339
-110.888
-110.251
-109.804
-109.369
-109.008
-108.608
-108.24
-107.857
-107.545
-107.196
-106.861
-106.515
-106.19
-105.854
-105.54
-105.24
-104.897
-104.612
-104.354
-104.088
-103.8
-103.481
-103.202
-102.938
-102.654
-102.374
-102.084
-101.791
-101.51
-101.252
-100.964
-100.634
-100.317
-100.089
-99.8118
-99.5291
-99.2071
-98.8656
-98.4893
-98.1868
-97.8609
-97.5537
-97.2039
-96.9038
-96.5472
-96.1081
-95.7193
-95.3073
-94.8828
-94.4665
-94.0538
-93.6525
-93.1652
-92.6775
-92.2732
-91.831
-91.3534
-90.9089
-90.34
-89.7779
-89.2149
-88.672
-88.1593
-87.5912
-86.9125
-86.2106
-85.6892
-85.1018
-84.5263
-84.0114
-83.434
-82.8624
-82.3088
-81.691
-81.0503
-80.3499
-79.8
-79.1009
-78.2956
-77.4769
-76.6188
-75.8121
-74.9511
-73.908
-72.5646
-71.3131
-69.5431
-67.6279
-65.2182
-62.0799
-57.622
-43.1132
