-131.906
-120.488
-118.354
-117.011
-115.983
-114.979
-114.161
-113.454
-112.793
-112.208
-111.619
-111.092
-110.529
-110.058
-109.676
-109.344
-108.925
-108.552
-108.201
-107.843
-107.471
-107.138
-106.776
-106.387
-106
-105.676
-105.33
-105.01
-104.721
-104.407
-104.082
-103.767
-103.46
-103.183
-102.908
-102.639
-102.31
-102.001
-101.697
-101.43
-101.118
-100.782
-100.505
-100.226
-99.9462
-99.5882
-99.2892
-98.9358
-98.6107
-98.2972
-97.9549
-97.5682
-97.2736
-96.92
-96.5461
-96.0705
-95.7058
-95.2804
-94.8208
-94.4368
-94.0312
-93.5869
-93.1544
-92.6734
-92.2977
-91.8516
-91.3693
-90.8786
-90.3784
-89.8121
-89.3535
-88.7769
-88.3065
-87.8489
-87.1955
-86.5859
-86.0085
-85.4385
-84.9151
-84.3621
-83.8022
-83.2305
-82.634
-82.0464
-81.3322
-80.5421
-79.9025
-79.141
-78.1739
-77.3134
-76.2579
-75.3808
-74.3888
-73.0587
-71.6842
-69.9876
-67.9122
-65.5295
-62.1686
-57.6234
-43.1163
