-129.181
-119.364
-117.321
-116.294
-115.209
-114.227
-113.502
-112.855
-112.173
-111.628
-111.106
-110.551
-110.048
-109.598
-109.243
-108.901
-108.529
-108.159
-107.786
-107.468
-107.109
-106.772
-106.42
-106.074
-105.766
-105.432
-105.051
-104.77
-104.5
-104.202
-103.899
-103.573
-103.269
-102.981
-102.706
-102.424
-102.128
-101.798
-101.521
-101.239
-100.93
-100.618
-100.347
-100.073
-99.8209
-99.4207
-99.1177
-98.7896
-98.4447
-98.1315
-97.7846
-97.4255
-97.1042
-96.7547
-96.3387
-95.9438
-95.5794
-95.14
-94.7025
-94.3092
-93.8707
-93.4015
-92.9449
-92.4997
-92.1379
-91.6486
-91.1717
-90.6262
-90.1169
-89.5999
-88.9868
-88.5455
-88.026
-87.5294
-86.7818
-86.1964
-85.6661
-85.1279
-84.5287
-84.0442
-83.4353
-82.7689
-82.1881
-81.6044
-80.9327
-80.2437
-79.5984
-78.8364
-77.9214
-77.0824
-76.136
-75.2207
-74.2258
-72.9369
-71.5624
-69.8642
-67.8241
-65.4197
-62.1081
-57.623
-43.1153
