-131.788
-120.452
-118.295
-116.995
-115.962
-114.939
-114.147
-113.439
-112.779
-112.168
-111.601
-111.067
-110.51
-110.043
-109.665
-109.332
-108.909
-108.537
-108.193
-107.829
-107.46
-107.13
-106.771
-106.386
-105.995
-105.671
-105.323
-104.999
-104.715
-104.395
-104.073
-103.764
-103.451
-103.177
-102.903
-102.625
-102.294
-101.995
-101.694
-101.418
-101.112
-100.772
-100.495
-100.221
-99.9436
-99.5852
-99.2854
-98.93
-98.6048
-98.2819
-97.9538
-97.5676
-97.2706
-96.9102
-96.538
-96.0703
-95.6993
-95.2799
-94.8169
-94.4307
-94.0075
-93.5727
-93.144
-92.669
-92.2965
-91.8512
-91.3554
-90.8722
-90.3731
-89.808
-89.3214
-88.7758
-88.2952
-87.8446
-87.1818
-86.5724
-85.998
-85.431
-84.9023
-84.3537
-83.7803
-83.2093
-82.6232
-82.0381
-81.3292
-80.5343
-79.8892
-79.1191
-78.1559
-77.3134
-76.2524
-75.365
-74.3678
-73.0525
-71.6841
-69.9874
-67.9076
-65.5272
-62.1685
-57.6234
-43.1162
