-117.341
-112.651
-111.131
-110.264
-109.563
-108.952
-108.355
-107.875
-107.488
-107.058
-106.692
-106.342
-105.976
-105.613
-105.249
-104.925
-104.625
-104.295
-104.067
-103.844
-103.544
-103.264
-102.994
-102.736
-102.477
-102.217
-101.977
-101.73
-101.477
-101.225
-101.015
-100.741
-100.497
-100.239
-100.001
-99.7923
-99.5493
-99.2905
-99.0493
-98.7886
-98.5534
-98.2682
-98.0034
-97.7076
-97.4953
-97.2184
-96.9718
-96.7169
-96.4172
-96.1195
-95.7903
-95.4446
-95.1037
-94.805
-94.4957
-94.1176
-93.7699
-93.3874
-93.0324
-92.6097
-92.2341
-91.8705
-91.3786
-90.9488
-90.4752
-90.009
-89.4814
-88.8498
-88.3072
-87.6954
-86.8533
-86.0592
-85.3334
-84.4814
-83.7892
-83.0741
-82.3028
-81.5214
-80.914
-80.2647
-79.6862
-79.1611
-78.5406
-77.9747
-77.3476
-76.7189
-76.152
-75.4781
-74.8821
-74.2427
-73.5389
-72.6908
-71.7187
-70.5916
-69.2605
-67.6496
-65.7301
-63.4028
-60.8041
-56.7552
-43.0859
