-6.13534
-2.00222
-0.466918
0.571954
1.33386
1.90717
2.49656
3.06189
3.52904
3.99115
4.32245
4.62108
4.9697
5.2877
5.59491
5.86777
6.1697
6.48075
6.77017
7.08168
7.35913
7.70287
8.01447
8.28562
8.55767
8.8277
9.08559
9.32228
9.55895
9.81132
10.0859
10.3588
10.6349
10.9157
11.1428
11.4318
11.6477
11.9288
12.1938
12.4468
12.6933
12.9495
13.1854
13.4536
13.7162
14.0202
14.2995
14.5735
14.8276
15.0393
15.2745
15.5381
15.794
16.0593
16.2652
16.5477
16.8618
17.142
17.44
17.7531
18.0155
18.3259
18.6631
18.9906
19.2683
19.5506
19.9085
20.1954
20.583
20.9219
21.3203
21.6788
22.1131
22.5539
22.95
23.3211
23.6736
24.1624
24.6155
25.0481
25.4741
25.889
26.4558
26.908
27.3561
27.8505
28.4585
28.9952
29.5821
30.2327
30.9474
31.7063
32.4688
33.4923
34.7758
36.3452
37.9039
39.6839
41.1186
42.6764
46.4051
