-6.11141
-1.96444
-0.438381
0.604663
1.38409
1.97305
2.54933
3.11373
3.60328
4.07059
4.3947
4.72419
5.05667
5.38635
5.67694
5.97354
6.27022
6.57701
6.90439
7.19155
7.50249
7.8303
8.13833
8.42126
8.72079
9.00113
9.23968
9.49944
9.74149
9.97158
10.2705
10.5873
10.8413
11.1134
11.371
11.6364
11.9162
12.2001
12.4656
12.7415
12.9613
13.2263
13.5161
13.7584
14.0374
14.3758
14.6403
14.9086
15.1919
15.4356
15.6792
15.9386
16.208
16.4574
16.7546
17.0713
17.4316
17.7525
18.073
18.3778
18.7294
19.0508
19.3302
19.675
20.0151
20.3419
20.7234
21.0935
21.5171
21.9495
22.3863
22.8126
23.22
23.6468
24.0445
24.4803
24.9465
25.3819
25.8718
26.3388
26.869
27.3239
27.7914
28.3363
28.9482
29.5464
30.1283
30.8477
31.5458
32.2711
33.1354
34.0268
34.9121
35.9976
37.3403
38.4112
39.7173
41.0053
42.4075
44.5349
48.9327
