-6.11149
-1.96456
-0.438541
0.604575
1.384
1.97288
2.54915
3.11365
3.60292
4.07048
4.39469
4.72319
5.05632
5.38579
5.67688
5.97342
6.27009
6.57676
6.9042
7.19143
7.50234
7.83002
8.138
8.42041
8.72062
9.00096
9.23824
9.4986
9.74095
9.97125
10.2701
10.5857
10.8403
11.1134
11.3709
11.6353
11.9128
12.2001
12.4655
12.7393
12.9595
13.2257
13.5158
13.7555
14.0364
14.375
14.6379
14.9082
15.1918
15.435
15.6789
15.9381
16.2042
16.4565
16.7539
17.0685
17.4316
17.752
18.0687
18.3766
18.724
19.049
19.3234
19.6731
20.0129
20.34
20.7217
21.0923
21.5148
21.9494
22.3736
22.8071
23.2156
23.6417
24.0406
24.4777
24.9403
25.3755
25.8697
26.3258
26.8513
27.3181
27.7857
28.3327
28.9376
29.5458
30.1277
30.8416
31.5303
32.2572
33.1329
34.0025
34.9073
35.9711
37.3077
38.3367
39.7019
40.9818
42.4025
44.5295
48.9218
