-34.3851
-21.0548
-19.1152
-17.8077
-16.8331
-15.6773
-14.9713
-14.3212
-13.7377
-13.0633
-12.4983
-11.8734
-11.3639
-10.8652
-10.3919
-9.99213
-9.53868
-9.03836
-8.5538
-8.10235
-7.64988
-7.24595
-6.77427
-6.37403
-5.955
-5.51761
-5.13084
-4.70183
-4.24178
-3.86787
-3.46557
-3.09957
-2.68076
-2.26009
-1.95117
-1.54134
-1.09888
-0.717032
-0.33328
0.0941654
0.44009
0.810207
1.2232
1.53152
1.89549
2.18254
2.45553
2.74206
3.01861
3.27041
3.50336
3.70123
3.99095
4.22937
4.46086
4.71841
4.96696
5.19873
5.4314
5.63522
5.8647
6.08004
6.29154
6.52604
6.72727
6.9335
7.14013
7.31711
7.5375
7.75323
7.96233
8.1836
8.3716
8.59049
8.77056
8.93948
9.1336
9.32709
9.5257
9.72252
9.90376
10.1586
10.3633
10.5349
10.7829
10.9999
11.2454
11.4586
11.6833
11.9029
12.1033
12.3497
12.5938
12.8759
13.1733
13.5186
13.9288
14.3873
14.896
15.6972
17.6882
