-27.2658
-19.5003
-17.3734
-15.764
-14.8402
-14.0225
-13.2161
-12.5883
-11.9434
-11.283
-10.6615
-10.1461
-9.5926
-9.13506
-8.60783
-8.21151
-7.73776
-7.29127
-6.83557
-6.41254
-6.01508
-5.52191
-5.08983
-4.74654
-4.337
-3.88695
-3.4752
-3.0969
-2.72743
-2.32581
-1.86447
-1.45085
-1.048
-0.692546
-0.312436
0.0503783
0.490075
0.942538
1.34464
1.72329
2.068
2.43572
2.75001
3.10512
3.45376
3.71943
4.01107
4.33319
4.5761
4.86916
5.16853
5.43065
5.68273
5.94282
6.1465
6.40345
6.64673
6.85512
7.11504
7.38537
7.57641
7.82875
8.07398
8.32312
8.49556
8.74279
8.93566
9.15096
9.38232
9.57908
9.75942
9.93482
10.1103
10.3204
10.5372
10.7083
10.9071
11.0895
11.3003
11.4966
11.6754
11.8683
12.0441
12.223
12.3835
12.6107
12.7852
12.9837
13.18
13.4181
13.6503
13.8977
14.1984
14.4474
14.7345
15.0615
15.3869
15.7935
16.2544
16.8163
17.7568
