-27.2658
-19.5003
-17.3734
-15.764
-14.8402
-14.0225
-13.2161
-12.5883
-11.9433
-11.283
-10.6615
-10.1461
-9.59218
-9.135
-8.60775
-8.2115
-7.73775
-7.29123
-6.8355
-6.41246
-6.01507
-5.5219
-5.08982
-4.74497
-4.33665
-3.88694
-3.47519
-3.09673
-2.72742
-2.32581
-1.86424
-1.45083
-1.04796
-0.692539
-0.312433
0.0503875
0.490077
0.942552
1.34483
1.72329
2.06801
2.43572
2.75002
3.10636
3.45377
3.71943
4.01112
4.3332
4.57612
4.86921
5.16856
5.43068
5.6828
5.94283
6.14652
6.40347
6.64674
6.85516
7.11555
7.38538
7.57643
7.82875
8.07398
8.32313
8.49561
8.74281
8.93573
9.15134
9.38237
9.57935
9.75975
9.93483
10.1109
10.3204
10.5372
10.7083
10.9071
11.0895
11.3004
11.4967
11.6754
11.8686
12.0441
12.2232
12.3836
12.6108
12.7852
12.9837
13.1801
13.4181
13.6505
13.8978
14.1984
14.4474
14.7348
15.0616
15.387
15.7935
16.2544
16.8188
17.7568
