-6.11217
-1.96564
-0.43998
0.60379
1.38317
1.97136
2.54754
3.11293
3.60025
4.06911
4.39464
4.7186
5.05313
5.3789
5.67636
5.97229
6.26887
6.57456
6.90175
7.19035
7.49488
7.82981
8.13504
8.41707
8.71838
8.99944
9.23306
9.49246
9.7361
9.96967
10.2645
10.5805
10.8315
11.1012
11.3653
11.6309
11.9064
12.1781
12.4594
12.7353
12.949
13.2205
13.5064
13.7459
14.0266
14.3637
14.6324
14.9036
15.1719
15.4269
15.6704
15.9249
16.1909
16.4522
16.741
17.0564
17.4218
17.746
18.0413
18.3572
18.7027
19.0237
19.2962
19.659
19.9856
20.314
20.6957
21.0625
21.4724
21.9308
22.3395
22.7842
23.167
23.6154
24.0054
24.4518
24.8635
25.3457
25.8291
26.2692
26.7873
27.2506
27.7319
28.2533
28.8654
29.4752
30.0538
30.781
31.4583
32.1697
33.0162
33.8611
34.7697
35.8053
37.1237
38.0914
39.5058
40.835
42.2203
44.2341
48.8252
