-27.2663
-19.5367
-17.424
-15.8509
-14.9343
-14.1413
-13.3237
-12.6925
-12.0471
-11.3817
-10.7578
-10.2503
-9.68949
-9.24075
-8.73646
-8.32947
-7.88256
-7.39279
-6.96787
-6.57384
-6.14524
-5.66585
-5.24363
-4.8857
-4.4549
-4.0093
-3.57318
-3.20863
-2.82729
-2.41018
-1.97994
-1.52806
-1.16124
-0.811389
-0.462066
-0.0463034
0.387497
0.852452
1.25977
1.6401
1.99041
2.30683
2.62283
2.97883
3.33975
3.62654
3.91803
4.24671
4.49023
4.77357
5.07008
5.34871
5.60348
5.83931
6.07944
6.32035
6.56095
6.80242
7.02696
7.29732
7.51772
7.74488
7.99511
8.23095
8.42125
8.65104
8.8569
9.07297
9.29016
9.47994
9.66906
9.84173
10.0171
10.2158
10.4287
10.5942
10.7958
10.9534
11.1424
11.3253
11.5331
11.7065
11.9105
12.0772
12.2637
12.4651
12.6462
12.8359
13.0301
13.2326
13.46
13.6832
13.9526
14.242
14.5201
14.8262
15.1207
15.5438
16.0501
16.6262
17.7546
