-6.81066
-3.0067
-1.70695
-0.962228
-0.380216
0.140945
0.574494
0.939738
1.27438
1.60298
1.88827
2.16711
2.45675
2.70392
3.00193
3.25188
3.48798
3.73475
3.96862
4.17806
4.42213
4.62504
4.8192
4.99774
5.18364
5.4064
5.60403
5.81605
6.04244
6.25002
6.44022
6.65234
6.84646
7.02624
7.21878
7.43371
7.63677
7.81686
8.00202
8.20307
8.42581
8.62093
8.82437
9.01383
9.23721
9.4158
9.61171
9.79943
10.0419
10.2801
10.5212
10.7549
10.9975
11.2029
11.3995
11.6724
11.9223
12.1642
12.3797
12.5777
12.7971
13.0487
13.3093
13.5704
13.8239
14.1251
14.4154
14.6768
14.9651
15.2358
15.5411
15.8339
16.1638
16.4886
16.8653
17.2202
17.7034
18.1367
18.6445
19.1856
19.8768
20.5075
21.1013
21.8497
22.5782
23.2326
23.8936
24.5437
25.126
25.6955
26.337
27.0212
27.7448
28.64
29.776
30.7619
31.6027
32.5135
33.5339
34.4909
36.0172
