-6.18663
-2.07074
-0.546965
0.450925
1.22927
1.77549
2.33844
2.87786
3.33608
3.798
4.13625
4.44761
4.79266
5.08561
5.4199
5.66261
5.94773
6.25544
6.55273
6.84514
7.12196
7.40558
7.69219
7.92933
8.2105
8.49239
8.76402
9.0161
9.2194
9.42997
9.68642
9.92946
10.1679
10.417
10.6575
10.8981
11.1368
11.3813
11.6295
11.8693
12.0888
12.353
12.5779
12.8322
13.084
13.3299
13.5609
13.7855
14.0529
14.2985
14.5191
14.7288
14.9523
15.2317
15.4596
15.7259
15.9747
16.2123
16.464
16.7071
16.9976
17.3205
17.6308
17.9096
18.1825
18.4843
18.7953
19.092
19.4291
19.7334
20.0267
20.4311
20.791
21.1612
21.592
21.9562
22.3459
22.7476
23.1657
23.5559
24.032
24.4932
24.9131
25.4346
25.9195
26.515
26.9576
27.4425
28.1563
28.8531
29.6275
30.6108
31.5067
32.5675
33.9163
35.3757
36.7869
38.3972
39.5793
41.0289
43.9272
