-6.11381
-1.96824
-0.443434
0.601903
1.38119
1.96771
2.54368
3.11119
3.59269
4.06671
4.39452
4.70527
5.04675
5.36841
5.67029
5.96773
6.26015
6.56443
6.89246
7.18304
7.4818
7.82219
8.12392
8.40579
8.70651
8.9958
9.22672
9.48365
9.71813
9.96763
10.2539
10.5611
10.8235
11.089
11.3509
11.6188
11.8859
12.1611
12.4455
12.7091
12.9232
13.2033
13.4822
13.728
14.0159
14.3268
14.6178
14.892
15.1339
15.4039
15.6422
15.8994
16.1643
16.4152
16.7118
17.0156
17.3835
17.683
17.99
18.325
18.66
18.955
19.2601
19.6008
19.9388
20.2673
20.6242
21.0004
21.3984
21.8485
22.236
22.6636
23.0819
23.5468
23.9128
24.3137
24.7403
25.2036
25.7115
26.1584
26.6582
27.1161
27.6091
28.1257
28.6704
29.2765
29.8531
30.6007
31.283
31.9892
32.7775
33.5232
34.5454
35.4894
36.6159
37.6812
38.9674
40.5093
41.9809
44.0531
48.6015
