-27.2658
-19.5003
-17.3734
-15.764
-14.8402
-14.0225
-13.2161
-12.5883
-11.9433
-11.283
-10.6615
-10.1461
-9.59236
-9.13502
-8.60778
-8.2115
-7.73775
-7.29124
-6.83556
-6.41249
-6.01508
-5.5219
-5.08983
-4.74547
-4.33676
-3.88695
-3.47519
-3.09678
-2.72742
-2.32581
-1.86431
-1.45083
-1.04797
-0.692541
-0.312434
0.0503846
0.490076
0.942548
1.34477
1.72329
2.06801
2.43572
2.75001
3.10597
3.45377
3.71943
4.01112
4.3332
4.57611
4.8692
5.16855
5.43067
5.68279
5.94283
6.14651
6.40346
6.64674
6.85515
7.11539
7.38538
7.57642
7.82875
8.07398
8.32313
8.49559
8.74281
8.93571
9.15122
9.38236
9.57927
9.75965
9.93483
10.1107
10.3204
10.5372
10.7083
10.9071
11.0895
11.3004
11.4966
11.6754
11.8685
12.0441
12.2231
12.3836
12.6108
12.7852
12.9837
13.1801
13.4181
13.6504
13.8978
14.1984
14.4474
14.7347
15.0616
15.387
15.7935
16.2544
16.8173
17.7568
