-6.11142
-1.96445
-0.438397
0.604654
1.38408
1.97304
2.54931
3.11373
3.60325
4.07058
4.3947
4.72409
5.05664
5.3863
5.67694
5.97353
6.27021
6.57698
6.90437
7.19153
7.50247
7.83027
8.1383
8.42118
8.72077
9.00111
9.23968
9.49936
9.74143
9.97155
10.2704
10.5873
10.8412
11.1134
11.371
11.6363
11.9158
12.2001
12.4656
12.7411
12.9611
13.2262
13.5161
13.7584
14.0372
14.3757
14.6401
14.9085
15.1919
15.4356
15.6791
15.9385
16.2071
16.4573
16.7546
17.0711
17.4316
17.7525
18.073
18.3776
18.7291
19.0506
19.3285
19.675
20.0148
20.3417
20.7232
21.0935
21.5169
21.9495
22.3853
22.8125
23.22
23.6443
24.0441
24.48
24.9465
25.3818
25.8707
26.3374
26.8681
27.3234
27.7914
28.3363
28.9445
29.5463
30.1282
30.8471
31.5458
32.2702
33.1351
34.021
34.9083
35.9975
37.3347
38.3966
39.7144
41.0049
42.4072
44.5343
48.9316
