-27.2658
-19.5012
-17.3735
-15.7645
-14.8555
-14.0278
-13.2273
-12.5899
-11.9558
-11.2969
-10.665
-10.1467
-9.60955
-9.14478
-8.62328
-8.2256
-7.74587
-7.29445
-6.84749
-6.43012
-6.02994
-5.53574
-5.10901
-4.76453
-4.35715
-3.91642
-3.48694
-3.10492
-2.73234
-2.33392
-1.88546
-1.45259
-1.05753
-0.700798
-0.335212
0.0412643
0.485087
0.935065
1.3282
1.71526
2.06198
2.41807
2.74713
3.09813
3.44151
3.70922
3.99282
4.32985
4.5739
4.8611
5.16155
5.42589
5.66467
5.92707
6.1428
6.39356
6.63788
6.84448
7.10746
7.37998
7.57456
7.8164
8.06822
8.31575
8.49154
8.73773
8.93146
9.14254
9.37733
9.571
9.74801
9.92465
10.0969
10.3162
10.5236
10.7008
10.8983
11.0762
11.2791
11.4792
11.6662
11.8382
12.0189
12.1971
12.3639
12.5936
12.7684
12.9655
13.1638
13.4067
13.6313
13.8713
14.1613
14.4272
14.7056
15.0297
15.3588
15.7434
16.2331
16.794
17.7566
