-6.11899
-1.97642
-0.449127
0.595942
1.35653
1.95509
2.5315
3.09074
3.5714
4.04647
4.37525
4.67867
5.02999
5.35534
5.65572
5.93574
6.23096
6.54295
6.85862
7.16033
7.44717
7.80609
8.10323
8.38289
8.66896
8.95549
9.18791
9.44234
9.68671
9.91677
10.2092
10.5119
10.7736
11.0347
11.2972
11.577
11.8324
12.1208
12.3694
12.6494
12.8755
13.1408
13.4173
13.677
13.914
14.2655
14.5243
14.8163
15.0696
15.3191
15.5578
15.81
16.0735
16.3302
16.6063
16.8931
17.2045
17.5279
17.8543
18.1841
18.5023
18.8432
19.1489
19.4295
19.732
20.0635
20.4226
20.794
21.1521
21.5978
21.9785
22.4029
22.8618
23.2936
23.5971
24.0344
24.439
24.902
25.3503
25.8005
26.2585
26.8323
27.198
27.7395
28.2269
28.8677
29.4586
30.0469
30.7045
31.3664
32.1037
32.9121
33.6938
34.6471
35.6837
36.9191
38.4148
40.135
41.7425
43.6718
47.9617
