-6.11165
-1.96482
-0.438887
0.604387
1.3838
1.97252
2.54876
3.11348
3.60214
4.07023
4.39468
4.72105
5.05555
5.38456
5.67676
5.97315
6.26979
6.57623
6.90378
7.19117
7.50044
7.82997
8.13729
8.41913
8.72025
9.00059
9.23591
9.49678
9.73978
9.97055
10.269
10.5845
10.8398
11.1111
11.3708
11.6334
11.9109
12.1972
12.4646
12.7386
12.9568
13.2244
13.5128
13.7493
14.0341
14.3725
14.6349
14.9079
15.1881
15.4322
15.6784
15.9367
16.2008
16.455
16.7524
17.0643
17.4315
17.7508
18.0597
18.3658
18.7155
19.0417
19.3195
19.6724
20.0013
20.3303
20.7161
21.0857
21.5003
21.9417
22.3698
22.8068
23.2041
23.6348
24.0321
24.4696
24.914
25.3694
25.8571
26.3
26.8191
27.3086
27.7614
28.3076
28.915
29.5265
30.1058
30.8333
31.4923
32.2426
33.0743
33.9767
34.8545
35.9134
37.2723
38.2818
39.6686
40.94
42.2735
44.4856
48.8984
