-27.2658
-19.5004
-17.3734
-15.7641
-14.8407
-14.0225
-13.2161
-12.5885
-11.9446
-11.2831
-10.6619
-10.1462
-9.59296
-9.1356
-8.60847
-8.21864
-7.73783
-7.29156
-6.8376
-6.41323
-6.01512
-5.52195
-5.09081
-4.75337
-4.33876
-3.887
-3.4788
-3.09835
-2.72759
-2.32585
-1.86657
-1.451
-1.04841
-0.692617
-0.312463
0.0499711
0.490056
0.942405
1.34393
1.72013
2.06652
2.43572
2.74998
3.102
3.45372
3.71941
4.00945
4.33313
4.5759
4.86867
5.16829
5.43046
5.68197
5.93913
6.14462
6.40335
6.64318
6.85472
7.11056
7.38532
7.57624
7.81936
8.07039
8.32307
8.4952
8.74257
8.93499
9.14757
9.3819
9.5766
9.75647
9.93462
10.1078
10.3204
10.5337
10.7082
10.9069
11.0886
11.2961
11.4965
11.6751
11.8665
12.0433
12.2206
12.3781
12.6089
12.7849
12.9837
13.1796
13.4179
13.6498
13.897
14.1961
14.4402
14.7297
15.06
15.3848
15.7931
16.2542
16.8162
17.7567
