-31.1844
-22.7681
-13.92
-9.73682
-6.95346
-4.78333
-3.34864
-1.94324
-0.446383
0.848829
1.99894
3.13063
4.11739
5.16462
6.46401
7.6051
8.50681
9.33348
10.3741
11.3685
12.1569
12.7893
13.4909
14.0784
14.6648
15.2609
15.8705
16.5191
17.0432
17.5047
18.0553
18.5811
19.0572
19.4867
19.9165
20.294
20.6897
21.0385
21.3961
21.6975
22.0966
22.4795
22.8972
23
23
23
23
23
23
23
23
23
23
23
23
23
23
23
23
23
23
23
23
23
23
23
23
23
23
23
23
23
23
23
23
23
23
23
23
23
23
23
23
23
23
23
23
23
23
23
23
23
23
23
23
23
23
23
23
23
23
