-117.005
-108.83
-107.262
-106.206
-105.584
-105.033
-104.553
-104.158
-103.812
-103.48
-103.169
-102.926
-102.699
-102.484
-102.268
-102.086
-101.902
-101.697
-101.513
-101.355
-101.2
-101.04
-100.893
-100.719
-100.586
-100.419
-100.281
-100.14
-99.9862
-99.8474
-99.7209
-99.6158
-99.4901
-99.3711
-99.2245
-99.0917
-98.9494
-98.8167
-98.6862
-98.5722
-98.4553
-98.349
-98.1976
-98.0831
-97.9784
-97.8778
-97.7789
-97.6564
-97.5245
-97.4036
-97.2729
-97.1513
-97.0389
-96.9233
-96.7878
-96.6788
-96.5501
-96.4158
-96.2874
-96.1637
-96.0324
-95.9106
-95.7908
-95.6556
-95.51
-95.3693
-95.2364
-95.1115
-94.9517
-94.7889
-94.6372
-94.4968
-94.3483
-94.2012
-94.0396
-93.8545
-93.6844
-93.4996
-93.2848
-93.073
-92.8905
-92.7101
-92.5404
-92.3404
-92.0869
-91.8544
-91.6099
-91.3985
-91.1214
-90.8766
-90.5718
-90.2337
-89.8625
-89.5109
-89.0237
-88.5821
-88.103
-87.6629
-87.1008
-86.4157
-74.068
