-102.984
-99.9988
-98.913
-98.3004
-97.86
-97.4422
-97.0747
-96.7193
-96.4311
-96.0735
-95.7515
-95.4315
-95.2038
-94.9455
-94.733
-94.4708
-94.2393
-94.0068
-93.7638
-93.5037
-93.262
-93.0487
-92.7623
-92.5436
-92.3318
-92.1131
-91.9033
-91.6478
-91.4142
-91.1999
-91.0153
-90.8367
-90.6449
-90.415
-90.2147
-90.0104
-89.8183
-89.6339
-89.4389
-89.2372
-89.0186
-88.8206
-88.6316
-88.4381
-88.2224
-88.0161
-87.8184
-87.6011
-87.4013
-87.1876
-86.9827
-86.7377
-86.5208
-86.2702
-86.028
-85.7558
-85.463
-85.2022
-84.9021
-84.6018
-84.2516
-83.9221
-83.5494
-83.1188
-82.7318
-82.2908
-81.7894
-81.1929
-80.6667
-80.1198
-79.4646
-78.7329
-77.9515
-77.0339
-76.0342
-74.8896
-73.3195
-71.8073
-70.3262
-68.9661
-68.0414
-67.5389
-67.1145
-66.7648
-66.4453
-66.103
-65.7391
-65.2985
-64.793
-64.1314
-63.5695
-62.8713
-61.956
-60.9177
-59.8919
-58.7909
-57.1378
-54.8614
-52.4607
-48.6962
-39.8849
