-130.847
-120.116
-117.88
-116.774
-115.685
-114.634
-113.948
-113.211
-112.571
-112.006
-111.433
-110.825
-110.333
-109.903
-109.533
-109.195
-108.8
-108.419
-108.035
-107.733
-107.363
-107.021
-106.663
-106.298
-105.928
-105.611
-105.227
-104.914
-104.66
-104.337
-104.024
-103.7
-103.399
-103.132
-102.856
-102.566
-102.225
-101.915
-101.637
-101.367
-101.061
-100.74
-100.44
-100.176
-99.9014
-99.5115
-99.2414
-98.8889
-98.5459
-98.2351
-97.8902
-97.5153
-97.2415
-96.8735
-96.5009
-96.019
-95.65
-95.2481
-94.7928
-94.3938
-93.9561
-93.4781
-93.0575
-92.6094
-92.2399
-91.7906
-91.3019
-90.8066
-90.2788
-89.7217
-89.1904
-88.6972
-88.2269
-87.7446
-87.0604
-86.4718
-85.923
-85.3346
-84.7561
-84.2677
-83.6729
-83.0391
-82.459
-81.8621
-81.2228
-80.4341
-79.7526
-79.0843
-78.1167
-77.2361
-76.2156
-75.3218
-74.3347
-73.0122
-71.6767
-69.929
-67.866
-65.4953
-62.1528
-57.6233
-43.116
