-120.309
-114.249
-112.598
-111.526
-110.615
-109.841
-109.222
-108.694
-108.227
-107.845
-107.468
-107.189
-106.855
-106.528
-106.261
-106.018
-105.776
-105.562
-105.35
-105.141
-104.944
-104.759
-104.599
-104.43
-104.274
-104.086
-103.941
-103.783
-103.65
-103.511
-103.375
-103.245
-103.1
-102.969
-102.813
-102.7
-102.571
-102.447
-102.334
-102.228
-102.111
-101.982
-101.872
-101.753
-101.628
-101.517
-101.385
-101.243
-101.119
-100.995
-100.887
-100.771
-100.657
-100.545
-100.426
-100.308
-100.173
-100.06
-99.9372
-99.8028
-99.6761
-99.5658
-99.451
-99.3368
-99.2026
-99.0818
-98.9359
-98.7994
-98.6577
-98.5052
-98.3952
-98.2579
-98.1062
-97.9444
-97.8126
-97.6386
-97.4979
-97.3274
-97.1509
-96.9564
-96.8
-96.6053
-96.4076
-96.2313
-96.0306
-95.8675
-95.6921
-95.4777
-95.296
-95.0586
-94.8357
-94.5967
-94.3547
-94.0482
-93.7529
-93.4744
-93.0245
-92.6717
-92.2724
-91.6392
-88.2998
