-118.973
-110.527
-109.127
-108.091
-107.272
-106.665
-106.212
-105.745
-105.364
-105.062
-104.756
-104.432
-104.179
-103.964
-103.737
-103.566
-103.376
-103.176
-103.028
-102.85
-102.659
-102.505
-102.332
-102.192
-102.056
-101.902
-101.75
-101.627
-101.476
-101.341
-101.201
-101.073
-100.945
-100.806
-100.659
-100.541
-100.426
-100.307
-100.2
-100.087
-99.9544
-99.8407
-99.716
-99.5881
-99.484
-99.3751
-99.2482
-99.1409
-99.0138
-98.909
-98.7918
-98.6903
-98.5761
-98.4591
-98.3397
-98.2206
-98.1251
-97.9905
-97.8774
-97.7472
-97.6127
-97.4775
-97.3381
-97.2316
-97.1082
-96.955
-96.8157
-96.6851
-96.5507
-96.3988
-96.2717
-96.1268
-96.0007
-95.8479
-95.6912
-95.5518
-95.4305
-95.3007
-95.1273
-94.9596
-94.8203
-94.6896
-94.5337
-94.3917
-94.2222
-94.0383
-93.8478
-93.6597
-93.5205
-93.3066
-93.1002
-92.8597
-92.6497
-92.4429
-92.203
-91.9885
-91.7108
-91.3391
-90.8601
-90.0803
-79.0448
