-120.311
-114.362
-112.613
-111.572
-110.63
-109.869
-109.256
-108.721
-108.238
-107.86
-107.488
-107.212
-106.866
-106.535
-106.286
-106.03
-105.797
-105.575
-105.364
-105.156
-104.956
-104.769
-104.605
-104.432
-104.285
-104.098
-103.943
-103.79
-103.658
-103.517
-103.389
-103.254
-103.11
-102.983
-102.82
-102.71
-102.583
-102.463
-102.342
-102.237
-102.118
-101.988
-101.874
-101.754
-101.637
-101.52
-101.386
-101.247
-101.126
-101.001
-100.895
-100.78
-100.66
-100.55
-100.43
-100.312
-100.182
-100.062
-99.9427
-99.8032
-99.6806
-99.577
-99.4529
-99.3386
-99.2053
-99.0819
-98.9388
-98.8016
-98.6595
-98.5055
-98.398
-98.2608
-98.1082
-97.9446
-97.8138
-97.6429
-97.4998
-97.3375
-97.1512
-96.9569
-96.8002
-96.6058
-96.4076
-96.2317
-96.0308
-95.8691
-95.6937
-95.4779
-95.2968
-95.059
-94.8425
-94.6011
-94.3587
-94.049
-93.753
-93.4746
-93.0248
-92.6723
-92.273
-91.6394
-88.2998
