-112.541
-108.697
-107.485
-106.697
-106.056
-105.548
-105.138
-104.776
-104.402
-104.03
-103.689
-103.381
-103.041
-102.745
-102.432
-102.131
-101.843
-101.57
-101.27
-101.019
-100.794
-100.523
-100.261
-100.055
-99.824
-99.5621
-99.352
-99.1583
-98.9268
-98.6921
-98.4793
-98.2437
-98.0364
-97.8174
-97.589
-97.3761
-97.1657
-96.917
-96.6936
-96.4471
-96.1996
-96.0201
-95.7681
-95.5264
-95.2783
-95.0383
-94.7141
-94.4848
-94.2077
-93.9012
-93.6211
-93.3952
-93.1418
-92.8863
-92.5538
-92.2055
-91.878
-91.54
-91.1888
-90.8258
-90.4483
-90.1175
-89.7632
-89.3281
-88.8864
-88.3785
-87.91
-87.393
-86.6795
-86.0011
-85.3039
-84.5621
-83.7632
-82.8535
-81.7148
-80.9084
-79.8907
-78.9476
-77.881
-77.1024
-76.56
-75.9998
-75.6027
-75.0974
-74.5453
-74.0075
-73.4291
-72.9234
-72.4029
-71.7592
-71.0518
-70.2194
-69.2795
-68.192
-67.0764
-65.4808
-63.793
-61.5199
-58.7174
-54.8449
-43.021
