-120.311
-114.348
-112.613
-111.568
-110.63
-109.869
-109.255
-108.717
-108.238
-107.86
-107.488
-107.212
-106.865
-106.535
-106.283
-106.03
-105.796
-105.574
-105.364
-105.156
-104.956
-104.766
-104.605
-104.431
-104.282
-104.098
-103.943
-103.79
-103.658
-103.517
-103.388
-103.25
-103.105
-102.983
-102.819
-102.71
-102.58
-102.463
-102.342
-102.237
-102.117
-101.988
-101.874
-101.754
-101.636
-101.519
-101.386
-101.247
-101.126
-101.001
-100.895
-100.779
-100.66
-100.55
-100.43
-100.312
-100.182
-100.062
-99.9427
-99.8031
-99.6806
-99.577
-99.4529
-99.3386
-99.2052
-99.0819
-98.9383
-98.8014
-98.6595
-98.5054
-98.398
-98.2606
-98.1081
-97.9446
-97.8137
-97.6424
-97.4998
-97.3375
-97.1512
-96.9568
-96.8001
-96.6058
-96.4076
-96.2317
-96.0308
-95.8687
-95.6937
-95.4779
-95.2968
-95.059
-94.8425
-94.6011
-94.3582
-94.0487
-93.753
-93.4746
-93.0248
-92.6722
-92.2729
-91.6394
-88.2998
