-6.11144
-1.96448
-0.438432
0.604635
1.38406
1.973
2.54927
3.11371
3.60317
4.07056
4.39469
4.72387
5.05656
5.38617
5.67692
5.9735
6.27018
6.57693
6.90433
7.19151
7.50244
7.83021
8.13823
8.42099
8.72073
9.00107
9.23945
9.49918
9.74132
9.97148
10.2704
10.587
10.841
11.1134
11.371
11.6361
11.9151
12.2001
12.4656
12.7404
12.9607
13.2261
13.516
13.7583
14.0368
14.3755
14.6396
14.9084
15.1918
15.4354
15.6791
15.9385
16.2056
16.4571
16.7544
17.0706
17.4316
17.7523
18.073
18.3774
18.7286
19.0502
19.3249
19.6749
20.0144
20.3413
20.7228
21.0934
21.5164
21.9495
22.3823
22.8122
23.2193
23.6443
24.0422
24.4795
24.9417
25.3818
25.8703
26.3342
26.8664
27.3216
27.7913
28.3362
28.9379
29.5462
30.1281
30.8458
31.5348
32.2683
33.1346
34.0084
34.9081
35.9917
37.3225
38.3836
39.7137
41.004
42.4044
44.5332
48.9292
