-27.2659
-19.5032
-17.3737
-15.829
-14.8744
-14.0535
-13.2397
-12.6139
-11.9902
-11.3149
-10.6838
-10.1904
-9.62647
-9.15764
-8.64432
-8.2427
-7.77892
-7.33489
-6.86312
-6.49252
-6.05284
-5.57211
-5.15525
-4.81132
-4.38132
-3.95406
-3.513
-3.14295
-2.75697
-2.34802
-1.91024
-1.48195
-1.06683
-0.7278
-0.363608
0.00126875
0.460007
0.928291
1.31121
1.69851
2.05243
2.41009
2.71606
3.03933
3.43113
3.67429
3.97373
4.30739
4.55992
4.83475
5.1324
5.40956
5.64756
5.91018
6.12636
6.38014
6.62777
6.84252
7.07159
7.3579
7.57054
7.80001
8.0548
8.30364
8.47506
8.72316
8.90461
9.12956
9.35011
9.54742
9.73474
9.90024
10.0826
10.2859
10.485
10.6803
10.874
11.0366
11.2363
11.4432
11.628
11.7904
11.9818
12.1696
12.341
12.5717
12.7428
12.9416
13.1406
13.364
13.5917
13.835
14.103
14.385
14.6642
14.9625
15.2871
15.676
16.1638
16.7085
17.7561
