-8.26148
-5.09311
-4.18565
-3.57964
-3.17918
-2.80384
-2.48197
-2.11879
-1.7782
-1.46873
-1.14391
-0.868067
-0.592755
-0.32735
-0.0465206
0.172344
0.425692
0.693659
0.91085
1.12312
1.35922
1.59176
1.74872
1.98288
2.17228
2.35477
2.51899
2.74911
2.9701
3.16026
3.31665
3.49084
3.67062
3.87407
4.04711
4.22912
4.43628
4.5951
4.7826
4.9831
5.16499
5.34402
5.49826
5.67127
5.84157
6.03104
6.24654
6.45353
6.66036
6.88996
7.15077
7.34548
7.56277
7.7613
7.98864
8.23454
8.46519
8.72105
8.95415
9.20802
9.4654
9.76106
10.0162
10.2446
10.5232
10.7842
11.1068
11.4078
11.677
12.0193
12.2768
12.6565
13.1338
13.6491
14.1132
14.5856
15.0006
15.6081
16.1439
16.7782
17.3876
17.9933
18.7805
19.3675
20.0466
20.7183
21.218
21.7713
22.3305
22.8505
23.3514
23.8588
24.4249
25.2477
26.0119
26.7475
27.7053
28.4249
29.2212
30.0722
31.2747
