-27.2658
-19.5003
-17.3734
-15.7641
-14.8403
-14.0225
-13.2161
-12.5883
-11.9437
-11.283
-10.6616
-10.1461
-9.59269
-9.13519
-8.60798
-8.21246
-7.73778
-7.29134
-6.83561
-6.41271
-6.01509
-5.52192
-5.08995
-4.74994
-4.33777
-3.88696
-3.47522
-3.09724
-2.72747
-2.32582
-1.86498
-1.45088
-1.0481
-0.692563
-0.312443
0.0499899
0.49007
0.942506
1.34423
1.72328
2.06797
2.43572
2.75001
3.10242
3.45375
3.71942
4.01068
4.33318
4.57605
4.86904
5.16847
5.43061
5.68255
5.94237
6.14647
6.40343
6.64671
6.85502
7.11396
7.38536
7.57637
7.82875
8.07397
8.32311
8.49548
8.74274
8.9355
9.15015
9.38222
9.57848
9.75871
9.93479
10.1089
10.3204
10.5371
10.7083
10.907
11.0895
11.2986
11.4966
11.6753
11.8679
12.0441
12.2229
12.3834
12.6104
12.7851
12.9837
13.18
13.4181
13.6499
13.8975
14.1984
14.4474
14.7329
15.0614
15.3864
15.7934
16.2544
16.8163
17.7568
