-39.3576
-23.4013
-21.4349
-20.0449
-18.9118
-17.8003
-16.9142
-16.1373
-15.501
-14.7562
-14.2294
-13.6674
-13.0624
-12.5502
-12.0725
-11.5747
-11.0703
-10.5873
-10.1673
-9.67561
-9.19587
-8.74842
-8.32567
-7.89726
-7.45843
-7.02722
-6.6077
-6.20017
-5.7976
-5.44537
-5.05925
-4.63072
-4.24208
-3.86932
-3.50739
-3.11122
-2.71895
-2.35475
-2.03047
-1.69724
-1.38636
-1.09945
-0.821225
-0.537825
-0.225666
-0.00165031
0.332897
0.657509
0.961319
1.26893
1.55498
1.92114
2.19027
2.44049
2.74802
3.04993
3.31342
3.52337
3.80394
4.04359
4.30038
4.5535
4.81479
5.04845
5.26501
5.53314
5.75051
5.9963
6.21952
6.45228
6.6213
6.81338
7.03176
7.26196
7.45633
7.66775
7.87243
8.08319
8.2705
8.46133
8.65577
8.87398
9.04947
9.27954
9.5118
9.78246
10.007
10.2339
10.4978
10.7442
10.9933
11.2519
11.5205
11.8329
12.1461
12.4812
12.9487
13.4574
14.0628
14.7982
17.5435
