-6.34494
-2.34506
-0.856397
0.0850635
0.843374
1.3769
1.86223
2.39953
2.79575
3.22929
3.55841
3.89973
4.19273
4.48526
4.78002
5.0498
5.28739
5.52572
5.77034
6.03436
6.277
6.49248
6.74712
6.97867
7.21277
7.49718
7.71959
7.94613
8.16079
8.34764
8.58498
8.77217
8.97267
9.1844
9.42456
9.63587
9.85727
10.041
10.2811
10.4905
10.6882
10.932
11.1533
11.4213
11.6108
11.8274
12.036
12.3053
12.5211
12.7384
12.9703
13.1782
13.4491
13.6608
13.9144
14.1529
14.3883
14.6115
14.8388
15.0782
15.3073
15.6078
15.8423
16.0748
16.3549
16.6228
16.9569
17.2646
17.5652
17.8756
18.1895
18.5143
18.8121
19.1498
19.4911
19.8235
20.2213
20.559
21.0168
21.5338
21.9833
22.4653
23.0474
23.6931
24.2713
24.8887
25.6437
26.2332
26.873
27.5222
28.3301
29.134
30.1614
31.083
32.3303
33.7054
34.9084
35.8887
37.1175
38.241
40.3112
