-29.4712
-20.2116
-18.062
-16.5037
-15.5868
-14.7554
-13.9308
-13.218
-12.7217
-12.157
-11.5481
-10.909
-10.3948
-9.91753
-9.42967
-9.0281
-8.55887
-8.10473
-7.63659
-7.19032
-6.82868
-6.34152
-5.89369
-5.49945
-5.07396
-4.68925
-4.19901
-3.78042
-3.38885
-3.05801
-2.6639
-2.18484
-1.77015
-1.42593
-1.00065
-0.635985
-0.24576
0.109098
0.604775
0.945827
1.37352
1.72026
2.06897
2.43145
2.76663
3.12597
3.39683
3.64464
3.92522
4.24767
4.52606
4.81376
5.07977
5.35515
5.60413
5.81166
6.06398
6.28443
6.48731
6.7038
6.90017
7.13374
7.34951
7.52476
7.71207
7.92992
8.1254
8.32727
8.52704
8.7012
8.87459
9.05946
9.22967
9.42052
9.60473
9.78989
9.93894
10.1377
10.3259
10.5286
10.7189
10.8994
11.1321
11.3553
11.5541
11.7516
11.9414
12.1522
12.3477
12.5478
12.7702
12.9766
13.2528
13.5309
13.8295
14.1819
14.5441
14.9707
15.5091
16.2095
17.735
