-27.2658
-19.5006
-17.3735
-15.7642
-14.8417
-14.0227
-13.2162
-12.5888
-11.9474
-11.2925
-10.6627
-10.1463
-9.60229
-9.1369
-8.61108
-8.21875
-7.73801
-7.29225
-6.83889
-6.4149
-6.01687
-5.52352
-5.09092
-4.75763
-4.34454
-3.9077
-3.48507
-3.10183
-2.72796
-2.33295
-1.8716
-1.45139
-1.0513
-0.692785
-0.324631
0.0499119
0.49001
0.942087
1.34262
1.7179
2.0665
2.42542
2.74991
3.10189
3.45137
3.71622
4.00557
4.33156
4.57561
4.8618
5.1677
5.42974
5.67365
5.93736
6.14378
6.39796
6.64143
6.84973
7.10886
7.3818
7.57584
7.81905
8.07035
8.32295
8.49432
8.74096
8.93406
9.14394
9.38036
9.57266
9.75348
9.929
10.1072
10.3204
10.5286
10.7082
10.9062
11.0868
11.2905
11.4916
11.6724
11.8602
12.0335
12.2136
12.3738
12.604
12.7797
12.9754
13.1768
13.4144
13.6463
13.8851
14.1894
14.4392
14.7259
15.0498
15.379
15.7777
16.251
16.8106
17.7567
