-27.2674
-19.7822
-17.6129
-16.1077
-15.1362
-14.3134
-13.5163
-12.8296
-12.2208
-11.5825
-10.9668
-10.4464
-9.97084
-9.44884
-8.97613
-8.53634
-8.06718
-7.62868
-7.17883
-6.74472
-6.31228
-5.8479
-5.44429
-5.04799
-4.6562
-4.21658
-3.77739
-3.37639
-2.99294
-2.60376
-2.15753
-1.73013
-1.3573
-0.994357
-0.631497
-0.191839
0.210181
0.655551
1.03334
1.44432
1.79439
2.09447
2.45022
2.79272
3.19064
3.49488
3.74642
4.05686
4.34097
4.59109
4.88831
5.18165
5.42051
5.70531
5.95032
6.1915
6.43019
6.67964
6.88129
7.14876
7.39612
7.59959
7.83048
8.06157
8.27139
8.44271
8.69915
8.89526
9.10467
9.29436
9.4793
9.66119
9.80997
9.97916
10.1631
10.369
10.5405
10.7079
10.8562
11.0362
11.2229
11.4591
11.6386
11.8379
12.0198
12.2079
12.3788
12.587
12.7637
12.9615
13.149
13.4029
13.6599
13.9488
14.2631
14.5588
14.9058
15.3501
15.8665
16.4696
17.7499
