-168.114
-152.983
-150.184
-148.123
-146.528
-145.244
-144.119
-143.058
-142.222
-141.301
-140.618
-139.886
-139.279
-138.512
-138.004
-137.421
-136.812
-136.205
-135.367
-134.745
-134.242
-133.69
-133.182
-132.67
-132.189
-131.627
-131.11
-130.55
-130.015
-129.484
-128.955
-128.45
-127.964
-127.464
-126.924
-126.456
-125.933
-125.368
-124.872
-124.31
-123.721
-123.238
-122.814
-122.413
-121.812
-121.374
-120.925
-120.514
-120.019
-119.539
-119.043
-118.609
-118.128
-117.69
-117.178
-116.724
-116.182
-115.799
-115.401
-115.029
-114.586
-114.136
-113.671
-113.246
-112.764
-112.341
-111.938
-111.446
-110.977
-110.499
-110.043
-109.555
-109.057
-108.576
-108.072
-107.462
-106.811
-106.138
-105.397
-104.844
-104.081
-103.2
-102.457
-101.356
-100.431
-99.5673
-98.6638
-97.7816
-97.0865
-96.0998
-95.2826
-94.1452
-93.205
-92.3062
-91.3857
-90.3602
-89.34
-88.1839
-86.9
-85.2698
-82.1293
