-123.58
-115.286
-113.362
-112.264
-111.356
-110.672
-109.987
-109.449
-108.95
-108.497
-108.119
-107.779
-107.38
-107.071
-106.775
-106.53
-106.218
-105.95
-105.677
-105.418
-105.139
-104.917
-104.687
-104.48
-104.259
-104.065
-103.864
-103.701
-103.47
-103.244
-103.065
-102.824
-102.564
-102.349
-102.111
-101.935
-101.699
-101.51
-101.293
-101.069
-100.863
-100.625
-100.397
-100.241
-100.047
-99.8484
-99.6021
-99.3754
-99.181
-98.9656
-98.7653
-98.5587
-98.3462
-98.1475
-97.9349
-97.6644
-97.4112
-97.1904
-96.9426
-96.7294
-96.499
-96.2789
-96.0424
-95.8123
-95.5782
-95.3412
-95.1043
-94.8548
-94.5611
-94.2999
-94.0372
-93.7872
-93.5281
-93.2106
-92.915
-92.5718
-92.2206
-91.8734
-91.4869
-91.0352
-90.6148
-90.2444
-89.7858
-89.2657
-88.6958
-88.2349
-87.6825
-87.1467
-86.6089
-85.8814
-85.0971
-84.3492
-83.5661
-82.7867
-81.8341
-81.0981
-80.1339
-78.8521
-77.1858
-74.9883
-69.4509
