-133.416
-120.495
-117.908
-115.867
-114.489
-113.237
-112.098
-111.067
-110.267
-109.54
-108.57
-107.797
-107.147
-106.442
-105.868
-105.323
-104.795
-104.253
-103.71
-103.268
-102.735
-102.216
-101.675
-101.276
-100.709
-100.185
-99.7585
-99.2504
-98.7533
-98.2372
-97.824
-97.3538
-96.8683
-96.3735
-95.8393
-95.3044
-94.8105
-94.4176
-93.962
-93.5469
-93.1119
-92.7013
-92.282
-91.8365
-91.3446
-90.9236
-90.5665
-90.0573
-89.6273
-89.2174
-88.7595
-88.4069
-87.9848
-87.5337
-87.0868
-86.6437
-86.1513
-85.7217
-85.3219
-84.8473
-84.384
-83.8469
-83.388
-82.8735
-82.2588
-81.6977
-81.1942
-80.6565
-80.1563
-79.6869
-79.1408
-78.5026
-77.8611
-77.2082
-76.5668
-76.0836
-75.5115
-74.905
-74.411
-73.9315
-73.4947
-72.9542
-72.3732
-71.8649
-71.2492
-70.5288
-69.7416
-68.9327
-67.8016
-66.7539
-65.9089
-64.8489
-63.8561
-62.7415
-61.5365
-60.4871
-59.26
-57.9281
-56.5403
-54.0597
-49.1107
