11.2221
66.7727
62.6535
36.5988
85.6193
45.6411
79.8202
6.24172
33.9791
45.4765
57.9582
59.2639
64.7542
1.73848
92.1242
76.7743
50.9519
38.5744
73.9325
59.0348
44.7933
56.4302
79.3966
1.51133
96.0857
5.72153
46.5969
6.76234
70.6339
36.4581
68.4222
26.7846
90.9844
74.2689
61.9619
84.6101
45.951
85.8924
16.4747
85.3096
62.7931
42.4181
61.9669
4.69708
61.6887
59.2591
111.015
60.7946
103.54
46.7626
62.8216
52.3583
81.9831
73.9363
81.3234
38.0011
86.7745
42.3523
105.37
104.543
88.6904
112.902
62.0986
47.7244
53.0885
112.952
41.4434
61.9208
22.8373
63.3435
88.8244
47.521
29.2941
57.9007
76.769
37.0827
46.817
30.2924
47.8918
74.942
59.5886
50.1429
113.319
21.7965
4.95783
68.5117
59.6767
54.541
43.3461
29.5521
70.689
59.1337
67.9329
67.8854
105.153
54.0772
58.0198
96.4324
64.8165
75.7118
83.9231
79.0258
69.0345
101.859
44.3818
72.8785
80.6379
45.2238
72.1799
61.7122
50.2489
50.992
47.0233
54.7603
70.3932
105.173
76.4166
35.1953
72.6522
58.4731
40.3568
65.4771
39.6848
63.0203
49.3973
66.1353
44.4573
106.903
16.1395
55.081
28.7838
112.673
48.8288
86.6163
53.7126
95.9306
101.249
51.6156
111.813
83.098
83.6546
37.5062
111.231
79.2088
48.9862
65.2941
64.0639
66.2394
105.232
91.5711
84.5988
70.5826
67.4633
99.336
25.7641
20.1673
12.1113
66.5377
40.0172
52.6408
81.9441
83.21
10.8415
93.7131
92.881
111.941
70.327
31.5236
66.901
91.6801
86.9907
97.4181
56.1581
90.7165
55.479
81.9753
101.235
2.29089
39.4991
26.5334
66.198
82.4328
15.3994
94.8684
22.2266
57.7499
28.5416
21.7057
73.9175
82.6018
50.3115
55.1528
108.986
45.6477
67.557
5.32649
83.882
94.8783
78.9696
38.0818
-68.9477
-82.8375
-48.2419
-28.6604
-50.4632
-112.975
-91.652
-44.2829
-91.8536
-56.9807
-32.415
-102.737
-99.4712
-96.4328
-78.1872
-66.5092
-19.1748
-19.2295
-68.7362
-45.6515
-25.7749
-113.716
-66.675
-48.9296
-64.6668
-14.1886
-85.3547
-59.4957
-31.6072
-68.9308
-47.3244
-49.4704
-71.0713
-69.6777
-61.8099
-36.5205
-42.1898
-10.836
-46.5425
-29.7174
-72.6598
-8.56432
-42.3307
-21.0103
-76.5936
-45.6268
-43.8794
-71.8111
-115.405
-80.3539
-64.3666
-39.8187
-43.9793
-74.9415
-62.558
-61.703
-100.879
-91.8086
-51.6377
-100.585
-8.30717
-3.36873
-115.332
-57.9525
-54.8947
-78.723
-46.9132
-100.057
-31.5256
-61.5815
-96.3907
-54.2113
-114.102
-9.38682
-19.2631
-78.6186
-94.245
-103.982
-78.1693
-34.9923
-41.4953
-105.143
-24.2015
-83.3384
-114.1
-71.1367
-78.981
-61.4257
-43.2358
-58.1253
-50.8172
-69.5806
-107.739
-69.567
-58.346
-66.9227
-8.73559
-51.4193
-82.6558
-113.839
-52.8966
-93.3282
-19.1858
-46.0394
-92.5406
-85.6927
-112.259
-82.2266
-24.8833
-110.003
-18.5285
-78.3018
-34.9541
-34.836
-43.4658
-77.1114
-62.4401
-61.0219
-77.8328
-57.2729
-73.5649
-49.784
-52.5364
-38.0002
-69.3738
-102.156
-10.2336
-74.2068
-96.8245
-100.483
-78.414
-78.6208
-44.2011
-88.6112
-101.306
-100.034
-68.9907
-22.6134
-82.4396
-40.6
-49.1079
-51.1039
-45.6736
-50.1249
-57.4529
-75.7767
-36.2517
-103.126
-59.3033
-59.2998
-95.0343
-41.1303
-66.5425
-56.971
-73.5149
-54.6855
-61.9576
-41.1959
-39.1543
-54.392
-56.7716
-13.2482
-9.71758
-109.414
-80.3606
-53.2276
-75.5345
-67.8997
-34.8099
-17.0397
-33.1694
-70.7978
-102.978
-80.9643
-53.4841
-68.704
-70.1424
-46.8989
-53.4582
-83.4877
-101.781
-46.4392
-62.6389
-49.0917
-58.1538
-86.1782
-85.3458
-84.1508
-82.2119
-35.6393
-80.2028
-53.5118
-58.725
-59.6407
-110.461
-56.8667
-81.7021
-73.3132
-13.406
-5.79132
-41.8648
37.0486
-48.1396
47.0251
-19.1331
-7.06785
-4.12432
13.5241
-35.5798
36.1595
56.2748
-30.4733
-25.7908
-54.7938
-22.7
-43.1142
-47.7909
-18.7786
-23.4622
-34.9296
4.21089
26.4677
7.93851
-2.60312
-41.0426
-11.9819
39.588
-4.65713
21.0564
-17.5927
-32.676
42.1832
-17.5125
10.0411
45.1446
13.2302
51.096
2.57843
4.49665
19.3047
-20.0296
0.769641
7.87468
47.3548
22.8578
23.8622
29.5195
-37.7305
38.3421
-5.71485
-17.9958
-41.2258
-10.8537
7.57683
6.98035
29.6967
-24.1438
-33.0309
10.5013
54.8414
-8.17517
-5.82528
49.6721
-22.1319
-23.2832
-51.36
-48.4061
25.2766
22.3034
7.49065
-43.9649
-33.8849
-14.8078
42.2096
-38.7865
-11.9857
-33.5832
29.2615
44.757
-8.81156
29.5059
28.9078
-53.566
36.4866
21.8161
0.775259
-56.0037
5.3365
-55.3883
-33.2918
-33.3311
-35.2382
-7.44638
-54.0598
-11.1196
25.162
-56.4648
43.1051
-27.7983
-16.3734
-8.03037
-35.8132
49.2218
-8.1517
8.0422
-13.2543
-31.4534
15.6599
30.5197
-24.5391
-53.6244
20.7739
50.1473
-16.2141
17.3304
0.479071
3.54486
2.68201
12.1135
13.3836
55.8989
-16.8606
-16.319
48.4941
-30.7007
37.5881
9.19807
41.6664
34.1285
23.6608
-21.4245
16.6798
-20.4434
-7.82787
47.8856
-34.9315
-39.3656
-24.9968
51.2747
-11.7934
-38.7852
-21.7296
-29.5137
-16.8444
-35.7213
-29.8115
11.0507
30.0955
-1.43516
34.3458
-25.6428
-24.4084
18.9831
-17.7249
43.1313
-3.77435
25.2306
-22.4334
-15.9023
-46.2872
25.4472
-44.2108
49.8792
39.1198
30.631
-20.5575
-5.71684
-32.8074
0.636655
-6.76856
-34.1981
-18.4703
45.7387
8.17821
-32.5607
37.9328
-27.5231
32.6298
-38.4164
41.4251
21.5249
-4.54521
49.0398
28.7937
-54.2002
-53.8332
-10.5517
39.7853
4.55565
19.0417
16.2746
-16.4516
2.58165
49.8635
-38.8669
30.2668
3.1911
23.4311
53.9919
42.8951
199.403
244.485
214.579
229.624
214.908
217.496
223.342
193.056
238.052
276.132
210.449
269.974
221.517
263.904
251.785
273.932
244.526
259.2
241.21
271.197
235.365
201.238
284.691
282.689
262.457
265.312
239.768
267.6
222.633
228.666
245.358
214.105
185.08
267.873
193.807
252.549
251.223
215.482
269.124
255.47
196.389
260.104
278.928
232.67
248.515
238.347
191.412
194.991
279.271
243.91
197.041
178.922
239.01
264.738
227.081
262.473
193.33
187.932
232.987
225.743
288.395
241.509
238.606
255.29
246.084
216.71
216.355
239.216
221.291
269.428
229.466
272.939
175.952
214.183
257.588
224.034
229.286
249.594
263.326
262.9
284.243
223.696
202.069
239.475
221.402
283.992
260.943
278.761
257.973
251.953
222.27
183.815
178.609
187.01
186.671
222.875
213.463
198.649
251.743
287.206
218.881
189.697
206.459
277.683
211.634
248.037
174.364
219.798
269.464
211.631
233.105
205.608
275.27
241.056
247.643
231.022
206.147
238.222
259.626
272.492
233.476
216.488
220.591
194.052
232.542
234.108
220.47
264.484
222.984
214.721
271.193
204.802
245.881
276.792
240.601
233.558
221.464
231.07
216.533
278.849
244.937
285.679
235.011
277.256
243.697
261.805
212.489
243.884
243.834
273.799
234.5
231.739
266.125
212.107
226.959
225.889
246.041
248.648
200.972
244.644
277.955
256.072
222.313
261.363
226.989
227.25
224.887
218.309
236.985
278.392
287.875
208.997
265.389
223.535
228.68
183.425
230.097
258.692
239.426
263.18
282.066
252.53
220.612
231.521
237.685
221.121
182.854
281.421
217.784
239.138
260.016
245.764
234.724
234.95
231.949
214.296
222.873
235.033
260.052
210.004
79.2688
102.069
92.2325
130.697
170.72
136.47
87.57
123.63
105.062
64.448
84.0977
149.801
149.16
58.4365
103.281
94.0894
141.852
119.948
84.7313
137.604
151.677
117.338
144.321
119.458
153.767
108.453
107.244
126.543
133.918
112.015
143.219
117.433
100.595
91.1707
85.2928
70.8361
75.2006
87.0974
99.584
109.936
171.409
81.2962
102.077
103.815
144.519
72.3663
144.516
96.8476
78.0763
134.106
114.905
81.8399
104.449
139.874
136.015
89.0601
74.47
119.045
126.548
125.476
77.1501
106.093
71.1342
92.158
127.733
97.5818
94.364
89.8355
105.068
80.8588
92.015
128.561
137.705
113.04
109.012
89.7593
84.3685
69.2761
92.0067
118.653
94.3337
107.798
101.05
155.934
99.9138
95.6389
134.707
129.158
127.708
95.9973
125.959
70.9004
64.1389
61.7186
64.8406
140.147
81.7435
115.272
90.2775
61.6773
68.3879
136.201
73.1278
76.5437
109.261
131.913
128.045
100.938
114.011
125.552
82.3187
129.459
169.075
106.524
81.1458
113.798
107.212
125.343
161.957
69.2295
122.736
114.735
102.676
124.172
131.488
93.2997
87.3658
83.3125
119.102
99.9222
160.641
137.692
143.291
66.6889
164.447
133.951
144.796
62.344
69.9283
84.4347
90.9595
120.712
119.084
114.236
105.462
144.529
58.7146
133.898
99.4054
114.318
144.75
105.218
80.3334
142.278
158.043
74.8598
142.687
102.434
103.514
145.482
154.778
125.108
126.731
143.185
124.166
160.994
94.8404
145.172
103.335
130.993
114.776
153.374
121.568
126.568
106.085
78.087
84.8507
131.173
73.9614
58.5387
114.878
163.698
93.5741
101.596
92.9413
133.827
120.085
132.638
148.33
134.077
114.468
140.973
136.165
158.061
73.0382
80.515
121.294
86.2501
126.586
113.816
164.767
188.873
214.177
186.252
146.999
200.493
187.876
197.86
214.011
188.72
188.829
203.209
149.573
137.425
162.589
219.658
171.732
188.83
184.072
173.176
208.014
196.412
208.701
186.362
199.081
222.541
157.107
165.031
145.147
139.936
207.89
151.245
141.095
195.349
206.039
193.431
166.117
202.045
159.364
214.439
157.109
122.567
128.992
161.036
136.613
226.663
203.128
182.636
211.106
204.039
206.14
194.721
195.915
163.584
137.55
200.952
229.299
117.507
228.336
194.295
192.58
145.308
212.809
191.372
178.132
200.523
170.24
186.467
186.028
196.435
140.585
129.79
128.731
147.152
163.135
152.107
177.98
176.885
126.897
178.954
170.773
209.022
199.519
225.612
174.986
125.692
135.79
208.997
159.422
168.839
175.884
208.764
130.925
184.921
168.41
181.932
137.981
192.849
175.333
201.658
229.843
143.96
172.607
165.357
188.649
143.899
214.515
149.132
140.243
214.849
223.011
128.399
150.359
144.036
228.044
156.053
165.319
131.062
215.965
191.613
155.148
151.902
213.581
130.464
152.298
203.495
200.768
224.451
185.398
182.937
185.6
130.099
181.54
146.873
206.384
155.664
159.142
198.146
161.547
152.814
223.313
198.839
195.488
214.158
187.937
202.328
208.893
123.808
179.027
209.88
170.432
204.822
200.662
172.047
119.062
184.486
214.801
126.986
198.963
218.155
173.367
212.573
218.667
228.293
225.141
129.168
210.573
175.285
184.852
119.874
118.328
147.121
210.406
201.381
195.359
206.475
205.108
192.718
226.549
145.256
142.111
226.915
138.746
124.796
129.333
213.368
154.071
129.174
213.975
146.222
190.898
180.276
230.009
137.57
220.254
178.42
184.468
141.177
172.601
167.079
97.1405
32.7808
66.2565
32.1583
46.9271
50.4908
58.6917
91.885
105.987
25.2954
46.7752
102.678
46.9696
32.5725
59.6769
71.0151
62.9143
61.061
72.7175
36.3741
72.6508
79.2665
45.1281
57.4943
67.3424
100.705
13.4613
80.1608
45.0576
109.787
22.6286
58.241
81.0494
41.8247
102.633
59.89
90.0323
32.3232
100.439
92.7055
74.1166
40.3724
46.1412
94.884
88.3904
68.6703
74.15
52.6289
107.838
80.8859
61.3279
68.4201
111.463
68.5821
8.14783
85.6517
55.2195
63.8252
60.2737
6.54041
72.3684
53.4335
71.4739
36.0041
70.7961
48.2608
4.01731
63.2746
98.0264
3.75724
91.8929
23.9253
42.4839
106.769
16.1137
21.2361
68.1267
27.8009
108.057
31.7895
40.7786
1.4571
81.9993
103.892
59.3439
107.507
21.6343
74.0837
57.3576
33.7684
52.1667
59.9464
80.8384
69.2387
24.9771
82.7368
102.023
37.4043
33.364
42.3968
64.5468
105.299
68.3746
56.6615
43.4937
86.2251
95.5039
45.9794
35.7055
114.364
77.2881
54.3853
32.0932
59.2468
40.2232
40.9235
76.7073
88.8063
77.2691
32.3354
98.8737
42.887
89.1642
48.7287
16.4646
74.6405
3.54979
112.918
46.3706
26.2796
79.0961
41.8504
87.8718
103.267
51.1107
17.8728
77.4393
90.0893
64.8201
35.7653
78.211
109.902
29.6837
62.2447
99.2462
87.9364
82.1447
41.1918
89.8126
75.982
90.0239
76.1171
55.1992
38.72
114.136
13.8401
83.8893
67.3545
90.8916
103.55
72.7127
92.1079
115.09
51.6754
94.7582
85.6727
50.0754
81.4745
45.9984
59.2856
36.7562
52.7592
5.01619
39.5301
59.8781
82.9011
99.3133
45.547
100.352
56.917
76.3953
75.8018
105.869
65.7782
115.033
51.9712
107.962
13.296
0.724443
74.487
87.1929
48.3526
72.6529
77.7532
109.089
108.575
35.5555
94.1842
91.2404
31.8234
-74.3526
-99.1733
-93.9885
-23.9076
-83.5197
-68.0934
-69.6713
-35.4664
-86.2983
-77.4519
-61.8673
-87.4476
-104.59
-112.743
-112.016
-62.2587
-53.4617
-30.9261
-62.5272
-39.8872
-31.8155
-63.0197
-17.7964
-6.49006
-57.3597
-100.313
-26.1483
-27.7428
-44.7491
-0.638115
-85.2277
-92.2501
-90.3252
-102.801
-86.4291
-99.2582
-63.9612
-9.29629
-109.139
-67.5682
-59.3358
-54.6018
-95.387
-96.9796
-62.5303
-5.90641
-70.4261
-11.5633
-34.8066
-20.0598
-111.233
-34.2934
-29.3346
-79.9521
-97.1169
-45.5723
-36.8268
-96.718
-97.7007
-34.8851
-62.6894
-95.3694
-107.866
-13.6509
-42.0014
-71.9841
-66.5014
-44.7587
-84.4077
-46.4299
-91.6676
-96.6698
-39.9312
-31.9235
-43.1431
-75.7654
-75.7824
-96.0006
-26.3321
-95.8489
-89.4277
-49.9442
-25.6377
-62.5401
-22.0666
-105.508
-24.6271
-64.6651
-66.1849
-15.9761
-71.4443
-44.087
-76.0904
-43.2743
-108.813
-48.0836
-72.2926
-80.3884
-54.6024
-70.1955
-36.2782
-0.0566713
-70.7884
-80.6621
-30.3591
-81.4233
-5.00583
-103.817
-65.4289
-58.3937
-78.7673
-69.511
-92.8648
-11.606
-74.9093
-30.1095
-99.934
-66.2604
-70.2736
-108.671
-36.0248
-74.4676
-84.3953
-83.3363
-79.9439
-71.2798
-37.8859
-47.5444
-35.2581
-41.9379
-44.1563
-21.8303
-88.9286
-20.0912
-46.6518
-79.7777
-64.4496
-83.8019
-87.6293
-37.4366
-35.2331
-53.2235
-110.068
-26.4076
-49.4574
-51.8191
-56.1231
-105.383
-78.1964
-94.6005
-113.884
-31.521
-99.1594
-52.4765
-80.7658
-83.2927
-87.6659
-99.0866
-52.3577
-33.5772
-40.5487
-100.321
-54.9856
-45.4474
-50.2096
-66.4621
-73.5535
-0.965544
-60.6396
-49.6654
-74.5544
-111.931
-48.9551
-38.689
-114.233
-82.9115
-75.9715
-46.0223
-58.9656
-36.3691
-42.7528
-21.8876
-54.39
-50.6429
-18.7195
-47.2917
-92.7768
-51.4383
-90.4712
-43.5941
-42.4688
-108.712
-91.1659
-90.9248
-90.729
-88.5327
-12.2171
-27.7408
-77.027
-41.53
46.7578
7.93254
54.628
-15.1233
-23.1683
23.5955
-33.3982
46.5471
9.62888
26.1922
13.4228
-13.0879
21.0272
11.4745
-36.715
27.8664
14.7035
-3.59446
3.66521
16.4408
-22.28
-50.9314
-40.8313
-1.28943
0.0953546
5.11452
-1.83434
26.6945
-26.1981
-24.9966
11.198
37.0861
-44.0835
38.1809
16.4572
53.4033
28.2574
-38.6665
19.9642
-12.8139
45.5979
34.8401
-6.04528
-15.602
57.342
23.0127
-22.0169
0.859574
-18.4565
-16.7928
52.9519
-44.6388
-1.75282
-11.0327
-20.1243
-44.9963
51.8721
-11.2444
-4.19843
-26.6381
-9.1101
-1.70587
45.1098
-32.5229
47.1373
-48.5978
55.3837
-8.27684
16.1693
46.1509
38.5331
20.2684
-26.9967
22.185
3.99623
29.3467
-3.4138
55.0727
-55.717
18.6517
13.6804
-22.839
8.75155
30.4801
-21.1239
1.45671
-44.0568
44.9329
26.386
32.2868
15.3679
48.9637
18.4114
22.8568
-14.2661
-44.115
5.60812
-29.1847
15.3497
25.0584
-33.2341
20.9372
-15.0853
7.10256
-34.6179
-20.1873
2.1126
-44.1577
-10.2091
-31.5228
-33.9543
-12.641
-50.6215
-45.2902
32.5846
24.1418
-0.718221
-46.914
12.8437
-6.10797
12.3774
-50.7029
36.903
-20.9078
30.0984
27.9977
10.8764
-55.2544
15.2833
29.1203
44.8329
22.7657
19.4287
-28.9978
49.6512
-24.8852
3.76859
-46.9142
23.005
0.885767
-0.403971
2.95525
26.4457
-14.8925
-28.3793
20.1785
24.7369
50.5775
50.8716
-21.8583
43.58
-27.6877
-3.81285
-9.66273
23.3706
-29.0442
14.2543
15.3088
-51.7366
16.1221
-42.2074
-6.10376
23.4876
-8.7713
43.9246
7.6292
-25.3235
29.0651
-32.6583
17.5047
54.5323
-23.6953
32.6152
25.5161
-43.7255
35.6601
46.8084
19.7662
41.1294
23.3418
-6.51538
10.7646
45.7992
23.3859
-16.2465
-25.1872
25.5744
31.2211
-22.126
-27.8903
-37.8738
36.115
45.4463
-19.8505
41.9224
-57.0766
24.8523
17.3928
31.6714
-57.566
-110.413
-76.6925
-171.743
-117.275
-115.906
-130.565
-129.803
-67.3439
-134.514
-71.8181
-89.6599
-99.1164
-96.2424
-93.0163
-127.233
-132.587
-82.4217
-126.9
-131.838
-122.808
-111.598
-150.172
-122.754
-104.006
-101.166
-81.3044
-128.63
-114.951
-110.293
-143.012
-139.366
-93.7391
-100.29
-130.521
-121.241
-101.326
-112.76
-133.173
-126.122
-136.31
-75.0601
-129.536
-115.937
-68.6301
-57.7727
-155.738
-117.3
-123.031
-126.822
-128.203
-123.957
-161.868
-131.054
-141.798
-118.566
-89.8875
-85.346
-71.4551
-149.669
-80.5744
-115.167
-137.162
-138.128
-117.721
-64.8664
-62.4489
-112.607
-82.3209
-164.073
-86.8725
-133.983
-91.6693
-126.541
-131.435
-116.209
-85.3387
-103.864
-105.967
-75.6029
-113.683
-163.071
-83.1604
-72.6455
-77.2121
-60.928
-115.311
-101.883
-85.0401
-107.967
-114.445
-144.096
-65.1784
-82.3811
-99.1228
-132.427
-93.0364
-97.4162
-108.866
-98.0468
-68.0148
-122.353
-145.849
-92.2281
-77.4113
-99.8091
-101.515
-111.201
-107.665
-110.171
-97.5346
-165.973
-143.73
-78.5448
-98.9683
-118.28
-124.674
-133.049
-160.679
-144.935
-130.374
-102.626
-112.845
-66.6497
-102.934
-105.69
-145.791
-133.584
-83.5969
-97.4176
-110.062
-120.943
-100.846
-142.941
-120.556
-149.343
-110.982
-75.6932
-110.518
-105.853
-130.482
-73.1921
-111.882
-101.268
-142.829
-116.008
-120.765
-150.005
-100.683
-163.045
-142.992
-122.06
-165.342
-119.611
-172.435
-148.624
-135.082
-143.538
-138.842
-137.918
-142.413
-91.5938
-89.8185
-135.66
-102.754
-117.463
-126.245
-104.861
-64.3342
-129.867
-132.956
-126.44
-151.596
-115.671
-143.178
-89.3262
-104.251
-113.924
-92.7105
-63.0847
-90.5739
-109.121
-102.839
-80.3581
-121.686
-102.231
-63.9447
-128
-129.59
-117.219
-148.042
-120.253
-151.329
-133.873
-69.7447
-151.462
-117.184
-88.3401
-72.4752
-134.666
-152.553
-286.633
-174.635
-284.777
-230.401
-236.709
-282.105
-182.394
-254.545
-224.439
-246.24
-245.386
-257.934
-242.018
-243.384
-256.605
-240.377
-263.523
-278.41
-245.864
-178.55
-218.862
-278.479
-233.721
-250.049
-272.135
-266.147
-195.119
-239.837
-233.732
-249.02
-255.88
-233.634
-275.81
-282.135
-210.672
-211.485
-226.914
-238.065
-266.181
-267.88
-190.331
-223.235
-261.042
-249.433
-219.903
-223.258
-182.3
-237.083
-232.067
-210.64
-270.067
-187.117
-275.883
-261.06
-216.159
-244.412
-212.026
-187.374
-217.161
-224.375
-280.957
-255.749
-280.532
-182.884
-266.144
-260.836
-255.065
-257.448
-177.04
-204.521
-244.956
-270.721
-286.933
-269.896
-236.016
-239.6
-209.3
-240.294
-173.448
-224.452
-251.992
-224.634
-183.65
-233.491
-195.42
-214.466
-229.911
-283.048
-287.815
-262.995
-215.583
-256.635
-226.556
-196.082
-183.755
-235.959
-202.669
-286.818
-236.634
-274.882
-253.367
-192.784
-255.122
-252.333
-269.026
-217.591
-223.223
-262.553
-279.37
-288.014
-209.446
-215.86
-262.949
-248.041
-258.875
-207.688
-244.081
-232.352
-252.887
-236.02
-188.85
-189.454
-214.477
-219.256
-282.561
-287.02
-281.205
-203.39
-236.526
-214.608
-227.179
-221.192
-258.876
-247.311
-225.58
-218.85
-245.425
-228.023
-234.481
-250.26
-226.348
-236.57
-199.485
-264.799
-251.874
-200.66
-216.501
-179.613
-226.592
-259.567
-248.406
-276.312
-225.989
-266.268
-226.116
-239.239
-239.87
-248.424
-244.397
-257.544
-190.789
-272.491
-240.527
-180.542
-263.681
-243.213
-273.385
-230.291
-225.174
-202.867
-175.844
-245.849
-286.306
-208.7
-224.483
-250.908
-216.625
-212.158
-248.227
-234.585
-224.604
-238.474
-224.542
-222.289
-192.549
-247.786
-239.519
-279.427
-256.802
-255.434
-197.069
-214.939
-198.699
-214.242
-229.201
-234.671
-194.206
-222.526
-220.19
-196.953
-135.228
-201.563
-203.875
-174.752
-179.476
-142.1
-164.412
-130.443
-185.919
-208.615
-182.994
-120.02
-183.655
-171.87
-210.788
-208.339
-163.363
-116.72
-141.322
-220.527
-228.093
-213.716
-210.916
-159.039
-191.277
-120.156
-210.184
-158.683
-162.271
-184.547
-141.676
-222.587
-213.685
-159.761
-150.972
-137.665
-128.36
-138.827
-199.204
-213.104
-139.455
-118.862
-127.127
-172.853
-192.441
-191.623
-206.956
-139.956
-170.562
-172.396
-181.978
-161.811
-161.797
-215.073
-174.417
-143.021
-180.299
-185.513
-173.991
-185.579
-182.089
-157.902
-209.04
-146.676
-166.48
-122.287
-129.564
-195.83
-116.685
-222.921
-202.996
-209.734
-188.792
-183.616
-215.495
-225.04
-197.913
-210.493
-119.338
-212.552
-177.443
-224.504
-163.752
-187.714
-192.484
-150.905
-211.983
-137.178
-127.075
-162.9
-124.852
-207.215
-226.679
-206.241
-221.514
-164.72
-167.034
-193.892
-173.859
-173.463
-187.295
-215.826
-122.614
-222.04
-228.393
-202.233
-151.192
-221.844
-158.212
-119.937
-161.151
-175.71
-128.785
-137.181
-192.928
-143.245
-122.073
-158.804
-179.435
-203.333
-176.9
-211.933
-218.44
-138.189
-163.144
-171.222
-162.811
-118.375
-174.679
-140.725
-119.851
-144.004
-153.665
-219.054
-206.934
-175.579
-150.676
-147.13
-180.692
-185.207
-161.392
-204.283
-215.429
-229.432
-176.277
-144.808
-217.68
-220.145
-213.811
-145.198
-193.414
-207.435
-194.58
-123.627
-192.209
-180.739
-136.3
-183.623
-206.425
-208.125
-225.223
-142.73
-115.677
-151.015
-166.716
-188.653
-186.959
-228.489
-199.17
-190.226
-194.893
-173.554
-154.999
-136.82
-184.106
-206.167
-123.654
-186.854
-221.109
-142.284
-217.246
-230.52
-226.148
-156.859
-179.343
-129.5
-161.212
-209.997
-160.431
-216.454
-126.471
-166.435
-211.829
-127.416
-216.867
-152.775
-152.663
-192.881
-156.479
-220.751
-121.934
-91.7419
-111.927
-98.2742
-125.997
-74.3193
-88.2138
-142.658
-92.0596
-114.932
-89.9395
-109.772
-129.584
-138.933
-58.0103
-88.7995
-134.784
-166.025
-92.9037
-114.078
-109.585
-121.418
-112.843
-142.294
-106.278
-98.4996
-137.348
-122.51
-107.233
-110.105
-63.6317
-114.165
-110.285
-148.606
-122.804
-154.962
-97.2736
-113.118
-163.463
-108.338
-114.489
-131.653
-62.2082
-138.844
-57.9051
-83.6711
-132.501
-149.59
-114.94
-114.369
-109.438
-113.696
-111.305
-59.2408
-162.531
-117.426
-148.466
-148.182
-144.654
-104.178
-156.326
-112.621
-153.92
-120.652
-73.7943
-110.414
-68.1599
-68.9705
-98.832
-107.05
-91.4486
-132.122
-71.9792
-92.2708
-111.72
-134.602
-74.4508
-164.15
-129.744
-103.845
-111.782
-89.8439
-83.3401
-139.209
-94.6216
-69.9511
-159.759
-134.93
-84.7701
-100.596
-69.271
-155.08
-105.284
-93.0735
-101.482
-74.1645
-95.4182
-147.752
-80.9903
-124.803
-140.19
-137.43
-95.2252
-110.202
-133.701
-108.724
-110.196
-146.96
-153.042
-109.987
-131.52
-119.957
-72.207
-134.953
-91.7707
-130.471
-141.486
-81.4248
-101.808
-90.0967
-136.34
-80.4467
-113.697
-114.329
-89.7859
-93.5437
-77.3574
-103.366
-128.271
-110.211
-114.459
-82.8385
-141.283
-109.986
-163.142
-92.3668
-135.4
-83.215
-143.931
-83.3076
-63.855
-145.269
-63.1037
-62.2975
-118.908
-102.94
-114.097
-89.2274
-110.529
-114.532
-93.2297
-85.979
-99.3258
-117.503
-61.485
-137.014
-120.78
-126.079
-79.9562
-58.0152
-102.018
-96.8336
-119.234
-69.1761
-74.4742
-79.3099
-103.84
-108.492
-67.4785
-100.287
-125.141
-113.968
-97.8441
-109.013
-89.2587
-135.547
-165.886
-171.301
-96.9507
-141.931
-109.251
-87.8555
-66.8989
-107.488
-124.349
-107.535
-124.939
-109.731
-131.18
-138.75
-136.747
-163.037
-168.527
-97.0505
-105.643
-77.914
-100.31
-112.109
-116.74
-81.4267
-270.243
-253.688
-226.066
-246.891
-279.854
-255.422
-227.301
-249.369
-231.817
-214.144
-239.876
-214.411
-263.646
-193.41
-223.321
-212.081
-234.523
-225.01
-277.811
-179.093
-204.23
-254.575
-215.292
-232.196
-280.168
-220.712
-278.541
-286.146
-247.525
-277.4
-231.467
-219.424
-264.468
-193.549
-184.757
-209.353
-239.215
-229.089
-221.62
-274.861
-220.533
-200.883
-223.196
-244.422
-214.451
-215.412
-277.949
-244.159
-210.833
-249.867
-262.266
-220.542
-185.287
-228.652
-222.732
-244.431
-202.684
-234.613
-207.234
-216.112
-264.845
-226.161
-260.765
-220.058
-234.492
-260.889
-236.506
-279.375
-189.597
-210.075
-211.34
-275.099
-271.964
-226.527
-237.494
-219.398
-229.87
-284.486
-268.925
-238.947
-258.47
-237.166
-245.812
-237.809
-259.56
-251.371
-247.825
-231.562
-283.842
-251.56
-218.49
-176.221
-261.985
-239.904
-230.9
-229.733
-283.069
-242.432
-229.891
-225.036
-235.675
-272.545
-262.499
-259.028
-239.985
-224.293
-220.928
-248.926
-283.276
-222.53
-226.688
-280.038
-178.274
-266.904
-278.303
-215.531
-267.324
-190.423
-196.194
-197.791
-252.173
-191.071
-265.516
-242.502
-268.54
-229.521
-249.476
-254.268
-242.697
-224.234
-202.794
-269.5
-261.635
-277.289
-249.997
-272.707
-261.966
-254.068
-205.032
-260.564
-273.235
-264.193
-220.293
-232.374
-222.1
-263.541
-231.619
-264.117
-198.001
-268.524
-279.887
-216.013
-183.012
-228.447
-275.603
-218.162
-226.917
-229.079
-236.857
-202.822
-187.86
-219.916
-210.644
-279.298
-258.95
-233.059
-221.665
-254.941
-198.242
-214.573
-220.604
-263.957
-226.7
-252.973
-213.764
-283.964
-196.87
-231.915
-194.744
-187.12
-225.797
-255.682
-209.802
-251.596
-175.264
-240.767
-250.203
-250.314
-250.451
-226.505
-278.483
-259.319
-266.053
-214.951
-279.668
-260.102
-214.067
-241.466
-208.165
-274.19
-145.417
-119.534
-145.592
-193.921
-175.874
-142.381
-225.045
-160.022
-132.789
-151.229
-163.929
-140.802
-210.843
-159.725
-128.978
-222.786
-187.329
-217.849
-149.989
-207.461
-177.728
-183.15
-206.06
-208.974
-132.588
-163.674
-193.392
-167.595
-216.062
-151.274
-211.53
-220.062
-126.646
-169.104
-217.717
-150.789
-121.311
-191.041
-226.853
-155.295
-178.301
-181.882
-206.648
-127.604
-167.061
-153.824
-167.66
-128.067
-117.151
-145.935
-198.702
-147.168
-157.168
-138.312
-127.852
-176.16
-133.64
-140.026
-216.407
-153.081
-214.995
-146.75
-199.803
-126.385
-155.398
-200.787
-191.095
-185.233
-208.175
-223.254
-147.844
-149.595
-153.37
-158.283
-159.901
-150.265
-138.154
-165.173
-221.994
-138.768
-209.303
-162.666
-171.139
-160.88
-127.209
-168.352
-201.757
-179.753
-200.222
-214.873
-174.791
-134.349
-143.612
-160.301
-151.878
-122.868
-171.033
-118.502
-120.251
-220.823
-117.98
-178.008
-126.181
-166.473
-200.619
-206.865
-159.383
-152.88
-124.872
-169.182
-153.204
-184.027
-128.663
-200.794
-213.524
-146.244
-135.973
-191.1
-132.121
-220.95
-139.037
-229.97
-146.515
-192.886
-206.01
-140.865
-181.064
-173.75
-115.504
-199.139
-132.398
-227.325
-158.434
-173.068
-211.988
-213.121
-185.706
-158.596
-205.997
-178.43
-153.448
-197.258
-135.588
-153.316
-173.509
-117.464
-134.813
-178.799
-163.368
-159.541
-178.861
-192.481
-188.99
-133.096
-209.742
-132.462
-145.018
-167.606
-173.42
-221.539
-212.278
-166.834
-195.292
-183.588
-163.748
-131.718
-203.901
-148.915
-120.416
-130.521
-132.969
-188.645
-149.999
-178.27
-207.02
-226.683
-203.26
-141.222
-156.139
-150.483
-207.263
-115.778
-133.061
-123.217
-213.823
-127.644
-165.992
-194.442
-173.423
-204.664
-205.455
-159.927
-230.265
-178.206
-116.126
-219.758
-196.125
-137.029
-182.911
-122.963
43.9181
101.772
52.5003
48.3323
87.7209
12.5785
90.4479
73.4682
76.6445
62.7036
115.077
69.361
26.0918
102.742
104.313
50.5424
81.1297
66.6659
105.725
94.3795
45.2289
42.5033
29.5639
103.966
59.8274
78.6236
39.7854
31.165
38.3741
60.6255
80.6474
44.2174
48.7996
101.054
46.2872
102.137
82.1022
60.3827
54.2481
42.6898
36.0824
52.8186
78.0475
107.251
41.3841
82.8593
41.9332
64.2404
53.5314
113.594
96.5994
75.4331
57.7039
94.5738
60.6434
11.8105
26.0062
102.997
114.262
36.6843
34.4299
70.5316
86.5338
114.572
58.2593
106.442
75.2811
63.3476
83.9765
32.765
27.2173
79.7362
49.3087
5.70243
46.4135
35.8766
78.1977
54.5232
69.0042
86.5348
74.0968
17.6197
68.1215
60.0838
60.4166
73.6802
71.58
29.8972
77.4155
63.7352
82.9169
47.4975
49.0899
34.2732
70.1842
72.6922
57.4528
77.2095
57.0351
91.4071
70.3887
22.4063
85.1923
68.7683
86.1904
59.543
69.1533
58.5871
82.3321
22.8472
46.7844
62.5629
49.7971
68.7364
60.5049
15.9315
70.6822
95.9315
18.7399
14.8668
89.5539
99.1929
86.5994
91.3378
20.3224
108.149
73.0074
75.2329
112.352
93.8443
36.9464
87.0718
70.662
60.0063
35.1691
59.5218
52.7208
8.12147
27.2458
101.126
72.072
100.11
42.1562
36.5128
60.5547
30.5003
56.9903
55.9441
14.6217
91.196
28.1508
107.355
105.855
86.7568
37.8633
48.5253
75.0266
92.6439
76.9306
60.9496
63.1722
55.4089
69.1112
64.0419
84.3064
101.787
31.4375
44.031
85.3451
75.5243
80.3867
108.733
79.7252
77.6457
34.3754
55.2906
74.7185
58.2002
41.1428
103.194
53.403
4.18904
113.107
63.2048
30.016
77.353
100.153
34.0808
76.7363
46.4137
37.0432
35.3674
86.5576
44.487
31.7545
14.3001
57.4563
17.9188
39.7003
58.6582
-80.4637
-71.344
-93.8503
-29.7579
-55.1674
-103.432
-84.5289
-34.5167
-109.414
-56.3574
-96.0512
-58.8511
-73.0788
-63.0537
-53.3022
-47.5784
-11.5307
-59.2717
-26.0807
-58.0573
-47.1937
-53.6318
-111.586
-96.0694
-73.8121
-72.6822
-38.5623
-96.8428
-24.5064
-74.9663
-104.872
-64.2917
-70.2057
-1.55558
-61.3862
-49.8912
-73.6224
-18.8391
-55.2238
-84.8564
-100.244
-82.3779
-33.882
-62.8349
-110.941
-113.183
-59.8363
-39.9071
-66.1695
-43.7183
-61.4808
-35.1799
-60.7212
-33.2649
-49.3581
-44.0612
-48.9861
-101.67
-85.1355
-45.3985
-63.2842
-50.13
-35.5846
-53.8123
-66.5048
-21.9454
-68.8844
-28.9892
-113.292
-0.313174
-41.9332
-62.8035
-36.7715
-101.973
-87.826
-69.2046
-33.4209
-51.1912
-71.5597
-82.7083
-67.5622
-35.3313
-5.6625
-98.3335
-29.166
-112.825
-80.3015
-114.606
-50.2392
-95.2149
-23.7151
-104.039
-114.009
-39.8302
-55.604
-103.396
-104.608
-81.6486
-42.2898
-47.122
-10.4699
-80.172
-31.8113
-34.4614
-52.1184
-76.756
-81.8905
-97.6266
-56.4464
-36.0942
-88.7629
-33.5337
-50.3447
-111.926
-114.608
-94.1211
-67.3825
-28.9648
-49.7957
-44.4201
-42.9968
-98.3014
-95.2944
-46.1974
-52.6351
-75.1238
-56.7922
-52.5233
-91.4788
-29.8978
-54.8958
-56.12
-96.8854
-71.704
-83.4396
-49.1504
-97.8578
-64.357
-27.2942
-103.497
-67.5981
-74.6368
-105.156
-53.0966
-46.9675
-37.1847
-73.6239
-47.2409
-0.0774705
-101.952
-37.3165
-21.6098
-84.1539
-82.599
-59.5674
-78.3336
-59.3708
-30.9159
-38.1372
-98.6114
-36.0865
-11.4738
-80.0653
-79.8474
-98.0518
-13.2965
-50.7293
-59.5184
-69.7158
-54.4413
-54.25
-79.3453
-4.59624
-34.0178
-39.522
-75.0802
-83.8425
-23.2345
-8.05711
-92.1235
-64.7596
-80.5214
-56.4521
-43.3922
-106.818
-42.7601
-74.421
-89.0953
-40.4933
-30.907
-41.8234
-97.3075
-93.1252
-47.7869
-8.60143
-86.279
-67.5857
-78.37
-63.4371
-84.843
-22.2614
26.8675
-28.5739
-26.2059
-29.3937
41.9711
-11.51
-57.6883
-20.1178
14.0023
-35.5228
16.8365
-15.9328
-37.879
-21.9274
-20.7333
-1.04159
46.7655
20.9803
-43.947
-37.5639
42.3981
42.622
20.5718
-49.7515
-21.3206
21.6169
-22.2702
25.1675
-43.2198
50.9309
4.58536
-45.8066
1.69982
24.108
-56.2765
-17.9577
-24.342
-57.1565
10.7127
-52.3231
38.3837
-30.5647
46.677
-23.0248
33.7987
22.0293
-52.0144
-48.376
21.5998
-18.9026
3.53392
-50.0344
16.337
-43.2292
-33.0427
-41.996
0.216163
35.5392
17.9414
27.9596
55.6753
15.7617
-11.2423
44.4378
-7.79363
20.9122
35.6813
-7.38477
-1.13051
-51.6474
-35.1469
-57.5096
14.2473
14.678
-29.3512
16.4249
41.1973
35.2629
-35.2802
43.2946
-53.5798
4.18193
20.9797
-0.767943
-30.7755
-24.8856
50.629
1.62408
37.8439
12.5203
28.2606
20.1248
-53.5722
-3.03481
15.0458
-2.7922
-35.7768
15.7338
-39.2756
-8.84263
37.0053
5.01807
-43.5896
35.1534
36.7963
43.7184
-19.7037
-28.5801
-43.0866
27.875
42.1938
-39.2607
-54.0328
36.2804
11.7018
6.10151
-7.37171
-21.8276
39.012
-55.3925
-19.6039
31.5005
54.048
-15.8314
-10.0172
-1.80702
-56.7098
41.2156
-48.3015
-16.9391
29.7917
-55.0345
-29.1883
2.24025
-26.8243
41.815
-22.8243
-31.3277
47.4915
-11.4375
5.97011
-51.0568
10.4202
29.4241
30.7217
28.4257
27.801
-41.2251
-43.2073
-26.6493
9.89098
29.8114
-35.7261
36.0916
-52.1448
-18.1331
1.70271
-12.358
-24.8927
28.94
-10.7914
24.3106
50.7863
1.48927
24.178
-30.027
-25.2048
43.3967
14.0875
11.8205
-56.8077
-14.3448
48.8484
46.4819
-38.2886
57.3298
9.78789
19.2172
14.6806
1.96424
-18.3505
12.8315
26.0735
-30.0265
0.471411
-3.54634
39.3787
49.161
-8.01521
-25.1457
10.5786
50.7947
18.2126
-20.0273
33.6625
-47.0195
37.3521
-50.2041
24.3434
281.029
194.856
244.339
246.045
278.376
217.572
272.203
231.102
251.632
223.722
249.616
226.039
243.233
267.971
268.567
278.092
259.678
256.785
220.401
195.202
273.435
271.485
253.384
269.33
222.53
274.285
228.51
231.794
260.07
214.557
225.222
270.826
220.078
210.729
236.74
262.479
259.834
258.403
259.916
209.877
271.852
221.348
248.344
173.341
212.29
195.45
265.73
216.621
198.8
260.012
272.685
224.937
271.498
280.452
217.511
234.719
200.004
242.434
245.634
236.178
267.547
286.467
281.317
233.606
238.367
252.301
273.762
268.762
178.81
247.621
243.731
240.746
270.193
175.443
246.138
251.534
278.763
214.823
230.579
245.421
264.442
220.145
276.714
227.153
264.425
245.782
224.567
203.417
245.011
182.541
235.347
263.782
194.476
226.36
206.323
239.036
174.233
223.098
237.05
231.489
212.613
278.048
274.644
225.916
176.13
185.016
273.243
285.842
183.287
246.424
242.659
275.01
252.774
235.839
270.27
224.523
228.301
221.121
245.97
232.89
275.021
232.765
224.246
234.504
253.991
194.307
191.449
242.529
233.464
246.641
258.969
225.029
200.333
264.379
230.579
277.257
209.309
239.624
235.318
249.351
249.787
187.46
224.3
195.331
180.325
272.794
238.775
266.282
253.176
231.412
261.757
210.407
256.728
263.451
263.752
242.86
271.235
221.069
237.207
258.785
280.327
261.384
228.52
223.935
254.197
232.026
237.115
287.235
233.553
258.844
216.613
286.734
222.428
236.769
226.905
260.936
269.655
272.24
287.504
253.071
244.487
268.578
269.067
213.678
242.121
249.807
269.645
257.518
243.449
253.451
210.212
197.538
225.424
205.567
236.207
284.18
229.066
180.889
248.13
239.721
123.39
98.5149
146.117
88.5486
77.1899
125.881
106.726
78.1446
136.206
127.904
113.149
111.792
148.366
154.819
158.562
170.091
111.5
130.673
113.102
76.9006
131.398
121.514
81.9662
90.8037
103.087
132.522
106.541
61.9207
151.267
132.756
79.5886
67.9131
102.663
153.408
106.661
93.2743
84.8736
116.676
91.8042
166.653
142.492
92.6916
121.494
115.286
166.925
87.628
108.358
127.402
119.059
94.0589
88.7638
122.7
121.928
153.894
137.858
77.9262
71.9961
64.6205
134.337
139.778
112.908
94.907
73.0928
141.368
110.507
60.904
110.456
127.013
150.54
151.905
83.8041
59.9648
171.286
99.041
137.501
86.0847
93.0044
123.579
139.516
123.86
110.361
111.378
101.154
125.963
159.935
126.669
63.759
96.8609
91.051
93.8793
167.407
109.395
146.223
128.251
124.279
88.0025
145.876
73.1665
84.2174
107.085
90.6777
137.981
94.1296
130.394
89.2575
76.2141
83.5239
122.868
137.702
133.609
134.794
91.5771
144.11
140.45
76.8822
91.193
70.6434
95.6739
106.81
112.972
114.138
124.299
121.59
147.755
156.196
170.157
138.352
147.069
104.706
98.412
66.4112
134.361
135.084
118.828
101.119
126.367
130.398
64.855
100.609
71.108
63.0326
85.0293
171.287
61.654
131.311
145.765
130.352
129.642
122.034
143.293
126.306
94.6818
158.647
88.9928
87.773
120.168
170.163
95.0411
138.259
145.695
134.822
74.3809
136.585
85.7855
81.1437
108.46
111.184
121.305
100.728
107.494
113.912
117.732
83.9281
74.689
97.389
80.8705
154.578
82.5401
123.042
133.735
119.885
131.24
115.662
120.914
89.4139
93.5366
59.0649
149.687
115.744
161.218
120.845
129.363
66.0288
61.6763
118.766
86.1908
132.625
124.841
126.916
159.574
223.109
132.199
154.879
185.692
161.814
198.196
185.761
220.703
219.976
176.017
217.698
178.708
159.593
150.713
209.546
214.045
203.116
189.494
165.507
175.316
208.828
149.801
213.654
173.817
181.12
201.406
169.459
169.57
204.802
168.436
172.42
156.163
188.45
141.318
181.136
129.147
225.3
211.088
205.62
126.012
187.36
221.51
218.491
206.72
161.217
157.05
117.938
174.036
150.875
199.884
147.292
144.305
148.43
129.083
189.766
144.315
206.839
132.095
178.541
184.124
161.434
187.377
174.223
183.738
208.117
147.431
224.813
197.487
176.709
163.863
140.426
196.754
147.222
124.918
207.949
179.375
182.457
167.378
168.3
226.729
122.155
135.953
129.409
122.064
218.044
217.176
228.361
230.671
213.623
117.505
143.131
124.826
143.626
182.749
127.956
182.006
151.691
132.97
168.155
117.855
226.779
213.648
120.239
205.336
164.031
225.294
136.082
128.917
141.362
180.411
165.832
223.428
164.104
213.834
225.916
151.256
178.38
202.364
201.383
156.832
136.514
224.21
192.118
183.767
122.721
190.248
161.591
121.841
188.643
203.636
187.377
167.45
140.045
205.519
161.261
125.8
160.737
194.242
117.573
206.715
167.076
160.302
194.211
213.43
155.793
228.124
180.225
143.344
188.329
205.269
218.109
131.474
146.459
141.117
181.576
174.047
154.989
138.059
178.734
165.986
169.615
219.876
192.146
185.769
217.748
118.458
195.909
135.37
188.747
129.992
155.414
131.841
142.503
127.999
201.508
218.834
216.882
159.134
130.547
155.421
138.77
164.915
130.665
210.234
121.558
197.546
164.406
181.116
122.035
143.14
143.832
122.182
204.612
215.824
179.817
137.044
178.475
188.486
148.995
125.555
416.63
413.645
388.397
408.832
405.717
390.478
415.84
348.215
419.36
409.208
434.605
425.004
450.859
404.572
395.047
398.406
401.436
416.761
409.722
375.342
389.359
396.709
431.216
423.762
370.335
412.423
388.428
395.546
373.526
420.532
458.89
384.55
430.85
437.57
383.412
419.68
445.127
441.999
390.798
440.66
387.947
363.442
353.297
412.575
435.095
440.696
421.613
438.985
384.085
395.358
421.93
354.338
398.389
392.181
367.368
416.87
409.727
408.315
430.317
457.701
418.99
423.387
348.407
442.017
425.039
446.604
440.11
414.03
396.289
411.861
405.551
429.94
413.759
423.954
395.011
433.535
432.145
372.336
400.689
402.124
352.756
418.315
394.873
378.79
377.636
432.984
441.375
416.401
424.049
403.444
383.275
407.486
363.026
440.094
431.607
405.14
416.403
381.397
374.335
388.924
438.926
426.292
409.132
427.204
407.894
357.424
406.358
417.797
398.092
347.868
448.698
409.781
403.324
387.667
410.524
416.046
408.288
388.154
451.731
417.542
366.865
445.334
416.387
445.556
394.3
371.91
438.419
445.761
442.903
431.76
386.853
448.469
413.964
379.945
366.8
390.735
428.769
446.098
354.998
359.741
385.041
426.23
423.945
384.512
372.336
380.466
448.853
395.367
399.011
399.578
436.542
373.735
449.219
439.446
446.368
416.945
400.096
394.002
388.928
419.399
368.591
440.418
386.182
399.461
408.457
420.236
404.339
414.459
419.384
445.145
373.845
448.687
397.573
366.046
435.969
381.953
417.168
393.906
434.784
413.349
413.202
383.275
366.852
403.25
452.974
386.505
410.27
416.316
413.739
385.319
405.037
452.305
437.803
382.271
396.232
414.256
422.024
386.159
445.322
404.847
287.893
286.687
272.63
260.594
242.218
320.017
310.92
233.191
261.393
256.35
286.329
270.377
297.622
298.518
309.374
295.395
259.255
327.835
258.746
307.746
258.804
240.858
239.336
311.265
291.775
296.73
333.326
267.964
281.89
316.139
317.389
302.528
293.795
296.564
257.531
287.941
267.43
293.281
242.388
288.666
307.401
288.362
306.412
249.493
287.482
257.726
318.32
308.996
281.909
244.476
340.967
241.241
265.813
280.136
317.661
244.463
234.52
312.742
288.505
338.931
307.236
281.871
263.555
296.201
290.87
288.327
268.658
302.067
259.986
285.915
264.032
320.321
285.465
299.478
258.523
340.904
306.42
276.304
307.983
303.371
234.721
296.498
251.216
248.625
275.287
324.201
299.287
300.256
267.253
234.604
290.307
277.609
253.63
313.637
293.491
244.722
273.127
255.358
233.735
291.343
292.986
298.458
309.79
262.948
250.67
284.859
296.925
259.623
253.896
289.462
278.431
279.629
303.733
259.956
256.902
321.442
320.832
258.642
307.61
302.946
303.649
261.12
278.289
343.089
242.436
320.369
274.416
296.652
244.587
271.47
282.587
263.144
266.674
259.776
233.206
309.03
257.026
321.773
290.648
262.832
266.213
312.336
266.662
252.132
292.938
341.303
256.342
279.035
234.077
275.957
282.076
266.904
251.498
313.664
326.56
305.243
246.561
287.003
263.094
320.616
242.049
268.84
286.782
322.948
338.669
238.547
235.209
260.204
271.044
331.973
290.728
285.516
243.538
292.875
335.355
252.5
291.204
299.92
304.136
237.082
270.412
277.78
280.157
300.083
243.689
287.695
247.548
243.744
314.806
293.563
272.219
305.77
238.11
343.46
278.452
280.712
306.05
292.234
310.955
246.203
319.343
329.64
351.857
299.111
291.666
316.207
377.136
333.353
298.184
394.68
310.328
347.006
334.364
294.284
316.621
323.869
337.127
338.755
387.174
367.417
395.891
323.34
397.21
311.969
348.731
329.135
357.313
349.594
354.215
376.583
316.544
301.405
344.96
318.753
394.815
383.285
347.819
386.472
323.394
315.169
295.436
382.912
361.23
306.248
331.093
315.963
349.31
392.964
340.219
316.38
300.644
401.047
360.949
316.09
343.16
316.395
335.673
372.331
361.649
321.179
339.732
306.634
373.957
363.262
355.276
396.333
380.983
371.737
385.128
334.08
359.179
347.578
294.56
353.832
308.5
385.416
390.347
364.757
377.356
322.952
388.256
329.965
294.557
351.062
402.325
399.849
320.138
361.618
316.346
304.093
393.228
335.397
294.985
315.445
308.037
289.835
291.864
347.955
300.876
324.475
369.646
375.128
316.944
327.953
292.153
335.202
291.045
330.916
298.952
362.087
317.079
296.89
390.099
323.1
333.12
341.101
366.062
370.163
384.569
369.365
354.884
403.709
361.731
316.258
337.878
403.545
334.857
369.542
314.919
304.011
310.772
402.167
373.407
352.57
403.691
316.608
314.885
372.779
316.28
310.373
369.647
304.037
369.708
303.249
367.479
368.213
386.993
359.54
313.027
333.88
303.803
391.346
377.797
317.055
393.207
323.105
312.066
340.655
321.316
393.262
332.555
341.495
292.884
381.675
370.007
386.698
359.272
316.413
381.829
299.05
375.986
388.195
330.008
294.174
332.374
372.922
364.075
345.64
292.659
325.574
304.343
368.225
394.539
348.661
322.527
369.034
349.745
329.08
383.096
402.841
366.622
401.969
305.043
365.912
395.985
351.348
307.668
290.576
334.668
380.976
245.853
213.089
222.449
232.708
238.321
260.77
234.125
250.472
230.861
209.857
259.171
186.282
239.335
255.508
223.755
218.124
246.213
209.999
225.456
275.057
210.751
252.13
276.862
285.978
211.869
274.521
218.759
208.225
239.44
222.521
241.531
230.101
207.291
198.57
183.013
228.237
225.179
229.445
220.332
175.897
189.321
204.955
263.508
255.136
238.507
277.374
287.62
248.893
254.71
208.543
226.884
275.822
282.813
288.304
239.299
244.523
243.859
202.381
210.126
251.234
230.733
279.539
227.041
231.97
221.697
281.7
240.27
278.725
231.524
280.093
259.713
227.867
268.195
263.825
231.665
271.883
284.962
221.133
240.933
191.509
215.822
286.568
275.682
256.859
263.091
246.144
277.997
227.743
240.855
232.543
225.245
248.971
248.709
223.715
222.922
224.468
242.402
280.725
225.94
232.286
220.549
249.088
223.03
269.027
268.248
281.494
200.663
256.422
179.693
217.545
271.573
286.566
213.745
240.412
200.36
200.873
201.059
175.782
228.039
248.311
209.149
215.272
233.367
288.479
232.983
249.577
201.758
189.152
208.071
278.181
262.691
253.648
186.797
274.502
218.482
268.618
255.351
222.68
257.844
187.202
249.727
220.339
230.624
187.643
229.775
219.034
256.519
251.842
207.402
175.089
282.352
260.477
200.935
282.87
213.197
268.388
201.977
249.976
186.751
202.181
215.472
216.449
260.591
200.911
212.305
188.629
229.716
233.548
281.202
276.892
266.687
195.171
240.033
196.841
258.214
180.012
218.911
208.356
203.966
182.264
274.015
271.092
273.757
256.255
217.074
259.731
267.132
215.022
239.332
258.153
278.854
223.147
246.139
225.954
286.66
200.06
259.24
206.056
192.416
251.754
133.542
105.923
164.243
93.0196
97.1895
102.424
111.445
125.441
125.208
78.9817
125.565
90.751
147.58
112.133
125.889
93.68
70.6726
147.124
156.323
93.7551
100.796
111.937
106.607
153.83
82.3514
111.28
150.388
111.374
117.04
110.154
101.322
94.7543
77.6214
136.937
73.1516
87.5498
113.283
128.512
114.241
106.696
95.0809
125.318
145.841
138.112
115.757
72.8508
82.7903
111.229
116.469
136.885
74.5803
129.315
123.626
159.144
104.895
84.2583
132.319
139.538
68.4437
69.295
113.421
77.3998
100.43
131.085
83.0758
59.4307
94.849
148.637
153.643
88.8752
123.718
87.7728
97.9141
114.293
73.3523
75.4913
111.683
98.1317
95.0116
84.7307
123.709
82.6164
138.755
136.461
167.406
152.003
164.664
140.832
149.61
75.0525
109.025
119.288
96.0865
152.174
123.182
113.352
74.4386
113.863
95.1856
130.15
71.8274
94.8705
125.667
126.563
120.174
109.734
119.899
124.349
59.9257
85.6462
139.476
144.302
131.897
141.131
118.971
71.8678
91.4599
101.718
141.411
132.348
61.8111
104.783
132.708
73.1153
135.359
100.609
123.07
136.027
102.608
146.443
108.724
141.781
116.582
137.158
123.116
122.752
90.5498
123.776
76.6582
79.0868
158.664
121.815
96.2485
74.947
80.569
100.74
101.286
103.301
159.742
83.2173
63.013
91.5589
123.493
95.4528
100.16
97.9855
114.175
70.1718
128.929
136.101
132.855
77.5078
129.08
101.88
63.2317
70.0451
143.851
81.5726
80.4102
68.7818
142.481
162.751
112.823
170.424
60.8152
154.011
162.455
101.938
138.539
110.613
115.603
136.695
89.0422
125.897
114.915
125.3
84.0996
110.205
58.1752
81.4366
61.9879
107.963
104.963
107.643
78.7817
57.775
108.886
59.363
87.7668
70.1651
147.838
216.169
155.771
220.104
214.618
171.292
212.354
198.727
218.205
223.183
181.444
146.863
188.324
224.754
128.631
177.809
204.127
222.281
192.622
186.212
199.702
133.249
173.007
174.876
128.244
165.194
183.439
212.68
222.918
155.342
115.741
222.211
182.352
174.389
219.415
166.687
204.533
172.554
199.475
210.901
180.1
229.829
213.836
190.144
156.276
158.182
229.554
189.652
171.646
197.156
214.221
121.827
180.013
141.854
175.439
218.129
171.002
188.953
134.515
139.339
125.033
140.954
187.526
204.863
169.859
189.684
149.647
186.477
201.967
203.167
140.11
174.753
171.222
150.592
154.336
166.701
161.558
197.241
130.147
143.849
147.928
228.97
147.042
182.185
194.286
175.694
152.325
192.394
197.921
137.396
227.468
210.931
205.757
179.393
196.996
222.227
168.074
178.808
201.347
224.478
204.154
133.536
189.526
218.817
132.147
146.674
122.737
144.805
193.728
180.149
196.322
148.949
135.281
162.637
187.731
145.301
198.178
214.345
220.858
167.805
213.738
146.848
213.081
172.82
189.626
177.071
164.668
179.891
176.348
201.365
188.116
217.102
149.582
223.81
202.123
175.021
159.693
172.957
210.78
195.67
187.016
135.258
180.811
126.985
227.439
171.115
169.377
178.17
164.658
168.603
169.058
126.862
157.762
142.476
194.077
146.847
144.78
157.327
189.958
160.599
161.096
163.747
194.767
150.098
229.493
217.052
187.759
176.936
167.107
157.712
116.013
115.526
224.478
207.849
161.77
173.939
188.73
163.073
169.592
134.108
137.704
196.919
127.221
185.071
180.309
219.457
177.795
227.618
129.854
227.203
201.771
184.004
151.231
141.784
131.557
204.56
158.443
227.248
192.265
207.147
96.9353
82.2941
8.33304
102.753
101.377
73.0406
97.321
50.5804
59.0368
104.671
83.0618
35.0523
8.25472
96.1997
86.7163
73.2711
83.6098
57.8846
74.3927
20.2657
111.618
66.4053
72.0457
46.1904
79.4788
27.9856
87.6039
103.712
4.1948
81.9488
57.8701
57.5198
92.35
67.6991
9.27651
81.4892
98.6747
46.8409
18.3321
104.083
99.5266
60.2241
96.8777
35.484
99.4569
59.9673
64.0871
85.7023
84.3055
51.3795
39.9842
51.9707
31.8731
98.4944
36.9371
36.8114
38.0587
41.5658
105.135
54.5555
17.1394
47.5994
84.5936
94.4021
30.2463
96.7527
73.5921
63.3956
35.2827
15.3602
52.5605
18.8496
114.5
92.0668
86.0856
99.6631
38.5553
104.722
47.7983
68.9256
92.5924
105.211
46.4035
75.5795
55.4994
49.682
47.1935
90.7314
103.983
45.7521
45.0025
63.7669
45.0769
101.602
70.3164
48.0985
54.2452
83.5323
89.8488
73.4315
107.977
56.1434
59.5666
65.7575
84.9936
99.5049
94.7517
20.0699
34.9803
40.1489
42.2288
99.7174
59.3778
35.0032
42.3168
37.2029
8.03059
43.5346
56.2696
56.4268
92.1414
37.5553
83.6742
59.2943
7.59699
84.2909
38.7519
98.5201
53.3883
27.0293
60.0287
47.8793
65.3845
30.2657
49.6656
64.2637
13.3492
7.49484
115.131
56.3192
103.07
35.4009
24.4362
32.6343
108.35
71.723
33.0578
104.863
79.7996
108.608
93.826
106.764
97.1639
57.3536
69.2447
41.4536
48.5423
93.3223
88.5949
50.4491
111.996
66.5923
63.5453
54.0354
75.6724
75.408
43.3451
11.8653
3.27711
81.8596
18.737
80.5631
36.3096
5.73746
98.6916
84.2898
10.1115
52.687
54.489
64.845
74.6799
87.1348
55.6962
76.8793
108.46
23.968
72.0076
77.2707
41.5731
39.5673
51.8145
31.092
55.4121
38.6166
26.8771
50.9182
13.3353
88.1697
114.404
72.0705
-110.184
-28.5134
-48.1369
-35.4647
-83.507
-44.8858
-82.0907
-85.7792
-84.6948
-92.5408
-38.4762
-68.2909
-94.5845
-7.73629
-20.576
-52.4567
-40.9623
-59.9985
-47.8967
-108.152
-38.462
-31.8663
-109.604
-31.7998
-108.692
-79.5291
-88.9093
-48.2727
-50.3993
-84.9997
-39.6128
-72.3153
-6.43786
-89.8925
-8.33998
-81.9716
-65.1289
-80.7876
-80.6888
-82.7487
-28.3787
-15.2961
-94.868
-30.146
-91.9703
-60.5262
-87.3871
-34.7789
-100.861
-47.4931
-101.137
-30.8661
-104.675
-32.6262
-113.768
-1.5564
-105.93
-87.783
-4.81049
-88.9497
-108.514
-84.796
-32.4493
-21.1768
-93.9971
-46.4582
-65.1251
-5.02955
-54.7616
-72.6162
-77.8563
-27.5412
-65.7019
-65.2902
-65.6047
-24.3694
-24.0206
-71.7988
-62.7251
-53.2108
-77.6944
-36.5879
-82.9683
-28.4436
-45.2708
-1.11018
-86.3876
-59.732
-96.4183
-99.7035
-76.4511
-43.1876
-13.4615
-90.7181
-50.9867
-15.7754
-51.155
-47.1114
-74.0437
-82.8402
-60.4343
-51.059
-56.2207
-56.9082
-11.0089
-62.1005
-102.62
-84.6735
-68.8261
-48.8489
-58.7052
-53.8816
-113.98
-102.129
-20.7047
-113.142
-42.0172
-9.09391
-103.068
-47.7366
-99.1083
-110.372
-57.8488
-51.0905
-94.2937
-64.2893
-38.4511
-59.3717
-36.5515
-102.385
-52.9412
-27.7064
-39.285
-1.62124
-55.6437
-46.8445
-68.6073
-56.1813
-82.7005
-107.415
-71.3931
-100.43
-54.4207
-97.708
-105.636
-38.8537
-91.4798
-82.1062
-37.8339
-96.4533
-53.6293
-31.7303
-60.0701
-46.581
-86.9318
-80.8508
-76.6094
-47.1741
-44.0137
-45.5685
-58.0105
-73.2418
-41.5947
-66.316
-102.074
-39.1087
-66.9344
-107.902
-45.3384
-42.3904
-55.846
-87.1085
-24.2967
-71.1537
-20.041
-56.4329
-65.2717
-84.6263
-110.457
-14.8386
-37.0551
-54.9686
-21.9709
-113.771
-19.1631
-54.633
-71.4629
-49.5017
-82.9661
-2.09204
-92.98
-92.1355
-102.056
-62.3593
-67.4153
-42.8643
-113.38
-42.0802
-93.1526
-48.8612
32.3407
-3.48492
18.2494
-33.4416
0.718856
8.37138
-29.4054
10.2869
-0.955106
27.9929
42.0326
-10.4503
-3.79813
-12.1326
35.7799
30.0575
12.9406
-54.6022
41.1528
21.6396
-8.74138
-7.69838
7.65605
-38.7016
50.2335
-33.6764
4.95109
37.5609
51.5312
-38.5926
6.6488
-37.2469
-0.66661
0.200012
-37.6854
-26.1221
-2.35208
-47.6147
22.6326
31.0564
-39.7578
17.6315
48.0554
53.0466
-55.4175
9.8096
-24.7214
-0.740571
-48.9829
5.30894
32.578
46.8434
-7.13435
-9.13687
-11.6157
4.43364
26.3666
26.0313
40.0739
-51.8407
3.92189
-11.1422
-47.7809
55.5416
35.393
4.05152
35.722
22.5665
-54.6156
-26.2472
1.09758
17.5799
-49.5901
45.7691
28.9582
7.48978
31.7806
6.63436
-7.08931
21.9883
-18.6271
54.697
-14.7613
51.5019
-25.6727
-36.6159
-38.548
-42.1804
-1.8922
-32.1018
29.0065
0.443835
1.8496
8.74697
-27.291
-53.386
7.46683
24.5195
-44.7961
-20.4792
-42.5216
-6.55389
-25.7356
-3.12412
56.8921
-14.3889
-25.4923
39.4172
-11.7688
-54.5043
50.3906
-47.3885
37.6274
2.76898
-3.98012
2.14672
21.037
-44.9479
46.6622
-13.9937
-36.6999
14.46
-35.2799
-56.3627
-48.7462
-37.9534
13.47
36.5796
7.13066
2.02083
9.96583
39.3422
-32.6122
-23.1447
-40.3173
9.36309
27.9767
13.2812
-1.68073
-39.7441
-53.0551
-27.5334
51.6212
45.4598
29.8219
10.1528
8.37105
-14.3376
23.5458
-1.53736
22.1613
-16.1999
-43.1426
22.1256
-29.1842
15.5383
-38.1925
-27.8639
-43.4606
18.0857
29.2753
56.9749
30.3964
-14.1521
-45.8871
-44.5643
34.7711
-7.88618
-0.220153
-46.9194
-8.2698
-51.1747
39.6714
51.1414
16.3123
-26.2604
39.0315
-49.4023
-45.3288
-45.7896
-38.6144
-8.38619
-26.55
-22.4959
1.59486
-48.1109
31.2839
17.831
-39.3383
14.5096
57.669
-3.43304
38.6997
33.5308
8.30575
-5.47134
51.7508
13.4287
-39.9403
-23.6848
-102.602
-107.879
-162.418
-84.0798
-87.3827
-142.253
-119.065
-84.8113
-88.2079
-120.283
-102.282
-144.397
-71.601
-84.4512
-84.144
-59.3675
-103.752
-134.195
-95.3086
-105.214
-107.849
-128.021
-126.473
-72.0509
-117.437
-122.441
-125.247
-77.4207
-138.696
-65.5336
-98.4841
-106.446
-128.522
-90.4721
-131.92
-156.111
-145.733
-126.789
-131.898
-168.703
-126.743
-58.5965
-66.6793
-165.357
-86.4506
-94.0692
-79.8958
-120.955
-72.0914
-70.9465
-90.5403
-128.713
-85.3735
-141.039
-61.4074
-86.8964
-138.893
-157.992
-89.6988
-91.7098
-94.4273
-92.3218
-111.38
-99.5141
-83.2657
-65.5263
-147.009
-149.141
-155.352
-100.899
-76.3286
-81.0885
-131.066
-112.516
-96.012
-71.0683
-135.21
-172.964
-88.2081
-143.03
-156.176
-110.542
-134.643
-82.509
-80.9714
-98.7412
-122.491
-96.3766
-86.4947
-77.5923
-115.981
-138.65
-118.487
-96.555
-101.558
-98.647
-120.981
-133.412
-122.672
-60.2646
-101.67
-106.243
-59.62
-128.11
-144.768
-156.21
-102.504
-103.767
-95.9329
-135.078
-119.368
-111.409
-122.68
-137.42
-97.0043
-121.995
-125.982
-89.7806
-147.828
-170.439
-81.9286
-64.2895
-80.6965
-81.8887
-98.4449
-86.5661
-102.499
-87.1542
-150.37
-109.389
-81.6578
-136.721
-152.431
-133.908
-111.802
-149.057
-122.03
-144.422
-86.0436
-91.3722
-76.0013
-119.924
-129.204
-126.114
-84.7472
-105.987
-85.2905
-81.9405
-150.687
-114.395
-159.683
-128.464
-60.4506
-148.669
-114.557
-139.537
-109.513
-143.124
-78.0254
-91.1719
-149.587
-146.313
-83.8862
-95.8815
-78.7225
-164.279
-133.536
-84.6032
-130.017
-82.0443
-123.878
-68.987
-88.7914
-128.578
-85.6272
-149.646
-108.506
-110.264
-75.1972
-88.3016
-134.701
-105.475
-152.813
-87.6413
-131.026
-132.091
-151.68
-142.278
-113.504
-127.567
-123.513
-63.547
-102.114
-135.145
-91.1812
-155.163
-77.353
-122.34
-119.898
-116.379
-264.613
-222.695
-253.597
-281.031
-260.314
-246.346
-207.259
-278.046
-227.586
-178.942
-228.559
-238.577
-284.074
-282.259
-238.132
-282.942
-192.901
-232.151
-253.763
-231.415
-265.593
-233.598
-247.686
-282.613
-234.3
-267.061
-220.004
-263.599
-283.671
-210.705
-234.068
-260.65
-212.142
-257.822
-208.898
-187.834
-264.48
-258.351
-266.709
-220.367
-231.467
-280.162
-249.005
-221.763
-236.713
-237.595
-274.869
-250.192
-275.061
-222.286
-282.497
-227.788
-224.47
-272.086
-268.349
-274.734
-179.219
-281.798
-253.925
-272.081
-281.122
-236.995
-219.544
-212.878
-269.307
-229.13
-274.863
-278.886
-231.425
-265.818
-212.912
-216.434
-272.093
-222.013
-251.794
-226.651
-244.841
-212.481
-236.215
-274.753
-260.035
-214.245
-248.505
-236.118
-253.38
-278.872
-221.016
-215.35
-194.53
-185.739
-246.66
-263.838
-244.269
-246.247
-206.61
-226.998
-239.101
-252.728
-221.519
-263.74
-232.076
-204.71
-227.761
-245.345
-283.805
-220.611
-230.002
-285.2
-205.284
-238.811
-270.063
-221.593
-231.274
-250.496
-231.218
-256.569
-256.35
-182.415
-248.134
-214.354
-251.23
-180.241
-254.307
-236.392
-206.414
-267.21
-205.657
-233.818
-214.459
-288.633
-225.014
-254.84
-252.639
-278.519
-279.222
-250.636
-190.038
-184.326
-199.853
-252.559
-274.359
-273.655
-276.562
-264.179
-179.842
-236.916
-226.915
-278.744
-258.949
-232.511
-227.476
-200.843
-183.103
-238.63
-226.673
-210.735
-254.239
-269.993
-277.408
-255.078
-259.924
-233.192
-230.64
-241.98
-248.692
-262.691
-229.448
-264.683
-233.298
-259.546
-267.823
-206.108
-245.053
-264.993
-189.057
-222.683
-241.074
-182.095
-279.404
-266.515
-235.619
-225.192
-189.412
-285.832
-211.991
-273.514
-236.677
-286.769
-233.588
-265.725
-200.551
-226.808
-234.985
-173.689
-231.636
-178.442
-242.846
-211.373
-222.073
-254.257
-218.6
-164.821
-158.159
-200.551
-163.43
-212.505
-157.552
-166.753
-137.847
-171.855
-139.862
-204.144
-140.768
-119.786
-182.516
-200.905
-207.266
-209.711
-137.828
-152.244
-201.507
-170.836
-136.924
-188.43
-229.79
-118.159
-222.325
-182.57
-225.797
-229.354
-134.575
-215.114
-224.066
-172.382
-152.239
-183.523
-208.971
-167.612
-145.351
-136.089
-194.591
-122.405
-224.345
-123.883
-179.014
-137.141
-118.749
-159.98
-138.492
-133.261
-201.16
-170.946
-133.599
-190.338
-133.91
-138.739
-189.601
-216.683
-145.989
-170.341
-120.659
-140.612
-206.938
-152.486
-172.956
-227.454
-128.472
-217.564
-135.829
-154.051
-210.142
-180.57
-137.493
-186.33
-188.721
-137.239
-207.321
-186.312
-136.301
-149.712
-152.242
-160.2
-182.841
-192.054
-203.226
-216.308
-152.545
-150.23
-154.023
-189.978
-150.697
-202.525
-159.757
-115.707
-204.413
-159.285
-229.522
-155.754
-159.28
-123.889
-166.994
-218.786
-226.722
-126.628
-168.117
-142.757
-207.143
-147.421
-126.958
-129.574
-140.734
-197.788
-158.784
-131.015
-188.945
-204.808
-186.746
-174.815
-133.062
-195.327
-227.211
-134.485
-194.207
-145.971
-214.426
-220.783
-139.776
-194.873
-226.053
-163.397
-213.614
-184.967
-227.701
-181.602
-205.533
-203.17
-125.225
-206.311
-222.815
-155.396
-203.75
-135.347
-141.483
-137.209
-227.915
-228.454
-213.334
-200.149
-115.771
-139.398
-133.87
-131.285
-220.991
-180.989
-198.594
-222.409
-154.099
-151.665
-199.208
-185.013
-143.864
-198.434
-151.082
-201.961
-152.412
-172.939
-211.477
-132.346
-217.752
-155.635
-144.865
-203.561
-219.771
-173.061
-164.901
-163.6
-223.097
-158.36
-151.238
-134.64
-219.905
-193.013
-222.674
-183.639
-157.039
-221.994
-194.764
-130.105
-156.867
-225.03
-127.696
-160.2
-201.909
-227.285
-211.553
-151.057
-126.205
-219.766
-154.258
-120.721
-306.814
-325.342
-345.25
-308.155
-302.421
-327.589
-254.299
-245.471
-321.617
-233.032
-284.827
-273.351
-238.012
-306.211
-235.268
-269.461
-255.753
-256.153
-252.109
-267.802
-317.257
-236.943
-244.854
-297.871
-252.1
-319.344
-276.167
-273.781
-277.057
-235.687
-306.547
-256.104
-310.387
-318.363
-273.241
-342.64
-239.78
-248.212
-296.88
-296.139
-275.766
-240.709
-298.028
-276.651
-265.055
-338.92
-239.002
-286.908
-264.026
-285.573
-273.427
-270.237
-273.832
-261.246
-317.401
-260.777
-236.412
-300.351
-272.32
-243.52
-279.31
-301.841
-304.18
-279.588
-257.239
-325.309
-304.914
-285.603
-287.883
-316.244
-257.221
-273.109
-269.555
-318.902
-311.664
-250.745
-326.272
-325.811
-267.57
-343.333
-339.332
-310.734
-296.034
-271.087
-281.187
-319.877
-328.413
-244.761
-238.467
-281.473
-297.748
-265.773
-337.071
-256.882
-293.546
-274.198
-307.121
-264.021
-295.227
-295.006
-342.801
-260.201
-326.633
-298.423
-320.784
-308.263
-269.332
-300.661
-284.511
-324.425
-289.045
-305.654
-295.683
-342.505
-251.135
-239.077
-270.656
-232.555
-243.164
-261.899
-255.828
-266.457
-270.445
-251.403
-306.775
-299.687
-291.81
-313.499
-263.383
-250.994
-289.91
-270.411
-232.302
-307.365
-308.699
-288.507
-276.978
-267.901
-266.575
-277.878
-267.741
-324.159
-304.08
-317.139
-294.855
-325.107
-258.149
-325.902
-243.806
-293.327
-335.525
-281.069
-290.317
-264.023
-330.929
-282.961
-295.675
-269.141
-242.188
-341.927
-302.931
-254.906
-326.162
-297.304
-295.895
-237.095
-253.76
-233.203
-284.524
-260.152
-284.738
-270.297
-301.769
-252.425
-345.859
-258.383
-247.582
-311.329
-256.227
-295.087
-330.228
-296.821
-234.091
-312.208
-287.532
-320.269
-319.437
-322.852
-296.349
-340.932
-311.182
-258.891
-290.994
-288.126
-255.411
-264.231
-327.581
-334.989
-280.738
-278.346
-412.21
-398.918
-423.33
-422.456
-461.855
-363.086
-425.293
-357.779
-456.042
-451.904
-460.595
-416.931
-431.146
-366.389
-387.004
-457.864
-366.909
-383.119
-399.134
-416.794
-409.26
-414.523
-384.264
-439.792
-398.069
-384.778
-397.237
-423.733
-412.999
-357.952
-431.736
-421.606
-455.181
-437.782
-412.096
-418.916
-438.38
-355.963
-391.753
-381.21
-383.195
-414.512
-359.946
-449.881
-382.777
-371.146
-457.701
-434.741
-433.614
-442.095
-450.417
-400.704
-356.734
-448.995
-451.59
-394.937
-415.147
-382.818
-453.457
-425.125
-445.53
-385.565
-429.501
-357.4
-416.068
-403.058
-458.769
-428.634
-377.669
-450.925
-453.198
-371.976
-430.444
-448.763
-386.033
-431.91
-431.636
-440.684
-384.713
-421.136
-360.502
-427.981
-404.412
-436.987
-428.216
-459.615
-395.355
-445.443
-420.998
-455.719
-368.291
-417.234
-401.826
-397.527
-451.606
-461.086
-452.055
-444.312
-406.787
-450.5
-455.321
-452.787
-387.898
-385.094
-409.177
-402.169
-401.555
-365.391
-414.118
-421.367
-392.545
-429.799
-431.674
-451.093
-390.319
-389.343
-405.756
-454.794
-352.303
-417.127
-420.765
-398.544
-365.667
-388.088
-441.646
-390.65
-421.4
-378.832
-365.136
-434.064
-377.802
-410.22
-455.342
-389.548
-390.473
-445.006
-452.861
-400.542
-402.863
-347.414
-409.273
-401.122
-389.808
-401.112
-348.011
-419.041
-390.693
-404.197
-437.167
-365.546
-388.889
-382.003
-421.731
-379.496
-383.649
-369.939
-358.997
-417.551
-354.646
-423.294
-384.582
-401.28
-434.234
-349.198
-393.119
-455.936
-390.328
-431.523
-353.161
-445.498
-409.452
-434.412
-431.797
-416.546
-418.985
-379.77
-352.209
-458.175
-398.165
-359.615
-450.331
-392.217
-449.824
-412.618
-418.017
-409.797
-402.011
-415.786
-428.029
-427.331
-410.965
-450.153
-458.705
-401.124
-447.734
-366.445
-401.611
-384.401
-405.314
-428.375
-367.324
-379.609
-361.703
-319.862
-372.462
-328.872
-353.107
-365.889
-333.396
-391.638
-331.739
-373.168
-352.969
-336.924
-308.06
-290.322
-318.069
-335.023
-342.187
-355.177
-291.683
-352.604
-388.549
-304.399
-403.574
-327.578
-389.523
-303.983
-297.828
-404.042
-361.491
-318.844
-344.73
-356.292
-320.265
-318.504
-404.144
-329.496
-338.743
-304.004
-336.166
-381.818
-326.614
-303.391
-399.511
-337.717
-383.295
-307.599
-342.491
-350.936
-394.724
-297.847
-402.04
-375.381
-375.902
-387.709
-347.229
-365.65
-395.939
-384.819
-300.728
-396.17
-366.446
-316.144
-338.683
-314.772
-346.069
-389.206
-384.485
-399.427
-327.816
-382.056
-393.092
-312.051
-289.143
-397.121
-297.681
-355.785
-307.344
-313.967
-389.223
-398.848
-314.861
-385.853
-339.195
-375.477
-350.855
-300.717
-315.163
-365.139
-381.567
-372.068
-397.329
-328.58
-337.349
-336.527
-386.344
-291.719
-390.785
-318.121
-298.263
-352.119
-386.806
-310.964
-330.797
-334.547
-327.802
-379.235
-312.149
-374.047
-320.742
-331.161
-363.356
-324.451
-333.886
-366.785
-348.245
-293.022
-348.392
-321.023
-317.62
-349.712
-314.64
-393.567
-356.019
-300.876
-315.686
-395.09
-308.096
-307.098
-395.106
-290.456
-347.719
-402.658
-291.572
-324.821
-362.375
-361.107
-329.195
-403.393
-387.519
-360.66
-334.503
-386.955
-304.461
-290.101
-325.774
-292.391
-373.002
-312.451
-371.983
-316.326
-353.087
-397.561
-394.578
-345.416
-352.09
-343.358
-351.861
-324.126
-381.147
-336.735
-371.872
-319.04
-319.044
-293.237
-354.903
-350.083
-321.828
-401.704
-361.945
-396.831
-354.246
-340.838
-369.323
-356.092
-370.134
-402.024
-375.816
-380.557
-359.202
-373.872
-298.592
-348.586
-361.335
-373.716
-304.652
-355.964
-379.721
-381.125
-361.113
-313.642
-295.979
-377.635
-353.51
-318.079
-386
-349.556
-292.173
-355.174
-260.389
-252.111
-292.037
-246.854
-242.281
-303.367
-246.557
-237.719
-233.416
-299.456
-308.67
-293.419
-261.166
-234.653
-310.256
-332.939
-232.463
-237.671
-268.932
-281.532
-314.191
-325.814
-304.113
-319.927
-288.489
-273.455
-250.501
-279.698
-278.826
-242.376
-285.241
-305.124
-298.655
-313.236
-340.594
-238.155
-285.477
-243.094
-278.344
-274.189
-263.806
-321.705
-273.842
-269.783
-313.406
-313.46
-244.82
-267.838
-331.701
-291.876
-239.756
-257.218
-284.137
-329.55
-286.48
-310.731
-274.336
-268.133
-281.6
-236.404
-275.265
-316.76
-317.563
-310.726
-289.86
-266.446
-264.393
-293.766
-283.904
-273.166
-261.633
-259.063
-254.12
-306.457
-279.685
-292.943
-301.482
-281.854
-235.12
-313.949
-340.786
-261.432
-297.699
-316.511
-270.297
-309.03
-281.863
-308.052
-317.756
-300.955
-238.142
-272.696
-312.196
-275.843
-301.027
-286.87
-257.341
-291.431
-267.685
-263.247
-270.625
-313.388
-260.359
-262.2
-320.241
-271.528
-237.968
-232.422
-340.291
-251.553
-301.905
-283.322
-255.731
-311.279
-309.194
-235.075
-256.804
-269.085
-329.117
-292.133
-320.388
-267.587
-342.42
-235.161
-249.262
-296.109
-244.576
-309.745
-261.401
-251.432
-334.756
-314.275
-278.122
-281.91
-292.15
-283.478
-248.558
-305.628
-259.676
-302.058
-271.795
-312.903
-296.995
-266.92
-330.126
-252.09
-269.381
-288.236
-236.974
-327.145
-302.795
-306.894
-264.39
-312.549
-238.277
-281.98
-246.685
-280.705
-251.856
-252.085
-332.967
-255.158
-343.53
-235.704
-237.844
-295.652
-302.322
-290.361
-280.058
-294.468
-304.586
-343.849
-329.886
-298.719
-242.257
-239.653
-344.954
-307.461
-253.43
-257.907
-283.383
-293.651
-267.38
-327.697
-333.769
-308.644
-299.946
-302.863
-331.997
-256.013
-293.02
-286.996
-322.988
-336.351
-268.91
-273.603
-231.288
-273.123
-300.9
-314.085
-361.565
-379.983
-349.132
-390.429
-434.078
-385.936
-410.916
-406.958
-422.854
-377.48
-390.174
-387.585
-404.276
-451.283
-363.221
-450.043
-452.002
-391.45
-406.331
-383.699
-439.17
-414.84
-388.427
-347.025
-408.445
-412.486
-428.27
-459.082
-408.195
-439.634
-355.871
-434.729
-392.153
-402.087
-409.628
-427.009
-387.018
-410.967
-432.556
-386.342
-425.503
-402.091
-455.042
-394.24
-380.736
-457.808
-393.885
-375.109
-386.851
-423.95
-453.16
-381.071
-390.048
-399.839
-387.659
-437.478
-364.75
-371.902
-391.433
-424.179
-398.916
-414.052
-372.36
-427.122
-446.594
-433.57
-359.641
-392.725
-359.43
-421.95
-430.717
-423.182
-431.295
-443.503
-391.023
-380.431
-427.869
-398.56
-423.47
-378.308
-421.218
-403.535
-455.233
-400.713
-386.422
-366.05
-391.112
-440.702
-400.214
-387.432
-396.444
-365.114
-405.134
-444.543
-423.653
-444.982
-445.873
-404.343
-432.521
-440.673
-434.02
-426.745
-418.99
-404.387
-403.572
-377.3
-447.023
-449.436
-442.938
-409.731
-451.427
-441.064
-372.251
-390.836
-417.166
-375.632
-417.739
-450.867
-388.54
-455.05
-421.928
-378.158
-432.198
-460.472
-395.754
-390.448
-446.032
-380.592
-360.943
-459.117
-420.139
-370.499
-348.329
-405.867
-409.809
-439.627
-406.108
-416.091
-441.024
-397.262
-431.221
-396.171
-434.957
-432.623
-383.638
-382.585
-447.312
-432.698
-375.348
-359.583
-352.699
-407.634
-412.573
-447.578
-441.626
-420.584
-391.667
-397.733
-445.363
-407.514
-419.04
-356.988
-443.021
-386.266
-372.361
-446.606
-381.324
-456.554
-388.668
-389.411
-456.899
-369.581
-398.719
-453.575
-411.722
-447.562
-401.406
-409.678
-383.405
-374.782
-393.783
-380.645
-431.964
-354.087
-392.172
-430.218
-357.469
-370.962
-404.457
-438.652
-414.187
-451.847
-420.843
-440.314
-423.851
-445.998
-425.431
-356.539
-392.655
-454.066
-398.056
-345.708
-322.074
-322.917
-317.468
-369.506
-343.239
-332.151
-306.848
-347.524
-356.41
-389.77
-383.775
-382.443
-349.853
-314.59
-316.3
-373.915
-377.561
-306.444
-302.252
-316.662
-403.264
-360.581
-398.481
-313.87
-387.566
-295.429
-363.977
-377.518
-329.918
-396.928
-370.836
-360.018
-362.088
-324.43
-378.962
-382.577
-331.641
-390.377
-366.226
-329.365
-380.185
-367.664
-321.75
-294.675
-337.742
-391.403
-360.512
-325.055
-338.934
-293.02
-377.836
-293.88
-345.524
-329.21
-327.744
-316.21
-327.475
-380.681
-324.827
-352.929
-371.602
-312.919
-366.085
-357.984
-393.452
-382.613
-357.745
-339.741
-385.7
-388.917
-374.122
-343.539
-339.884
-395.32
-310.291
-290.724
-295.5
-348.476
-348.903
-350.699
-309.96
-292.671
-346.125
-328.13
-354.959
-328.079
-299.865
-356.356
-388.386
-341.588
-323.643
-348.058
-370.667
-345.889
-343.888
-367.588
-341.357
-367.857
-335.967
-339.367
-368.012
-295.875
-336.423
-340.56
-341.948
-356.419
-354.374
-399.904
-329.917
-293.52
-367.352
-329
-338.546
-346.237
-401.234
-373.168
-332.897
-349.989
-372.801
-349.109
-335.694
-294.252
-315.33
-291.674
-363.093
-289.474
-323.853
-357.431
-321.088
-329.637
-397.066
-342.19
-357.004
-324.588
-327.276
-391.41
-371.171
-382.027
-299.401
-371.991
-339.229
-379.018
-378.733
-306.029
-353.765
-378.366
-335.174
-380.549
-374.975
-292.501
-382.847
-364.515
-307.863
-322.913
-369.993
-344.626
-377.671
-402.848
-327.304
-358.438
-317.197
-359.502
-375.264
-337.691
-363.185
-334.406
-327.809
-323.991
-341.509
-292.341
-308.757
-338.988
-340.856
-376.454
-396.295
-386.96
-352.739
-328.276
-310.412
-314.354
-292.557
-368.072
-381.672
-313.947
-329.089
-400.031
-328.755
-299.725
-389.455
-323.438
-303.673
-320.397
-371.024
-361.019
-290.73
-363.656
-328.002
-381.539
-272.887
-251.213
-308.036
-308.998
-298.77
-293.534
-279.264
-232.784
-276.597
-278.937
-291.636
-323.841
-280.287
-288.033
-282.649
-254.61
-314.982
-301.799
-258.241
-240.642
-252.729
-326.096
-282.323
-264.52
-300.731
-273.931
-339.436
-268.135
-294.57
-271.189
-333.566
-281.844
-309.348
-287.673
-282.447
-258.489
-270.203
-287.9
-239.2
-260.711
-273.295
-335.814
-337.942
-277.709
-257.665
-250.917
-294.777
-309.74
-243.461
-255.692
-256.065
-235.473
-275.047
-332.719
-312.459
-253.913
-292.496
-302.187
-279.023
-256.533
-253.214
-286.147
-295.002
-264.978
-333.501
-326.818
-270.494
-260.496
-256.337
-250.129
-335.732
-259.361
-236.926
-285.325
-244.775
-266.355
-296.575
-295.503
-312.777
-340.499
-271.336
-282.977
-321.73
-284.389
-270.223
-331.26
-343.065
-235.27
-233.495
-249.933
-231.885
-331.211
-284.82
-237.911
-285.381
-325.154
-330.722
-264.807
-290.722
-277.765
-258.234
-310.363
-308.185
-260.122
-306.938
-239.63
-253.755
-273.277
-337.256
-330.084
-252.724
-245.279
-279.188
-297.499
-281.34
-270.854
-274.346
-284.22
-285.155
-288.396
-323.956
-262.17
-297.917
-232.817
-295.248
-275.757
-304.459
-314.616
-244.982
-278.984
-238.273
-311.57
-267.914
-300.89
-275.96
-252.243
-287.144
-293.208
-304.303
-255.662
-328.477
-318.707
-274.078
-263.589
-258.223
-281.78
-248.71
-293.159
-303.245
-295.159
-259.828
-257.536
-288.353
-307.601
-265.036
-272.27
-304.281
-311.943
-242.952
-271.156
-261.461
-275.116
-270.213
-271.34
-312.616
-237.707
-298.107
-276.731
-243.554
-256.122
-266.059
-234.544
-311.506
-282.925
-337.26
-231.722
-262.838
-285.072
-245.694
-305.306
-293.921
-250.071
-296.556
-243.949
-246.944
-302.071
-296.04
-305.867
-272.37
-297.727
-299.057
-284.321
-255.531
-278.898
-295.227
-254.574
-271.01
-242.733
-274.462
-288.284
-430.42
-419.123
-445.876
-406.556
-408.454
-429.109
-449.934
-412.691
-403.292
-436.723
-356.294
-415.725
-392.744
-373.896
-376.236
-364.612
-380.313
-458.577
-432.722
-379.292
-395.779
-433.809
-418.478
-445.076
-408.173
-415.541
-449.033
-392.509
-360.225
-360.528
-362.072
-346.85
-389.884
-410.634
-421.78
-374.368
-391.15
-425.278
-461.133
-385.642
-359.811
-395.008
-388.153
-405.648
-412.792
-384.457
-409.339
-435.769
-402.641
-386.073
-427.692
-423.655
-382.082
-444.164
-445.637
-444.072
-355.779
-398.974
-442.77
-385.912
-401.164
-401.543
-399.49
-418.514
-390.195
-404.085
-356.303
-453.081
-421.675
-409.697
-403.287
-396.311
-440.089
-391.329
-352.095
-393.826
-405.69
-420.813
-432.283
-424.402
-405.536
-377.905
-399.525
-457.5
-410.234
-424.654
-358.245
-420.27
-408.916
-398.154
-363.114
-370.044
-446.257
-395.958
-347.595
-452.332
-404.919
-428.83
-379.266
-419.323
-437.997
-370.634
-380.349
-452.421
-447.011
-349.127
-458.568
-354.842
-394.253
-375.087
-453.845
-367.381
-407.97
-417.842
-409.711
-411.353
-394.802
-378.321
-404.196
-391.164
-373.731
-400.933
-412.625
-366.377
-381.958
-414.427
-429.151
-392.747
-350.054
-434.247
-461.17
-427.525
-456.585
-445.941
-454.817
-412.631
-374.849
-427.783
-423.056
-441.779
-395.709
-402.721
-419.283
-399.169
-376.947
-398.795
-410.589
-347.192
-347.253
-400.181
-347.805
-418.632
-347.708
-384.934
-427.073
-396.056
-406.23
-443.284
-439.252
-392.865
-410.187
-403.739
-407.134
-415.987
-405.207
-447.937
-427.421
-396.7
-411.695
-409.515
-392.76
-423.577
-451.425
-402.179
-428.053
-403.869
-400.085
-382.457
-397.911
-400.51
-353.487
-440.801
-420.02
-365.975
-441.167
-442.119
-372.281
-425.371
-392.562
-378.931
-404.87
-407.674
-424.372
-367.042
-403.227
-427.464
-417.642
-430.128
-457.769
-395.448
-304.763
-325.001
-290.81
-384.439
-307.06
-321.433
-328.268
-368.099
-369.715
-339.629
-326.983
-364.766
-324.251
-394.498
-378.442
-332.283
-378.91
-403.208
-320.732
-327.33
-295.795
-327.347
-319.186
-303.568
-375.329
-377.028
-295.097
-321.961
-302.221
-367.279
-317.266
-383.307
-363.764
-311.338
-376.519
-331.64
-369.104
-343.62
-309.569
-361.626
-384.953
-325.161
-384.465
-352.536
-304.681
-307.939
-311.015
-340.96
-318.779
-331.006
-364.975
-314.238
-387.795
-340.612
-390.482
-322.532
-332.216
-367.836
-362.128
-380.289
-368.37
-394.464
-397.017
-289.522
-340.658
-394.988
-373.671
-344.44
-339.497
-350.794
-337.127
-365.159
-385.136
-301.993
-341.759
-376.631
-378.827
-326.824
-299.515
-370.874
-353.923
-383.191
-368.239
-303.287
-293.499
-384.075
-355.37
-334.112
-301.54
-363.242
-318.93
-363.835
-297.822
-296.3
-312.542
-364.72
-382.94
-331.469
-348.716
-362.085
-313.492
-320.117
-298.413
-329.686
-329.122
-392.034
-355.557
-317.713
-359.189
-390.594
-360.264
-376.026
-355.102
-306.199
-375.008
-296.3
-302.796
-327.983
-299.514
-395.375
-387.942
-331.26
-329.084
-292.114
-347.46
-375.06
-325.846
-366.163
-394.021
-398.069
-364.143
-307.297
-325.576
-366.605
-323.566
-398.623
-341.854
-359.005
-388.678
-332.826
-333.82
-317.497
-360.373
-370.743
-331.367
-376.238
-381.635
-389.717
-324.532
-404.073
-315.761
-377.087
-298.881
-294.532
-389.91
-357.329
-354.082
-323.25
-323.059
-385.556
-367.046
-338.369
-292.79
-368.986
-330.383
-299.864
-371.858
-345.087
-332.603
-364.558
-356.745
-289.983
-335.409
-350.861
-312.061
-364.795
-306.677
-366.864
-366.545
-363.155
-373.383
-376.876
-293.087
-339.29
-368.359
-318.281
-403.609
-307.9
-381.885
-386.127
-353.377
-372.17
-318.579
-315.868
-401.316
-337.004
-295.016
-359.684
-384.671
-350.59
-82.3671
-113.855
-72.3963
-125.309
-68.208
-92.5234
-172.055
-119.993
-81.4109
-82.2721
-112.011
-125.542
-137.246
-83.7309
-98.3746
-133.657
-76.0991
-84.7177
-92.3024
-114.596
-152.612
-106.464
-98.9886
-78.6135
-80.1769
-65.6286
-58.3132
-85.1731
-103.011
-120.412
-58.202
-94.5326
-87.2087
-158.825
-64.4322
-136.471
-105.31
-118.43
-77.8412
-98.4316
-100.255
-116.679
-99.0981
-104.95
-127.448
-130.63
-65.6585
-144.386
-121.08
-63.8288
-96.4196
-91.4996
-138.504
-109.036
-62.7166
-136.461
-106.575
-111.071
-102.974
-110.993
-127.454
-59.7985
-153.412
-82.392
-143.748
-76.5073
-75.9804
-151.741
-86.4644
-78.9192
-133.332
-123.194
-117.472
-149.731
-157.707
-156.334
-134.725
-133.765
-102.537
-96.3876
-70.6153
-96.9819
-142.3
-139.334
-94.7839
-101.934
-124.561
-120.279
-97.8727
-114.054
-79.7442
-120.167
-131.136
-151.166
-125.414
-67.2002
-146.232
-166.419
-73.0203
-103.141
-76.9465
-171.422
-168.53
-117.872
-138.972
-146.629
-156.612
-117.086
-115.327
-161.955
-95.668
-112.86
-125.963
-128.555
-114.428
-98.7079
-122.387
-87.0256
-73.0032
-61.922
-158.377
-126.389
-112.863
-158.066
-135.782
-94.547
-161.227
-86.8307
-117.985
-131.73
-162.019
-100.946
-87.6656
-120.49
-119.323
-91.7419
-85.3367
-100.226
-114.048
-88.5558
-76.1815
-74.3663
-170.395
-66.8247
-76.7317
-113.684
-85.5755
-101.276
-95.2608
-95.5339
-139.307
-99.0885
-78.998
-133.823
-101.119
-91.1339
-136.379
-134.693
-132.709
-116.425
-100.519
-89.1412
-85.3567
-105.057
-98.0163
-132.142
-83.2933
-137.402
-106.81
-95.0209
-122.816
-109.382
-105.124
-98.2264
-108.36
-166.75
-127.237
-128.232
-121.607
-115.122
-63.8586
-134.49
-137.773
-134.753
-123.504
-124.807
-62.3758
-131.847
-126.86
-118.569
-122.642
-128.208
-73.6806
-94.1365
-114.804
-106.635
-120.859
-98.4165
-151.485
-78.3655
-248.188
-233.054
-197.414
-228.996
-223.721
-194.011
-215.461
-189.074
-231.399
-281.21
-244.416
-262.996
-218.665
-237.472
-262.797
-265.095
-204.528
-254.988
-234.426
-270.016
-210.658
-247.497
-249.007
-241.087
-264.146
-238.376
-224.891
-200.544
-279.951
-193.453
-235.015
-271.856
-207.467
-265.655
-247.887
-273.618
-224.988
-238.426
-201.984
-194.12
-282.944
-202.829
-214.958
-264.675
-234.089
-208.216
-262.685
-217.399
-214.341
-288.114
-238.66
-236.366
-273.017
-235.028
-202.836
-281.902
-227.528
-203.66
-242.516
-265.355
-284.77
-276.706
-226.921
-239.737
-266.45
-221.799
-180.584
-258.689
-268.474
-232.038
-279.281
-253.781
-272.519
-267.091
-228.415
-213.994
-241.609
-230.878
-228.907
-248.073
-210.112
-229.688
-229.68
-208.702
-276.104
-227.588
-180.547
-274.495
-224.365
-239.652
-281.024
-220.636
-279.311
-260.168
-216.204
-263.505
-216.478
-248.38
-270.522
-286.091
-252.869
-225.879
-237.592
-189.4
-288.521
-285.814
-264.182
-216.92
-239.313
-233.069
-275.493
-246.259
-253.841
-222.777
-236.909
-215.532
-271.906
-250.601
-225.251
-240.321
-181.983
-242.005
-222.868
-268.15
-263.83
-287.317
-230.761
-224.475
-250.359
-237.205
-245.427
-187.645
-229.934
-254.035
-230.24
-242.049
-224.073
-287.378
-248.016
-209.527
-246.103
-211.938
-249.936
-224.552
-221.88
-240.625
-211.07
-173.606
-222.665
-221.987
-231.602
-223.212
-272.652
-262.785
-191.097
-267.839
-252.654
-192.045
-213.95
-234.912
-265.165
-257.127
-242.017
-232.484
-282.457
-245.343
-220.985
-176.748
-235.22
-241.979
-217.985
-203.42
-181.507
-245.726
-225.844
-229.387
-235.22
-237.754
-188.189
-188.295
-216.638
-253.439
-231.168
-271.158
-241.498
-237.916
-212.107
-258.092
-287.035
-213.493
-262.513
-225.147
-235.977
-218.712
-262.061
-189.832
-243.494
-186.213
-252.048
-237.35
-122.679
-190.771
-224.918
-211.746
-187.718
-212.637
-168.472
-200.348
-147.211
-122.357
-182.432
-185.263
-122.532
-193.753
-196.314
-207.261
-223.879
-198.101
-229.995
-120.922
-164.012
-192.79
-129.685
-205.952
-150.926
-131.358
-157.258
-214.913
-137.623
-140.938
-150.655
-143.63
-192.786
-200.967
-197.242
-146.23
-203.04
-171.97
-200.56
-137.99
-167.881
-157.895
-210.691
-130.791
-150.506
-143.546
-126.447
-199.542
-194.617
-135.53
-209.4
-210.126
-162.855
-137.023
-230.17
-206.748
-158.694
-132.749
-162.258
-179.891
-175.163
-192.595
-165.82
-221.109
-154.51
-195.286
-187.007
-148.145
-212.145
-220.213
-170.006
-142.31
-157.9
-206.391
-178.482
-222.231
-193.835
-227.661
-217.521
-183.463
-118.131
-141.957
-128.149
-132.362
-122.06
-222.576
-174.362
-139.197
-226.365
-193.7
-158.194
-133.11
-144.854
-191.914
-212.916
-157.233
-137.713
-165.837
-213.279
-134.874
-140.523
-141.168
-229.53
-145.604
-182.938
-191.305
-121.805
-164.474
-137.8
-219.19
-224.949
-133.724
-210.488
-203.132
-123.239
-141.819
-122.366
-193.38
-151.709
-199.848
-165.139
-205.471
-193.603
-218.665
-221.422
-200.761
-152.271
-227.658
-225.529
-159.097
-189.199
-126.373
-119.826
-116.768
-223.783
-148.426
-225.555
-195.647
-176.337
-160.724
-132.792
-193.057
-204.865
-213.008
-159.966
-180.794
-177.597
-192.245
-215.937
-155.584
-144.663
-212.074
-198.234
-159.04
-143.321
-215.151
-179.047
-210.243
-218.038
-147.012
-192.443
-128.4
-195.098
-136.191
-164.097
-187.382
-161.722
-168.371
-169.038
-219.439
-182.598
-127.401
-158.934
-117.92
-142.528
-124.928
-179.86
-215.237
-208.368
-222.459
-130.83
-221.194
-147.914
-149.042
-226.541
-210.553
-158.012
-226.963
-225.969
-213.083
-124.039
-168.426
-197.479
-158.878
-161.134
-205.404
-200.038
-183.207
-157.37
-187.172
111.605
41.223
22.4265
19.2159
42.6565
64.6957
38.8828
37.6615
55.2684
107.426
109.316
87.7171
56.5911
27.8252
76.6548
74.7941
85.8137
100.793
93.7771
85.5902
103.987
42.6143
68.9149
55.2713
77.133
109.607
76.8546
18.9441
81.6358
14.6412
51.4375
110.346
69.1043
19.2909
88.6444
64.5663
59.0274
71.7222
111.847
44.0305
51.6628
25.9299
31.4776
54.4204
114.773
12.0376
66.2736
106.495
74.153
20.2033
76.5191
73.0047
51.3256
67.8505
12.0297
79.3188
37.3431
82.3021
51.1147
102.163
31.0025
98.6505
10.7515
48.1611
86.4094
88.22
61.9711
103.183
71.7367
32.4633
108.102
38.3645
72.8985
31.486
61.987
80.2034
60.2589
54.1404
5.06754
75.5352
49.7672
78.9656
38.5531
87.1273
104.575
32.9139
8.74272
51.5786
71.2968
56.7959
88.3383
48.0655
51.6608
71.4602
68.5428
44.5008
53.4997
53.4964
42.4557
80.6637
55.8591
18.4267
49.5817
87.2485
34.9739
68.9157
69.766
78.1228
76.0527
93.8188
82.1582
65.1997
54.0275
46.5284
56.0668
49.6259
62.1027
76.0716
105.622
57.7824
32.0005
82.6799
77.4514
51.2351
24.6036
64.0105
57.7228
57.0149
87.9071
31.9963
66.5429
35.1035
113.186
58.3148
68.9529
59.3253
60.3279
60.3784
88.4974
70.4147
50.0393
86.6071
38.9776
96.4916
50.4387
61.6874
42.0959
18.5505
42.4301
81.7078
14.8459
45.1874
72.4963
83.7599
94.4251
94.3995
62.2287
2.8684
20.4437
38.0796
64.184
91.8175
38.375
82.1697
7.63663
34.8569
95.3136
75.3738
3.14788
88.7342
97.7167
84.4936
18.8297
68.0373
105.772
34.9758
47.7372
12.1236
40.6897
34.4597
42.3552
45.6966
104.714
7.17189
38.476
63.3569
76.4922
88.3325
25.7748
5.35695
43.9507
47.3465
35.8762
79.6892
42.3324
109.93
47.4895
59.9957
74.4406
59.9691
-94.2353
-59.4462
-49.4993
-88.2813
-98.3799
-95.2066
-70.7867
-51.66
-47.6505
-27.091
-104.407
-36.6495
-37.1848
-65.3016
-37.5757
-96.7796
-84.515
-112.382
-72.8507
-35.1495
-52.6292
-93.3912
-16.3523
-104.419
-56.2898
-41.2173
-96.1853
-30.1947
-115.4
-46.3473
-104.056
-31.3286
-66.6053
-40.1087
-55.285
-109.132
-55.4927
-57.1625
-114.475
-46.558
-46.5673
-15.6237
-104.348
-51.1578
-63.5553
-78.2612
-66.5599
-31.4553
-99.622
-112.795
-14.5405
-79.6032
-57.3414
-35.4528
-21.1552
-61.6002
-27.695
-60.438
-102.097
-67.0461
-31.7429
-35.1978
-45.5845
-92.5005
-102.654
-55.626
-76.27
-33.6169
-0.551765
-23.4167
-105.967
-56.7306
-37.4324
-47.012
-103.577
-47.0412
-46.0566
-74.3026
-6.83903
-37.9527
-20.8213
-74.736
-36.4571
-49.615
-66.993
-103.709
-59.3231
-33.5023
-61.1057
-102.652
-63.1932
-106.903
-31.5218
-58.2206
-32.5993
-60.433
-44.4436
-98.2461
-11.7807
-98.1757
-53.3567
-71.7944
-37.7789
-75.2652
-44.2867
-15.2466
-31.3148
-51.508
-77.9027
-28.054
-99.3766
-51.4051
-55.3419
-44.3786
-58.9581
-56.0802
-69.3927
-73.2263
-70.243
-85.7755
-61.4398
-45.7771
-52.1985
-105.666
-91.7737
-84.5856
-102.645
-57.1439
-54.1939
-16.8181
-48.3582
-95.9124
-56.8442
-92.1805
-71.6671
-13.608
-37.6475
-82.1912
-45.9664
-49.5484
-59.8147
-55.9891
-102.401
-78.955
-97.9304
-38.88
-46.0437
-102.931
-111.537
-70.69
-84.5086
-57.0369
-53.9489
-76.9587
-70.7145
-101.759
-68.1494
-55.8668
-31.2282
-30.8543
-61.5604
-76.1539
-78.3613
-38.2913
-88.4214
-27.2725
-108.887
-71.3854
-24.6476
-85.8946
-61.9028
-93.0906
-58.4977
-10.0913
-50.2382
-24.5876
-54.1006
-113.358
-72.3629
-98.1467
-114.084
-73.8266
-80.1114
-97.0285
-79.439
-68.9455
-79.308
-36.6035
-90.9951
-36.6065
-110.414
-50.3952
-63.7404
-81.9239
-101.904
-113.046
-68.9006
-77.2776
-97.5812
-66.3134
29.0904
-19.0922
32.6728
15.894
-4.4148
-52.4062
-13.5923
-41.6237
-16.6811
-28.4566
22.1614
10.8644
18.8286
-45.687
-47.7886
41.5796
45.4661
4.40368
-6.21542
24.3516
39.9112
14.9879
56.0893
-9.15209
-26.6829
33.3322
36.7218
4.29017
27.7505
41.7712
-4.58447
-13.6429
13.4486
22.9406
-35.7182
-38.2575
-1.17336
16.0951
7.91816
42.8719
10.4527
-11.3513
-1.5102
25.2398
-36.7911
-14.8343
-39.6217
34.6771
-56.19
-38.2142
-27.8587
39.7002
-29.8337
-20.306
-2.45493
35.5811
-19.8125
-4.98694
25.405
-9.67113
53.6081
-29.4257
-33.9573
35.5649
-30.8654
32.6658
31.0981
-37.3845
-40.0706
-6.43062
0.384184
44.1693
-42.89
45.1135
-21.1342
3.65404
39.9711
-9.37398
20.9779
-32.8387
27.5724
11.0339
46.5505
-47.9632
-7.64648
46.1641
5.79317
35.6124
-43.0809
-8.85274
24.7133
-11.2339
11.1933
13.4383
-1.8908
15.162
26.7286
-0.605171
-10.935
9.21526
-46.2779
-13.6589
-12.5271
33.4436
42.1856
-2.2953
-4.73171
29.5598
-7.13757
-20.7719
-15.0547
-22.0702
51.7194
-5.05951
26.7001
55.8092
-25.1362
-30.7173
-1.8458
46.9686
-12.0057
54.6603
57.5929
-40.8028
-54.7571
27.2071
1.32624
-51.8659
-24.9082
-21.9014
38.1861
52.4576
3.1762
-12.969
-9.98702
4.59671
-20.6812
45.0148
11.7964
-41.0346
25.2932
25.1403
23.7987
-39.4231
57.6442
28.2737
-22.2471
-19.2146
-12.2956
-52.6792
7.74804
-37.1892
44.7667
-43.6032
6.22704
38.0023
49.4858
21.0508
54.2373
-3.3407
11.1203
50.3413
-29.8256
-18.4342
21.3539
51.3914
-42.6592
44.8028
-12.2177
30.2844
-49.4351
20.0485
3.59103
18.7116
17.0309
-5.11837
49.6944
-32.4165
50.6768
36.701
-57.0426
9.8692
-15.7963
-56.3581
-53.9136
13.5358
32.0804
26.9114
-47.7234
35.7815
34.165
-57.0319
3.12239
-4.2449
48.5978
-32.3701
37.8919
-41.8214
50.1487
-5.48431
215.159
234.165
211.013
278.525
268.764
276.691
225.656
258.025
231.242
260.07
281.367
275.718
270.835
251.484
216.433
190.566
224.837
209.257
221.249
228.062
287.067
232
173.42
241.379
277.978
265.122
249.158
231.429
278.554
223.85
249.935
280.944
254.581
267.24
275.732
195.033
245.008
251.677
228.825
269.141
213.036
217.792
250.971
238.976
206.876
257.58
288.612
219.138
275.527
210.079
265.916
249.143
248.847
278.27
212.837
217.036
214.798
209.553
244.032
286.195
224.982
184.59
215.882
239.436
224.191
213.312
255.946
239.398
221.887
245.862
255.522
206.895
283.451
183.307
239.133
225.169
271.936
219.168
256.625
270.204
281.679
258.417
246.751
224.889
268.572
265.613
229.154
283.09
256.527
190.546
257.826
190.298
203.392
226.498
233.73
243.073
226.407
258.888
259.127
268.823
282.926
200.024
258.855
242.215
184.235
203.979
241.665
246.013
228.79
229.945
214.633
202.663
227.56
264.1
226.895
219.005
229.965
234.371
178.881
232.373
255.152
251.66
203.502
212.426
220.383
282.521
192.118
210.661
269.24
216.613
254.285
216.017
219.673
201.154
195.737
205.198
232.657
198.725
281.664
220.025
251.757
257.375
236.155
268.888
276.061
244.829
181.925
270.081
241.612
206.563
277.786
177.489
220.762
252.214
214.439
268.07
197.691
191.56
280.593
208.976
187.549
248.277
273.086
228.099
271.763
256.925
285.052
225.141
263.225
188.191
241.803
244.638
230.378
247.003
280.766
227.929
222.189
261.094
287.109
261.746
208.025
185.685
273.558
236.623
227.33
275.141
250.051
213.266
248.267
259.226
216.852
232.804
279.114
252.578
255.53
216.985
239.32
230.411
227.099
223.925
99.4971
106.769
113.682
113.524
98.7749
92.2114
64.4362
128.328
81.7086
68.8968
119.461
82.5534
72.4615
101.816
109.315
108.446
113.555
166.839
93.7876
66.6859
59.9532
61.1144
82.0362
129.238
145.686
110.925
120.569
116.441
110.914
98.8887
115.295
85.0772
98.4406
64.1709
108.82
133.314
111.643
129.219
69.9027
122.48
107.117
105.889
101.805
157.667
93.8677
152.37
112.086
81.3259
133.481
94.1463
112.558
123.664
89.99
117.105
151.22
120.359
96.0976
128.93
66.4075
115.714
64.4895
114.1
112.528
108.81
112.249
116.24
167.106
136.928
85.3178
73.3046
113.036
75.1478
75.8106
81.7023
104.437
99.1212
70.0032
102.626
106.02
130.093
87.3492
121.361
95.872
83.521
76.9184
68.859
93.5545
89.0664
105.022
122.158
145.426
80.684
91.0922
121.132
108.054
104.738
119.371
116.612
78.8411
107.672
106.437
101.473
109.022
155.657
140.569
88.7824
79.2101
165.109
82.3099
108.837
115.218
71.7459
96.9635
93.0021
98.9189
99.4591
123.025
74.2491
101.302
123.392
67.7255
85.2265
105.893
58.4765
116.053
74.0117
80.3098
91.0301
124.598
136.727
110.57
117.191
127.282
154.158
144.277
69.3711
141.6
125.156
74.7465
109.372
85.2209
91.5795
164.638
90.5445
140.514
108.692
67.2166
130.823
111.332
137.177
100.169
107.737
126.211
133.985
120.575
113.355
73.6349
113.359
168.29
125.885
75.9151
84.9841
154.529
114.03
146.397
124.045
131.572
62.7592
107.2
133.479
117.211
92.5226
59.2862
166.157
80.5804
107.482
78.2437
91.7338
124.574
131.339
64.0446
123.439
98.9327
120.71
169.472
75.0797
76.5238
100.37
95.6053
131.79
83.0134
89.2683
148.003
99.6063
77.1804
79.6289
134.429
123.244
120.474
102.3
220.388
190.754
167.177
184.413
172.07
116.15
191.667
223.802
176.288
176.763
190.295
196.961
123.59
140.313
173.305
131.442
157.923
155.125
156.746
216.708
175.126
198.819
190.22
188.64
191.358
177.671
182.546
219.949
213.601
172.124
164.449
199.208
193.844
163.811
136.813
198.831
162.514
122.3
123.731
159.02
175.784
181.7
182.845
201.248
201.671
131.55
136.155
201.629
144.638
162.494
194.439
126.564
226.005
155.115
174.554
162.366
139.62
168.454
186.657
149.225
204.57
175.704
202.756
166.108
214.581
214.736
219.241
171.127
223.016
140.952
201.356
176.264
186.562
180.498
184.902
217.746
204.713
123.814
150.379
187.562
125.474
193.215
214.473
128.652
212.536
156.321
116.867
202.027
225.225
229.891
223.149
121.583
217.743
172.997
144.275
229.227
183.431
156.102
200.519
201.393
172.23
220.189
144.942
201.066
229.742
148.1
156.544
204.211
152.876
222.637
168.105
187.697
153.13
168.859
168.648
201.006
129.593
176.458
204.437
185.284
207.377
221.97
189.55
167.79
188.469
174.824
187.827
143.953
198.929
122.088
166.13
141.289
168.94
138.56
164.895
227.039
167.791
219.953
183.674
119.162
200.685
221.391
198.516
226.11
203.011
117.071
200.586
227.933
183.178
116.694
160.001
133.146
227.137
137.342
121.018
192.494
183.794
215.182
117.562
133.479
208.837
227.13
213.981
190.254
221.193
227.1
200.468
125.266
193.187
158.345
154.603
162.742
204.461
225.524
228.126
183.391
151.097
188.952
162.358
209.68
173.041
145.671
171.464
164.538
115.637
204.596
149.382
158.042
189.991
168.895
165.049
199.913
196.9
117.999
219.886
205.37
130.28
201.781
145.87
205.158
456.285
448.904
392.331
412.194
454.889
373.538
456.899
444.132
415.883
414.138
379.985
369.619
390.184
441.708
414.654
416.131
396.405
419.907
395.677
394.61
423.394
426.832
401.745
400.634
420.773
411.831
397.151
406.795
417.815
386.425
387.874
399.408
412.869
430.323
404.899
446.409
351.919
428.077
455.545
386.668
441.85
391.597
395.599
431.55
421.789
448.68
391.496
453.298
453.834
435.291
383.559
440.275
436.595
419.631
389.886
390.576
378.4
420.306
380.53
442.955
391.714
367.721
452.947
422.424
403.487
452.58
406.492
385.094
351.281
386.416
445.976
381.571
446.38
379.008
393.02
358.663
370.424
372.277
354.198
443.625
410.927
425.848
384.459
368.73
398.277
402.209
453.623
447.054
430.015
452.557
406.19
394.971
367.045
454.394
447.331
409.006
419.191
418.799
399.229
435.887
397.444
444.956
436.791
435.799
425.287
419.351
385.091
422.471
393.958
453.445
461.712
401.726
443.118
442.717
433.38
391.665
382.574
413.598
410.011
398.277
448.177
407.395
427.151
349.409
436.447
425.098
388.076
461.845
366.269
363.414
461.671
417.404
433.016
411.121
391.688
445.355
452.386
420.79
368.682
409.486
410.508
438.042
433.557
453.741
390.046
410.933
406.264
415.573
423.102
391.787
432.788
400.175
411.61
457.544
407.41
457.258
439.321
454.446
414.942
420.072
459.488
400.981
359.278
372.853
426.89
407.772
424.298
427.515
388.738
372.333
353.89
444.937
423.851
402.911
435.489
404.662
387.62
383.079
439.879
355.2
391.11
410.503
381.608
433.52
426.134
427.802
403.975
346.49
346.459
410.43
397.344
449.658
373.808
417.586
392.478
381.752
395.934
388.511
399.276
410.072
270.244
306.46
279.243
280.811
265.455
266.783
294.697
306.654
298.942
253.185
287.728
300.446
271.879
282.302
236.047
273.17
297.294
269.937
278.631
335.736
276.319
319.933
272.606
284.993
324.777
289.479
299.84
235.115
295.044
262.758
276.537
254.392
289.706
282.165
288.884
285.627
234.477
284.799
317.239
296.886
273.633
270.026
246.746
240.917
282.362
330.289
250.404
258.186
308.649
235.073
262.799
278.207
293.063
278.493
331.941
256.208
257.958
279.627
298.775
298.722
301.912
314.109
242.766
257.306
243.072
298.921
315.21
253.404
299.214
244.901
298.354
249.972
264.735
245.827
232.427
294.897
301.945
332.889
254.195
234.099
248.664
320.23
265.289
310.216
323.533
287.836
282.319
286.985
300.226
285.541
264.227
310.277
243.303
308.548
324.304
342.905
324.33
325.525
273.049
265.065
323.319
312.457
269.368
264.436
298.953
272.742
308.573
236.535
237.709
286.178
303.68
336.233
294.98
281.543
307.011
336.831
304.837
312.791
306.296
303.388
308.818
251.48
313.397
293.425
322.424
242.002
296.563
295.153
313.388
288.838
248.571
260.068
272.907
250.032
318.257
285.059
297.798
296.564
333.806
301.722
317.897
294.277
335.423
300.794
278.729
323.135
256.661
235.651
289.825
289.148
312.424
258.552
252.767
298.116
246.878
316.911
276.241
295.921
262.952
309.984
253.67
265.547
342.082
326.384
288.966
322.254
310.533
275.349
236.638
269.757
308.845
312.482
252.197
308.703
289.042
286.391
300.637
318.712
242.615
278.512
233.966
283.321
277.413
261.342
303.859
279.409
249.614
262.044
275.254
309.594
308.303
289.5
309.383
250.035
311.114
281.529
266.954
235.122
254.089
326.446
308.752
362.512
307.053
312.868
372.131
295.874
400.732
385.618
374.115
317.983
314.697
347.101
373.775
352.078
337.393
304.16
398.91
379.13
338.368
337.086
361.339
378.361
350.417
318.756
352.897
354.195
356.254
385.049
303.125
379.753
384.381
316.662
291.95
378.114
401.376
388.079
317.405
310.047
335.663
374.546
305.598
306.017
364.615
320.46
341.372
367.344
300.271
336.567
361.308
306.853
357.362
397.753
362.831
388.268
379.313
316.829
399.447
330.478
354.825
335.463
323.757
302.604
294.936
328.353
400.58
399.44
300.327
344.189
294.678
293.429
323.15
344.255
370.852
297.375
337.695
335.297
310.916
386.737
387.793
391.551
346.249
341.487
312.503
359.959
393.81
377.415
380.558
294.824
367.709
349.013
299.287
342.928
397.006
387.656
293.932
335.312
339.105
377.871
300.686
351.035
301.432
397.429
353.38
327.347
345.361
378.052
398.8
365.064
360.838
362.937
324.143
384.222
338.876
357.032
318.07
350.81
385.607
316.615
315.729
351.166
349.498
380.171
361.263
374.192
296.196
355.377
380.314
364.642
329.134
326.255
354.872
384.458
364.774
323.019
396.612
350.626
379.254
337.344
344.186
296.702
342.451
294.061
301.73
335.621
332.004
352.382
305.758
355.731
302.784
303.556
303.706
383.219
320.395
349.167
353.989
352.792
337.971
311.108
395.28
375.388
296.178
360.24
299.888
303.748
295.193
365.506
375.606
292.666
370.106
310.821
298.662
364.975
391.257
305.57
304.103
400.172
401.392
403.263
353.708
316.744
364.178
399.004
332.283
349.825
331.698
346.901
327.804
373.903
293.327
324.86
310.034
360.324
353.484
362.038
328.82
392.058
336.254
372.282
375.717
341.738
416.082
393.706
350.856
400.597
414.591
384.927
433.399
382.631
361.354
449.754
394.539
460.496
439.856
436.688
384.915
409.48
390.3
423.126
378.652
421.018
433.946
443.171
451.856
415.402
403.308
403.458
368.551
348.102
439.349
366.39
416.307
385.864
445.243
395.981
446.933
381.406
427.473
428.438
411.849
393.812
457.27
400.904
359.56
416.523
435.546
417.157
394.552
383.268
431.364
387.037
380.299
446.724
424.198
430.587
409.437
361.412
438.111
400.621
450.367
461.452
445.452
398.683
460.731
358.676
422.03
443.826
357.267
414.456
447.278
437.214
453.134
426.556
417.892
361.586
413.275
423.669
415.625
385.868
447.68
415.21
452.872
403.866
430.107
404.193
453.036
390.298
430.701
442.066
412.845
394.851
388.281
425.788
406.624
371.162
428.896
391.646
450.758
362.396
369.489
406.675
367.301
407.051
439.612
361.541
459.156
460.947
357.649
377.773
448.978
423.31
418.008
400.261
363.66
427.596
411.301
386.794
384.109
422.179
353.386
432.86
413.051
369.763
450.937
417.215
433.44
382.183
413.789
383.144
398.079
449.011
383.393
351.164
442.344
427.95
455.897
415.356
426.202
391.42
416.921
402.317
383.469
409.829
410.67
401.113
447.281
445.621
383.562
385.97
413.968
416.969
437.255
395.931
360.304
455.231
367.933
383.951
437.021
407.748
418.226
411.457
453.766
455.528
442.389
398.277
456.522
401.834
379.425
418.806
401.747
397.95
365.312
434.9
459.725
379.222
391.191
432.006
391.122
432.558
447.197
385.915
434.49
396.428
388.546
418.375
372.923
349.449
420.38
399.72
451.591
450.358
378.289
358.891
416.153
411.327
381.119
395.535
378.795
394.003
379.379
405.788
279.584
237.58
298.004
298.863
269.951
249.6
267.538
314.901
273.359
287.597
266.502
254.585
288.545
255.054
261.848
260.126
294.383
290.624
252.008
304.79
324.692
281.239
288.445
292.446
265.099
269.153
272.667
302.596
250.238
250.423
268.742
267.737
322.19
284.068
239.473
290.182
333.163
312.216
274.915
233.025
259.611
294.154
279.79
310.698
277.953
309.647
303.2
302.094
279.182
297.726
246.301
276.82
285.734
330.664
232.461
312.21
234
285.298
288.892
291.705
259.521
253.03
260.435
244.912
308.196
277.77
274.074
299.651
325.489
257.973
296.372
255.126
265.132
288.188
241.904
290.379
279.226
290.657
262.841
294.347
286.987
239.028
287.595
241.015
294.932
294.734
258.322
248.173
275.453
270.45
244.412
235.537
311.285
280.174
254.841
285.608
247.007
306.217
275.421
289.631
231.316
285.258
314.499
241.738
323.963
253.695
238.269
288.331
291.834
271.868
257.574
300.05
294.585
270.932
289.189
271.155
250.474
280.297
338.917
277.385
288.247
275.349
248.397
255.378
308.885
314.987
297.621
266.723
299.444
305.041
270.114
334.743
288.285
249.359
267.753
340.507
238.533
258.126
282.746
257.936
281.243
277.783
334.942
233.244
256.061
246.087
306.636
334.634
307.48
337.59
284.818
264.768
305.026
284.048
274.42
266.76
289.446
259.746
315.898
261.6
325.062
238.236
279.798
299.006
309.629
249.505
346.099
328.332
314.048
257.353
332.372
291.465
272.362
292.491
283.463
306.323
295.48
284.409
272.809
258.82
300.912
239.83
275.297
286.536
295.919
319.413
272.887
267.839
325.701
260.308
323.477
285.009
298.804
280.539
254.65
317.543
337.824
230.953
313.213
256.184
388.667
303.684
321.186
296.329
326.845
347.444
403.768
372.957
363.615
288.825
294.11
357.588
346.871
382.514
357.49
357.193
397.646
353.45
363.151
380.796
299.728
293.719
370.838
343.944
331.364
337.903
321.457
333.052
310.925
337.451
316.455
334.962
302.765
308.311
319.285
364.832
325.75
339.548
361.027
305.236
313.945
326.416
379.886
372.229
366.69
304.719
358.863
371.646
309.802
332.418
359.463
350.326
326.657
361.234
392.817
320.277
380.842
361.376
374.781
381.553
317.063
343.399
403.476
332.187
377.819
382.177
314.791
326.242
329.681
350.598
305.553
325.59
318.312
352.857
378.684
359.968
342.018
338.713
359.166
367.022
361.458
349.977
393.988
343.512
364.181
394.28
375.708
339.334
304.614
353.474
384.881
380.938
313.299
301.336
389.289
347.199
313.978
375.039
380.805
294.467
384.068
377.957
383.54
392.549
362.652
303.949
337.704
299.042
309.75
312.759
403.279
384.607
299.65
361.763
334.584
363.297
358.286
331.784
379.804
289.913
327.262
360.759
386.183
348.1
364.86
303.745
347.362
339.974
306.13
363.964
321.036
320.016
310.96
386.578
401.845
359.138
390.619
339.485
352.12
358.997
321.439
335.321
343.971
359.324
332.608
311.047
359.061
299.352
318.255
353.088
390.691
299.436
297.143
338.63
337.764
299.985
319.637
335.651
370.223
328.907
373.044
382.192
384.509
295.646
306.953
338.528
312.872
352.816
380.299
382.139
290.494
303.357
320.634
299.075
369
400.914
351.444
338.837
311.089
305.26
355.274
331.697
392.512
379.837
329.195
342.361
308.66
324.183
383.724
392.866
402.488
296.501
304.877
328.935
349.116
386.962
349.404
305.506
321.427
402.597
