53.1102
38.894
92.0834
62.6911
38.4711
64.5476
-5.25512
63.4084
61.6477
58.3817
80.3547
79.5539
16.265
44.4323
61.6048
76.8849
-16.7455
72.0505
-2.32449
33.7311
1.11827
54.87
69.8289
59.6347
-6.63297
38.5544
19.0978
61.375
30.5027
46.0406
51.5469
45.4447
53.4913
-7.60267
4.54893
52.344
5.84376
59.4008
40.83
74.6415
59.8749
79.1488
0.570275
55.2732
-15.0948
25.0317
15.6638
38.4463
31.3361
74.5063
79.6628
75.4213
33.8566
32.8901
51.3292
76.2203
38.965
35.1718
2.06721
33.2782
3.33887
60.5597
41.5336
-1.65778
-3.67457
20.951
2.83126
44.0835
71.5616
-16.634
20.3796
14.6691
55.3252
9.92507
39.7144
41.9326
53.1377
35.8589
46.3578
75.9148
87.0601
86.4312
35.7059
27.9279
57.0211
83.0039
25.3934
-15.4654
64.9465
30.6645
28.1066
8.89433
65.8794
11.5891
31.0919
-11.7266
-8.24335
-7.51088
-18.7942
30.5035
18.0251
8.7943
85.7239
4.73349
30.4388
23.8801
-18.7884
41.4307
38.4738
66.8389
31.4029
-13.1532
44.9844
-12.5729
14.34
12.1905
15.2082
9.86529
69.9136
17.9251
48.0646
74.2948
53.8253
48.4439
3.11802
40.4718
79.0675
46.2851
69.9381
1.57916
64.4553
33.7739
51.2209
-0.15143
63.1357
36.963
61.644
-26.0612
60.5762
44.5326
50.1481
46.4649
40.9732
18.8395
89.8249
5.4791
15.4217
9.24754
8.04704
52.9345
16.9064
56.2554
-1.59846
58.7276
71.1129
58.8521
59.4215
50.9871
51.9499
23.832
77.2864
54.9255
42.5838
-2.72369
57.1903
51.2478
-11.9795
60.6287
29.4495
12.6597
-10.3077
63.0372
48.957
14.3887
91.8135
66.627
63.7965
39.1161
23.347
67.8775
89.8764
9.48028
40.7027
29.6511
47.9691
30.6824
79.6838
56.9833
8.96365
57.8079
24.5593
-7.89341
40.243
54.748
-20.6565
53.5696
40.5408
0.595895
-4.01773
52.3607
16.6935
58.3637
62.1659
35.915
60.5257
50.9119
-5.60867
14.1074
20.0457
24.4234
49.9905
4.2071
50.0657
73.5878
23.0421
-8.09838
48.5011
72.0039
-3.72163
83.563
49.4917
45.9391
-16.7771
92.574
38.8663
60.6948
53.0075
34.264
78.3901
75.7832
70.9868
15.9786
19.9137
86.369
78.3012
1.90964
63.2784
41.1943
-16.5199
30.8248
8.39338
41.6227
-5.55012
38.4103
-13.3566
-1.5016
3.66688
76.7082
61.7547
52.4716
43.1128
52.1156
35.3145
-15.8894
89.6703
41.2378
31.9433
-11.412
34.4201
17.0563
70.7951
53.4968
16.435
4.1032
68.3815
77.5294
18.5863
1.43921
83.7649
57.4625
-5.20762
39.842
10.0586
37.0344
74.178
78.7167
29.015
11.9994
13.9713
19.1829
43.4868
71.1443
42.0231
-6.23697
43.7182
2.04371
31.5788
-20.9497
61.4159
-15.9396
23.4443
-21.2175
16.5734
53.4827
1.96831
81.8914
34.3885
57.0987
79.0275
47.1793
28.6532
42.8872
45.6052
56.4608
8.82108
63.9399
67.972
21.1968
47.7035
9.40294
38.2454
62.4971
60.3003
10.3222
10.7447
-20.22
-6.08358
53.3963
85.6365
-28.2613
22.6261
-7.3495
82.3288
8.99772
7.31754
9.26701
66.4738
73.0589
52.6182
21.7424
-9.24796
16.2374
55.1744
-0.207045
-1.11097
28.2566
71.1024
61.7412
28.905
18.891
-18.3485
-17.2084
56.3756
23.4444
44.7825
5.5751
82.7305
43.8697
-7.3556
48.0755
0.280583
52.1838
-21.1256
64.7837
32.6098
6.45219
-10.2217
2.72346
79.4675
39.9219
10.3043
63.1104
55.5343
36.2014
39.1167
81.1882
33.4685
57.7966
61.7237
52.3746
40.3828
67.7628
13.3797
46.1188
57.9206
67.0444
25.842
55.9107
19.727
63.7527
34.6044
82.7455
19.5564
27.0386
-15.1727
40.5196
27.5653
-9.67384
4.86643
64.9622
40.2294
92.1472
5.37854
-14.4828
63.4815
11.3181
-3.84755
20.6051
56.6222
65.1242
-59.9472
-59.4336
-54.5896
-65.9983
-30.069
-126.105
-61.5836
-114.683
-56.1242
-30.0282
-75.6087
-110.336
-54.6131
-86.4622
-101.269
-34.3004
-51.3977
-115.8
-61.9633
-108.243
-130.097
-70.4246
-50.9053
-80.8346
-78.4892
-108.316
-67.0778
-78.8232
-73.8328
-91.1562
-112.364
-24.6975
-58.1779
-71.098
-92.379
-79.7827
-73.0957
-64.2948
-126.378
-64.2915
-76.147
-113.989
-64.7805
-51.0466
-43.6971
-104.813
-61.0515
-54.2127
-51.0611
-48.567
-108.847
-52.1261
-105.696
-51.647
-53.7746
-76.8182
-90.2797
-71.931
-98.3033
-65.1421
-82.2872
-58.5968
-31.7216
-33.9026
-97.3896
-80.8147
-89.8588
-113.302
-115.316
-109.324
-46.5596
-30.6377
-114.95
-41.3065
-38.0604
-66.2267
-62.149
-108.751
-85.5276
-79.5113
-20.7237
-89.6017
-41.1849
-45.2507
-70.2356
-132.517
-33.6288
-66.7247
-85.3171
-61.4537
-19.2871
-79.2272
-87.5256
-76.8368
-52.3481
-72.4489
-80.3637
-80.7772
-110.335
-80.2177
-74.8015
-95.4985
-52.0828
-86.4414
-50.2843
-60.6936
-94.1693
-76.2463
-26.3951
-28.1519
-58.5497
-75.1711
-61.4286
-49.8345
-115.854
-65.6603
-109.584
-102.93
-117.653
-124.451
-49.1335
-118.337
-118.997
-43.0763
-64.4724
-47.4556
-75.0879
-94.0684
-95.5222
-89.6351
-64.55
-89.3733
-64.3419
-55.282
-72.2547
-65.3034
-62.0492
-86.695
-80.743
-36.4293
-82.9874
-73.9232
-104.886
-73.6837
-103.539
-77.2601
-89.0084
-82.6422
-126.041
-102.528
-117.969
-58.3082
-118.869
-112.463
-38.4133
-78.1977
-33.6884
-74.5545
-117.556
-52.5055
-82.6569
-59.8247
-79.4849
-41.9971
-32.6822
-80.3198
-126.699
-52.0628
-110.372
-125.33
-60.6052
-85.7081
-45.7748
-52.4832
-22.2075
-27.7241
-77.3245
-63.8608
-84.0296
-68.2647
-41.7784
-79.1448
-37.956
-102.544
-35.6899
-45.547
-52.826
-23.1558
-63.5499
-117.087
-106.041
-34.6776
-76.1638
-75.09
-25.5617
-107.263
-130.496
-91.5349
-71.2921
-40.5443
158.237
91.738
145.811
86.6104
79.864
165.588
116.145
133.888
96.2752
137.639
163.994
172.944
114.749
114.492
158.166
147.693
80.5273
92.8382
76.5153
168.457
196.373
127.059
129.041
137.12
179.046
140.673
151.471
153.801
190.572
145.291
113.797
113.098
168.21
91.4427
142.856
97.9724
128.569
98.6331
144.759
139.215
146.921
178.979
168.099
169.753
105.451
166.509
153.931
157.16
102.477
136.633
161.598
148.383
123.378
168.801
158.757
112.647
156.996
133.161
162.778
156.051
156.878
92.1054
132.886
106.849
188.398
165.48
108.666
168.901
102.572
113.14
153.274
142.186
149.785
155.023
118.386
150.093
129.764
151.312
120.898
108.521
121.254
115.571
165.758
74.6548
140.927
153.553
99.661
150.981
183.333
146.336
85.917
136.797
152.917
133.331
164.592
94.9855
118.745
132.247
186.95
138.871
143.766
165.654
81.107
117.022
144.28
93.1308
143.679
123.145
96.8315
157.932
118.376
164.865
98.1085
189.489
98.5846
162.648
178.275
78.3157
143.963
141.604
156.238
107.062
117.346
160.693
140.001
154.245
164.793
166.748
97.7339
186.523
147.704
121.862
133.232
130.628
94.3955
157.059
150.494
95.8527
164.876
113.199
109.958
147.438
193.707
172.025
79.4497
170.642
88.8409
83.093
102.285
105.876
107.316
152.028
143.893
132.906
180.192
75.5197
86.4736
110.058
142.837
119.474
132.007
99.4863
170.458
93.3551
98.0141
165.273
160.31
174.756
154.015
97.0794
135.423
142.033
167.441
129.745
182.555
166.877
124.13
153.13
125.794
133.713
103.529
82.8527
148.354
191.446
84.8116
126.445
140.006
153.546
127.405
151.367
170.685
155.112
137.161
138.156
159.958
157.4
156.087
144.981
154.858
155.518
88.0838
75.0137
113.024
154.305
153.596
161.547
94.6513
120.022
172.932
112.992
104.351
178.322
154.566
147.516
103.979
86.0164
83.3881
87.9167
155.322
137.372
136.814
135.641
131.049
154.041
156.14
76.7782
182.258
93.5327
155.118
120.553
132.439
136.08
174.188
112.178
107.386
151.725
92.2204
91.979
113.925
130.77
143.057
160.601
129.508
136.155
173.16
159.07
171.233
84.8014
175.02
181.701
140.628
165.487
108.579
117.086
154.164
172.495
145.944
85.8948
142.145
178.669
103.627
73.8383
99.3489
99.9639
156.37
85.8469
143.469
91.5524
182.149
87.5393
135.308
96.326
107.061
187.485
165.566
88.6468
94.2111
114.629
103.599
153.879
149.405
167.058
177.812
147.079
137.377
168.679
180.515
142.841
117.92
187.022
124.14
102.108
157.046
119.761
106.923
82.7895
92.8023
189.282
88.6846
111.048
98.7515
177.234
109.067
141.37
176.611
112.025
140.592
123.99
154.698
75.5373
160.016
161.689
142.281
93.3092
117.366
87.0832
72.5405
142.548
170.099
137.472
109.251
159.772
184.898
92.1348
151.513
124.215
124.701
148.312
98.956
91.0799
167.301
119.107
163.558
144.869
150.315
157.988
124.964
116.13
135.132
94.3525
99.0228
186.875
185.529
151.106
78.0949
138.99
152.609
180.536
101.841
75.8577
139.591
99.3583
166.359
121.363
149.645
103.134
119.029
152.811
160.935
132.433
162.427
173.351
177.081
134.467
71.8392
167.828
158.834
136.789
145.87
87.2489
166.81
132.45
101.796
176.138
161.431
97.3224
148.507
169.164
114.351
137.995
109.903
169.869
102.708
96.1838
165.159
79.9337
86.9471
101.756
145.471
159.559
186.723
177.879
87.5627
158.49
138.733
173.232
77.5981
98.0394
110.134
158.757
0.541649
-10.3362
3.74546
10.9074
43.9705
66.9014
8.94049
-8.75898
33.6564
58.8028
-0.763398
-7.48499
9.47959
27.4673
-3.78568
12.9112
38.8766
-5.3819
-6.28921
25.2991
77.4301
71.0971
-11.9011
62.4297
45.7875
-0.608956
24.6804
65.6046
63.3663
3.81854
52.7321
-15.3942
2.4122
26.285
34.3075
-16.9246
50.2654
9.97086
63.2349
36.0999
49.8605
65.9613
5.23162
17.101
70.6889
43.4073
18.4906
17.6981
72.8382
49.107
50.4676
13.3237
48.8495
62.7211
73.9149
49.9626
12.4586
45.9846
51.0372
23.8125
-2.11223
18.7895
26.6803
-20.4102
42.7157
12.1477
-2.74968
8.69576
55.4823
-2.81938
68.0758
42.4277
34.9624
26.05
26.5531
-6.97051
11.7778
52.0123
28.1665
2.59031
-26.2619
44.4464
-5.47886
0.663117
62.2209
61.3016
8.61437
77.8699
56.2439
59.9372
11.1499
-9.57415
24.6807
-26.3171
35.0027
49.2119
29.7108
0.806582
-15.8023
-1.18975
46.0401
43.6924
35.4569
8.37067
15.4573
12.2186
62.3092
62.2841
70.474
54.5039
34.0619
70.5061
51.2426
11.981
54.2631
26.1405
-8.75413
27.3064
-1.22896
-11.9679
16.396
-19.7684
6.50167
38.4181
40.1557
41.4829
67.1468
26.0931
54.321
57.9431
43.2143
4.33056
45.64
49.0437
21.2509
16.3206
41.3871
-18.2332
-13.1294
5.36877
3.5236
49.3979
40.9726
33.1008
41.4015
18.1848
65.8152
-1.13795
26.0858
41.8977
-14.0867
-8.28896
29.2401
25.0626
29.1937
-6.56888
45.1788
54.8494
66.6723
34.7999
-2.09883
4.99264
56.9923
23.3408
43.1779
23.4612
16.8499
45.2434
-21.6432
61.601
36.1562
30.4158
-9.10205
56.1127
2.25164
-6.06876
77.1532
-17.0946
27.4547
16.067
39.333
32.9274
33.2874
7.70738
9.08549
-0.91615
9.50677
8.5323
66.0099
73.8327
23.4939
33.428
60.0964
73.3568
33.5931
-5.66825
61.3049
-10.7573
-10.105
1.74503
264.374
219.405
201.395
233.155
268.492
246.499
258.128
274.453
220.655
241.779
265.201
200.978
201.086
275.205
272.712
239.253
256.576
182.436
239.775
276.585
285.539
212.451
220.874
269.906
244.141
200.543
266.628
251.891
223.778
233.348
274.186
298.148
246.121
228.062
197.134
223.426
252.514
226.615
270.509
270.68
208.101
212.861
259.557
201.182
210.992
277.692
217.992
244.089
226.514
266.153
297.906
175.894
206.643
254.446
266.518
266.899
198.834
205.519
196.257
243.169
175.948
259.394
205.969
265.668
177.405
201.68
263.81
249.398
217.007
237.752
210.266
241.61
221.742
198.316
258.558
263.348
185.235
235.798
241.921
280.072
273.498
243.159
236.21
212.827
280.698
242.012
239.822
225.431
246.666
218.698
282.599
271.635
180.822
258.978
230.013
207.444
237.207
200.76
229.77
207.687
217.92
246.908
276.865
276.128
247.347
271.591
258.969
250.409
241.273
251.637
184.475
258.923
238.997
188.079
222.038
217.012
179.263
190.079
222.197
214.357
273.689
281.231
189.126
177.383
235.61
270.421
243.176
206.704
173.444
270.633
249.217
253.521
222.351
261.87
183.063
268.674
285.101
243.994
279.927
242.257
256.111
231.561
222.759
279.094
250.839
185.647
188.619
265.489
251.043
209.415
280.785
213.91
196.529
188.391
216.411
262.509
276.53
279.694
198.08
268.95
176.91
240.815
231.85
219.66
199.127
239.874
271.35
259.852
181.11
222.901
277.556
229.097
242.101
186.569
255.443
218.164
249.611
218.345
239.278
227.598
214.969
222.664
261.538
263.042
262.09
289.402
197.167
243.863
263.67
179.594
248.217
282.991
263.705
239.652
267.736
214.716
282.649
206.917
234.617
216.814
209.292
215.588
195.514
243.815
196.383
214.813
227.976
277.655
262.767
191.095
279.23
241.2
206.524
200.156
238.427
241.311
184.928
221.054
247.086
201.541
218.612
233.42
257.534
242.415
205.505
200.729
258.169
270.003
207.582
259.326
207.015
243.721
222.1
256.578
256.475
229.756
188.289
241.607
256.703
198.167
294.845
286.696
241.231
266.63
247.332
237.018
265.485
249.821
261.154
229.294
246.432
223.451
268.338
180.209
196.778
189.371
253.484
230.647
250.321
248.409
170.421
260.681
264.249
271.728
178.222
204.181
190.418
218.794
226.881
292.274
186.38
243.445
276.622
229.367
254.992
213.002
229.271
207.061
281.339
222.025
258.83
204.295
273.755
201.062
259.614
258.805
246.329
171.758
218.246
233.359
273.882
187.725
264.723
208.657
244.518
274.414
225.838
283.635
225.15
201.741
234.215
248.483
191.346
251.521
268.782
263.589
255.075
235.575
203.792
272.148
184.37
266.083
240.978
240.237
279.61
245.602
204.719
290.154
217.815
200.942
221.339
220.727
263.717
212.575
262.477
251.879
274.652
172.608
251.082
214.065
267.272
271.132
186.49
259.795
215.075
242.467
246.225
223.114
194.115
257.23
206.638
200.932
230.601
239.893
252.939
206.046
179.889
252.575
218.531
277.297
215.49
220.783
269.199
212.368
252.371
196.974
199.656
209.099
264.226
181.377
224.774
240.133
236.421
288.573
280.506
278.854
226.912
238.119
199.023
227.867
260.669
232.28
241.34
246.83
243.23
211.654
241.217
285.155
255.751
257.429
175.416
239.604
200.889
272.099
261.331
182.7
192.82
238.276
280.829
199.974
281.484
229.591
199.179
187.863
232.766
219.903
254.678
247.748
263.127
272.452
165.672
108.5
158.267
90.2899
106.553
163.131
142.295
134.305
103.841
90.119
125.853
116.894
107.446
98.5872
95.7976
94.0082
151.264
152.461
134.165
108.21
97.898
146.437
130.574
127.224
119.338
77.6483
96.8815
91.4626
173.031
126.373
93.7869
101.43
111.744
106.3
160.514
138.325
167.553
143.45
81.1665
119.825
118.4
126.62
158.854
146.645
109.133
167.582
135.231
100.772
119.243
129.093
103.105
98.5877
131.536
91.5435
114.508
159.032
106.43
104.435
146.682
111.305
142.858
78.4755
121.263
111.383
113.884
100.228
124.046
71.6002
156.843
136.526
116.322
131.783
158.895
121.408
99.0709
111.809
163.636
146.415
141.965
122.849
115.674
98.7765
72.3095
152.767
163.674
119.811
170.303
100.818
83.8115
140.182
128.811
117.592
144.227
157.689
79.6735
156.022
73.7608
118.684
91.0279
91.8404
108.781
150.555
145.558
156.095
155.206
122.613
145.996
153.982
74.3597
176.128
152.91
124.344
141.182
104.143
142.534
100.232
127.818
142.495
134.899
144.314
83.8527
154.679
88.061
84.314
136.382
142.437
128.176
157.794
93.9184
99.2749
166.276
92.3114
154.643
165.04
149.268
167.656
70.9349
104.735
162.961
127.018
85.6478
152.813
172.421
76.4176
161.646
78.8026
135.985
130.891
155.607
117.65
106.007
84.5148
102.038
81.0163
87.8582
105.074
160.291
91.3742
136.969
85.0826
175.612
105.152
162.955
99.3307
167.677
85.454
95.4988
124.703
157.212
153.851
119.466
120.289
156.32
175.068
122.331
118.03
170.357
152.305
133.836
157.615
97.4676
93.8274
145.561
134.595
154.943
94.7507
113.767
92.4806
153.791
112.429
170.722
128.896
107.899
142.45
166.08
136.818
142.037
151.068
114.289
125.374
149.524
105.774
147.695
143.97
134.179
116.976
102.261
151.872
120.07
163.892
123.719
167.742
187.246
145.379
107.938
140.846
142.84
87.8178
145.928
133.946
86.0988
146.051
122.886
155.047
145.602
151.87
168.358
159.346
172.526
147.494
109.871
107.825
171.915
98.4557
158.626
153.568
68.4397
95.1542
190.148
91.7396
138.661
117.261
106.087
93.8646
164.533
154.258
170.162
147.86
92.4212
182.85
188.02
161.592
144.037
134.992
160.421
117.021
159.169
168.518
146.552
171.914
88.6208
90.6815
181.759
152.71
160.135
109.265
165.799
132.758
155.079
138.137
157.097
180.581
152.593
171.269
196.987
111.524
171.708
165.175
148.993
175.688
155.928
136.21
128.207
169.013
108.182
160.384
143.002
152.649
81.0491
128.728
166.923
96.9296
162.756
103.485
172.159
112.202
151.279
102.25
149.985
119.063
83.1555
142.837
162.167
100.573
145.49
142.416
123.22
105.522
90.931
158.913
146.087
139.844
140.816
119.451
78.6006
79.7049
107.674
161.015
174.028
149.372
115.474
74.863
124.677
172.431
166.531
125.513
109.795
136.751
114.882
137.182
91.3475
110.109
176.227
93.3748
136.059
149.785
141.672
172.365
144.782
90.6774
162.77
136.29
89.522
137.149
183.496
108.459
154.174
118.932
162.948
122.975
193.349
136.083
186.163
156.454
149.889
184.354
129.836
168.353
81.2414
131.088
175.346
122.546
174.66
138.681
173.081
101.533
189.9
110.12
171.006
121.025
147.92
176.365
143.102
161.506
91.5866
168.997
89.2299
149.919
135.083
148.085
118.858
93.9698
171.947
82.9554
126.061
153.15
179.055
94.3944
154.685
139.895
83.7461
150.563
180.848
121.197
141.171
84.879
130.986
99.1452
178.438
136.045
147.191
159.604
127.451
148.457
176.427
112.39
171.911
132.549
112.415
184.76
173.851
168.134
92.1368
127.688
160.797
178.306
95.39
97.2209
75.7467
153.159
163.461
100.613
102.004
144.075
118.937
144.874
156.813
149.231
183.889
79.7844
139.833
128.58
145.991
111.987
136.649
158.661
103.186
123.827
139.03
106.383
141.369
175.125
144.436
154.318
76.3644
105.51
171.864
75.9299
126.932
147.574
157.936
138.821
125.62
113.241
115.83
166.93
105.115
172.353
95.4277
171.086
114.462
159.673
142.457
157.046
107.448
178.415
151.822
102.518
156.861
174.229
118.847
126.098
102.467
141.168
82.4049
118.281
117.705
129.913
147.737
169.091
132.735
106.805
144.235
139.404
157.227
160.118
196.525
151.771
117.442
179.978
129.98
156.879
185.757
141.807
150.366
92.8432
179.335
154.607
189.384
138.995
169.998
143.982
171.22
95.1104
126.418
120.489
136.082
159.351
152.38
130.883
84.4018
151.875
117.375
150.796
176.948
81.6607
110.971
125.557
155.048
146.369
146.711
150.579
89.0239
81.1626
135.165
149.056
135.988
179.854
80.8682
187.533
142.125
114.182
177.68
168.213
93.1
75.7144
178.202
158.193
78.8195
128.035
150.797
135.043
142.616
160.604
112.407
153.174
155.016
168.575
194.249
133.109
94.8941
112.019
155.119
117.654
77.0249
119.717
194.591
84.0593
144.196
143.518
157.312
147.349
102.594
152.752
130.166
126.155
115.923
144.475
93.5195
119.837
154.212
75.8104
111.63
117.627
110.469
183.457
149.464
179.353
189.602
117.065
158.687
177.368
109.887
165.438
167.226
78.7733
193.728
123.583
85.781
184.772
175.222
179.307
179.77
104.88
161.783
129.288
150.165
144.452
100.515
163.012
43.6941
20.1565
33.3051
-17.337
-16.7842
80.2803
55.6932
15.13
66.9026
-4.64446
-10.8719
24.2185
-5.75084
30.9723
71.6279
12.0793
65.6732
61.7279
27.8945
34.5571
43.1567
19.3065
5.95748
37.109
63.3476
63.9129
71.244
36.3554
11.3388
60.4885
13.8696
50.3858
28.1182
-8.16543
-17.7697
68.819
45.8454
8.51334
13.8415
49.5946
-4.9245
46.2507
55.0503
37.782
37.6866
-1.22869
10.801
41.2598
-27.3147
-23.0892
19.9848
-0.627402
22.683
54.5647
-8.56938
29.5239
26.8656
59.4712
-30.4456
9.85538
38.0804
37.0192
51.0506
33.1931
-20.2947
48.0652
0.000911055
54.1654
21.2036
39.7257
64.1003
55.3736
1.35055
51.3886
3.58126
44.6015
-9.05399
-8.80646
55.6193
21.0201
-27.242
11.7597
65.9875
53.6375
2.02656
7.23045
24.1619
79.1279
40.7281
20.5971
-3.00029
78.2627
13.9192
25.656
-1.85113
-19.949
54.5208
45.0945
-4.76006
13.3811
59.869
-4.33362
49.4264
5.06239
39.2785
54.0994
38.5284
70.1997
50.0437
47.3132
17.8563
-19.4152
1.30158
-9.0906
28.2013
15.6653
69.8647
58.2009
-29.318
28.5079
19.4251
50.076
27.8441
-11.598
-22.8269
42.2999
-8.05802
7.49613
40.8081
31.8461
37.7193
-7.1853
43.3481
29.3213
61.5366
-12.0811
-4.46633
-4.49203
-13.1658
-5.86871
9.35947
53.9854
63.678
12.3508
8.54955
6.55791
59.2924
30.4482
24.0833
58.8729
56.6312
44.1614
-1.99043
55.2359
15.5647
-4.62592
77.5744
49.2378
12.9686
14.0846
19.1084
66.3575
52.2748
-2.59277
41.677
27.7268
49.0437
42.9402
66.8673
24.1858
55.0786
31.9032
14.3301
-1.58047
35.3867
-9.23139
67.9582
7.71483
37.7019
47.8334
46.5716
13.2997
25.1946
58.4704
-3.28373
68.6049
66.3204
15.4486
19.439
69.3688
52.1143
42.0934
72.4407
38.1201
0.908918
60.4922
-6.62918
58.4914
4.38721
71.8055
-123.18
-98.424
-104.776
-84.3827
-82.1582
-59.5725
-60.8609
-68.6545
-80.0246
-16.6068
-63.8072
-104.15
-107.608
-52.7886
-95.9279
-51.8986
-80.1049
-47.7424
-82.6584
-100.609
-119.237
-64.8324
-3.51739
-32.1798
-90.0975
-116.61
-78.0973
-68.2049
-95.6356
-115.635
-37.54
-118.567
-44.3532
-63.0031
-96.0377
-60.712
-45.5682
-76.4046
-60.6371
-113.701
-114.539
-123.218
-81.5954
-119.513
-48.0569
-32.4668
-63.2495
-52.2857
-99.1931
-96.1481
-19.364
-23.7661
-18.9447
-35.1286
-29.8078
-43.2357
-50.2642
-31.2766
-45.8715
-85.0351
-41.8842
-80.2325
-33.7808
-128.707
-60.274
-121.34
-76.5623
-61.1516
-62.0751
-19.167
-117.663
-80.6283
-26.8876
-15.2835
-60.4212
-66.9012
-88.922
-58.832
-95.5958
-84.9736
-115.287
-58.2565
-71.0824
-79.8359
-85.0105
-40.309
-67.3667
-66.8221
-23.6222
-62.2741
-68.8737
-45.0665
-94.2485
-88.1981
-76.0678
-96.7858
-37.2058
-28.6957
-68.3083
-64.636
-23.5637
-50.0426
-52.3004
-45.5539
-107.917
-48.0172
-25.5146
-50.4171
-67.1347
-53.9615
-19.1368
-59.1548
-71.7807
-71.8097
-21.3136
-37.8089
-35.9974
-71.1929
-27.5442
-36.9516
-89.0568
-99.4506
-96.0731
-106.425
-109.397
-100.687
-105.512
-7.98244
-122.456
-119.915
-77.9389
-98.9022
-115.879
-48.0702
-48.6657
-106.894
-99.2671
-77.4025
-53.6882
-30.0325
-46.9441
-48.9492
-102.848
-41.0881
-24.2249
-18.3534
-59.482
-59.629
-79.8371
-73.7549
-87.7929
-109.162
-119.844
-131.283
-93.113
-31.2693
-73.208
-125.277
-41.2027
-43.2925
-105.589
-51.9668
-21.7474
-87.6663
-83.3588
-102.771
-114.577
-85.2703
-54.6963
-35.7909
-72.0964
-103.083
-42.6943
-63.3208
-45.7295
-39.7073
-55.6289
-56.4281
-25.852
-79.7794
-13.0806
-68.292
-87.5435
-34.4157
-19.8992
-113.263
-79.3573
-100.277
-20.1643
-70.7268
-57.9095
-38.2054
-31.451
-105.045
-60.7134
-33.3086
-48.3537
-103.858
-47.0484
-81.8462
-89.4289
-64.9708
-117.942
-44.0956
-32.0845
-23.7289
-70.4667
-109.184
-44.3606
-30.5779
-79.0481
-69.8047
-108.714
-28.6311
-102.965
-51.0013
-119.759
-105.318
-33.4521
-58.2245
-56.8932
-100.586
-121.378
-65.7316
-92.5487
-37.5637
-49.3057
-95.3887
-59.1173
-50.8415
-99.8287
-51.2231
-53.3501
-69.1876
-33.9014
-60.6417
-73.3066
-84.22
-15.2895
-70.1014
-75.6185
-35.2734
-110.861
-58.2469
-32.4591
-19.6569
-71.6582
-108.414
-95.4423
-119.052
-57.3545
-30.6656
-42.2891
-126.467
-35.3732
-95.4486
-22.3919
-32.0325
-33.0731
-24.925
-87.0811
-70.1207
-48.2913
-125.223
-85.17
-107.636
-109.082
-65.3637
-58.2168
-46.2744
-47.1354
-72.8416
-84.9412
-10.5571
-62.0369
-99.6771
-122.318
-82.0943
-108.465
-64.7869
-116.993
-43.227
-42.446
-6.42803
-105.636
-120.92
-63.8655
-77.918
-82.184
-110.298
-48.4702
-38.5376
-37.2135
-120.335
-87.8566
-115.676
-48.3875
-39.3897
-7.20896
-77.7396
-105.023
-57.0307
-76.5107
-24.4347
-123.661
-81.4511
-55.1934
-62.596
-100.186
-28.1098
-24.1442
-53.0678
-36.8863
-86.5866
-36.19
-34.4086
-27.4579
-30.155
-35.8986
-69.5235
-73.3624
-39.5879
-112.164
-92.3244
-62.9914
-70.3639
-69.8856
-83.8992
-37.745
-48.3142
-18.2235
-71.5106
-63.936
-38.4756
-22.7569
-92.7436
-55.398
-115.521
-31.7238
-78.8073
-38.8756
-83.5246
-65.5784
-39.4311
-102.174
-69.7404
-54.5967
-43.8435
-63.0477
-38.2337
-97.6027
-113.141
-63.1272
-57.0179
-28.01
-14.711
-89.1806
-131.42
-122.842
-19.8986
-39.7277
-32.8818
-68.5966
-90.2017
-44.5294
-6.17223
-38.0792
-58.0899
-53.4966
-107.222
-36.5066
-108.428
-111.026
-77.9512
-60.4561
-57.7839
-71.2446
-113.82
-35.5368
-46.1423
-8.01064
-33.7516
-88.3162
-17.1034
-54.9462
-84.5591
-44.2365
-21.3177
-111.382
-65.0114
-69.9555
-57.1908
-77.1912
-75.5909
-91.1328
-54.0529
-38.2163
-96.8918
-68.2846
-77.5749
-211.229
-185.937
-214.591
-161.837
-194.484
-213.073
-150.956
-138.305
-173.809
-183.98
-138.623
-137.432
-201.022
-150.073
-155.811
-154.704
-209.498
-188.275
-190.709
-176.163
-166.934
-186.135
-202.741
-129.606
-127.703
-138.169
-161.726
-171.335
-152.915
-149.223
-132.633
-203.864
-130.909
-143.613
-186.323
-142.589
-202.152
-183.638
-199.656
-165.598
-223.816
-155.456
-121.521
-191.263
-201.939
-145.699
-161.361
-191.634
-154.375
-178.165
-179.907
-139.634
-194.462
-149.874
-134.48
-141.784
-128.091
-166.51
-158.661
-142.211
-136.205
-209.338
-138.687
-159.373
-187.726
-188.06
-177.746
-207.078
-209.374
-170.503
-142.442
-159.605
-182.593
-133.847
-188.212
-184.735
-124.848
-210.015
-140.806
-184.823
-209.226
-135.522
-159.32
-167.127
-182.516
-154.594
-211.28
-141.607
-166.823
-159.596
-135.525
-192.838
-147.542
-180.961
-200.897
-192.141
-215.355
-149.044
-190.965
-181.488
-132.185
-203.16
-197.403
-204.942
-206.024
-129.694
-218.866
-145.43
-145.855
-160.896
-130.853
-211.441
-151.087
-198.096
-163.56
-193.136
-188.02
-148.864
-129.515
-167.805
-196.901
-132.824
-154.017
-204.415
-204.66
-126.514
-150.742
-229.899
-138.249
-172.496
-155.42
-170.121
-165.352
-160.466
-180.822
-141.543
-211.092
-143.483
-141.773
-147.663
-206.071
-162.587
-196.934
-189.004
-220.76
-191.804
-186.91
-228.374
-171.27
-152.402
-163.29
-177.765
-218.534
-170.062
-186.036
-180.479
-211.584
-163.769
-135.585
-156.36
-150.39
-185.979
-210.189
-141.475
-142.252
-124.068
-195.25
-189.517
-163.467
-182.705
-154.623
-175.953
-152.26
-156.588
-158.004
-153.594
-208.913
-142.567
-199.735
-209.076
-170.897
-173.892
-153.969
-163.858
-159.038
-139.259
-211.357
-142.848
-191.287
-208.784
-165.574
-136.833
-134.716
-178.883
-188.116
-151.471
-142.745
-170.107
-143.05
-201.692
-111.024
-199.979
-211.25
-126.772
-178.925
-131.088
-175.128
-120.526
-188.142
-186.922
-169.221
-131.887
-125.142
-196.761
-205.557
-123.933
-182.573
-187.243
-137.706
-177.765
-142.075
-151.94
-172.022
-191.332
-162.249
-164.283
-118.123
-126.169
-111.495
-204.012
-211.2
-122.555
-195.32
-172.292
-156.602
-155.106
-205.579
-196.515
-228.514
-116.27
-211.676
-189.651
-123.256
-176.165
-197.038
-183.713
-124.039
-215.163
-202.69
-189.68
-202.864
-114.94
-167.387
-144.335
-184.108
-134.217
-171.855
-152.605
-152.231
-146.718
-127.741
-219.13
-156.218
-177.121
-203.124
-187.734
-110.335
-148.712
-218.107
-143.187
-160.943
-155.217
-178.749
-149.067
-185.397
-217.081
-187.591
-197.22
-106.664
-141.841
-154.911
-124.038
-122.653
-153.511
-193.313
-206.689
-222.964
-123.695
-158.265
-177.575
-197.841
-155.601
-185.256
-176.761
-134.738
-207.417
-122.83
-129.576
-159.45
-196.088
-220.759
-121.97
-144.984
-198.666
-162.199
-177.662
-216.276
-105.517
-168.742
-156.452
-184.998
-117.519
-140.858
-145.379
-216.458
-139.515
-211.54
-162.71
-141.13
-137.989
-179.494
-201.946
-157.329
-123.893
-170.738
-182.622
-187.072
-165.192
-177.095
-188.192
-206.827
-143.124
-128.431
-174.346
-172.861
-219.918
-111.397
-155.301
-136.612
-151.459
-186.486
-207.355
-223.378
-172.869
-176.028
-143.189
-211.056
-191.611
-141.396
-144.827
-155.469
-156.7
-144.489
-152.582
-155.045
-106.352
-177.818
-141.526
-146.894
-127.2
-136.673
-220.429
-163.713
-180.768
-120.687
-207.731
-125.798
-173.44
-116.946
-193.667
-206.146
-148.478
-207.814
-174.105
-148.842
-193.189
-110.804
-114.45
-205.996
-128.954
-154.668
-132.415
-133.081
-207.83
-123.888
-174.414
-164.403
-126.832
-147.709
-179.674
-202.836
-136.421
-138.463
-181.427
-134.441
-142.742
-191.691
-141.965
-151.711
-209.885
-196.488
-171.397
-177.517
-138.391
-157.791
-159.478
-199.131
-142.335
-141.551
-175.546
-184.236
-126.25
-159.311
-159.895
-122.549
-211.956
-159.155
-216.1
-135.109
-165.424
-157.734
-205.955
-172.153
-144.379
-220.746
-167.388
-197.058
-146.157
-119.546
-137.006
-159.392
-104.975
-156.255
-148.05
-136.294
-218.639
-165.47
-129.428
-207.643
-192.341
-195.557
-141.356
-151.729
-171.612
-158.36
-143.34
-131.514
-147.01
-208.657
-186.665
-134.483
-123.9
-189.692
-218.671
-197.386
-170.042
-200.796
-160.853
-131.996
-156.734
-156.367
-176.142
-175.518
-230.754
-105.392
-168.437
-205.142
-127.943
-194.643
-161.331
-224.004
-187.08
-146.465
-151.903
-126.345
-129.792
-212.144
-107.167
-147.174
-203.508
-144.206
-166.484
-160.034
-202.453
-160.157
-181.49
-144.294
-179.251
-113.48
-183.334
-130.499
-163.44
-195.712
-152.331
-176.166
-151.968
-136.184
-197.282
-162.632
-114.252
-134.098
-161.748
-175.456
-158.798
-163.377
-113.372
-140.739
-159.85
-178.444
-116.072
-205.014
-128.78
-181.14
-186.702
-150.826
-135.278
-125.588
-161.22
-120.111
-205.312
-132.555
-140.277
-149.528
-125.113
-214.066
-197.958
-130.624
-108.542
-170.904
-118.802
-226.056
-111.244
-132.08
-185.684
-173.173
-170.8
-185.549
-130.944
-168.421
-150.488
-184.856
-208.411
-169.989
-182.882
-153.719
-149.634
-142.673
-223.273
-144.382
-199.188
-213.906
-149.912
-172.117
-207.773
-181.31
-114.073
-198.267
-217.83
-123.298
-144.675
-152.828
-135.995
-167.614
-160.797
-130.467
-136.74
-156.91
-114.704
-143.719
-154.097
-151.69
-146.1
-146.117
-180.399
-203.985
-150.695
-141.693
-135.49
-150.377
-146.051
-183.952
-149.426
-149.368
-155.47
-150.691
-145.062
-202.383
-126.425
-213.707
-156.936
-165.829
-124.701
-185.98
-109.569
-143.686
-160.746
-139.004
-157.218
-177.407
-208.538
-231.124
-269.77
-278.666
-252.325
-272.044
-266.589
-271.802
-266.938
-302.299
-283.136
-227.356
-321.844
-308.864
-272.24
-298.534
-291.905
-241.967
-239.719
-253.238
-251.317
-260.349
-286.788
-307.971
-269.091
-295.825
-262.315
-252.072
-290.042
-227.077
-270.476
-264.64
-322.093
-237.624
-272.208
-288.923
-270.507
-257.187
-232.415
-246.012
-239.624
-268.8
-246.071
-312.63
-294.143
-234.039
-284.412
-274.704
-285.646
-268.308
-240.078
-320.657
-286.276
-234.706
-247.836
-261.946
-240.53
-269.582
-251.995
-268.237
-292.949
-222.011
-235.298
-268.552
-326.698
-296.119
-245.536
-273.122
-274.999
-272.977
-251.593
-237.54
-296.099
-242.22
-253.922
-282.756
-239.412
-248.967
-308.513
-228.667
-241.384
-246.616
-267.254
-239.376
-275.157
-259.125
-230.964
-274.018
-251.109
-254.328
-271.095
-300.416
-250.806
-295.503
-262.347
-284.428
-278.592
-240.389
-273.123
-282.743
-274.381
-310.156
-234.435
-310.166
-286.782
-282.031
-259.83
-228.15
-272.557
-255.225
-250.226
-264.635
-284.429
-239.364
-287.651
-262.708
-303.758
-328.044
-283.966
-287.282
-268.572
-246.187
-265.05
-234.06
-261.535
-232.523
-285.761
-329.451
-240.252
-255.558
-263.381
-252.354
-270.017
-254.465
-309.304
-310.867
-247.985
-272.569
-234.948
-259.535
-229.531
-303.957
-287.351
-255.725
-289.982
-222.826
-308.207
-295.084
-279.012
-244.111
-284.972
-267.339
-327.3
-311.101
-220.66
-223.599
-252.69
-238.954
-311.037
-265.689
-274.51
-291.134
-250.368
-251.3
-256.306
-241.362
-307.001
-284.618
-257.163
-237.813
-303.766
-253.948
-266.778
-260.553
-240.374
-232.608
-274.783
-261.255
-299.727
-255.2
-233.345
-319.547
-241.679
-243.591
-242.167
-275.942
-317.122
-325.924
-237.136
-239.771
-302.777
-310.408
-264.427
-243.995
-282.262
-234.323
-287.536
-229.79
-308.491
-257.728
-319.007
-44.3268
-50.0829
-102.501
-27.7194
-44.9653
-31.6113
-102.519
-19.3256
-61.8342
-103.633
-24.0643
-108.251
-23.3194
-70.3637
-53.4055
-98.3515
-111.495
-23.8508
-71.8943
-21.1187
-27.4589
-74.2045
-24.955
-73.4158
-124.733
-97.169
-122.938
-120.762
-27.9908
-114.046
-48.3944
-108.432
-15.5897
-87.2877
-122.741
-20.8176
-114.705
-59.6756
-69.3143
-17.157
-97.5
-34.0985
-90.1484
-58.2
-120.461
-21.7018
-27.7598
-123.249
-62.9829
-30.3305
-103.678
-14.9486
-25.7762
-34.587
-101.353
-35.7072
-53.5907
-32.046
-25.7498
-111.939
-56.0256
-65.796
-75.5541
-83.968
-56.9166
-49.4927
-102.259
-44.8854
-54.7307
-101.869
-122.092
-104.319
-86.9817
-55.005
-54.3662
-37.8521
-88.7143
-91.2483
-32.6641
-88.7047
-54.9023
-99.3974
-30.8492
-92.5602
-41.6195
-27.4099
-39.0099
-47.9974
-49.5249
-37.7066
-113.915
-67.6261
-30.4331
-52.21
-79.3863
-84.6584
-63.5387
-113.456
-65.8006
-127.984
-61.7267
-66.395
-94.0245
-84.2371
-51.3433
-47.9039
-53.328
-73.6116
-40.3884
-80.6591
-63.1833
-104.617
-30.0875
-116.806
-92.8947
-48.4922
-101.241
-83.1768
-97.3853
-122.629
-101.643
-68.5086
-63.56
-17.5946
-37.3179
-32.3649
-63.3726
-94.0153
-112.54
-39.9926
-96.8993
-60.1988
-44.2942
-102.388
-75.9658
-91.9345
-56.0741
-18.8443
-123.64
-106.322
-93.1691
-41.5054
-126.583
-51.919
-57.994
-109.142
-20.4137
-55.4818
-55.117
-98.0853
-28.7939
-28.1925
-22.983
-59.3044
-51.8247
-39.9105
-95.6351
-7.07525
-39.586
-87.1376
-35.6307
-48.283
-13.8328
-81.0343
-44.1195
-18.0033
-53.6141
-65.0605
-1.99699
-18.1862
-55.2713
-33.8325
-31.7957
-18.9506
-5.69138
-56.6948
-59.3238
-73.5174
-65.5005
-33.2272
-97.7471
-63.8271
-35.5613
-68.9268
-65.2658
-94.7655
-83.3443
-60.1404
-123.013
-34.0045
-74.5321
-38.0314
-89.4753
-21.0897
-120.774
-54.174
-65.6595
-29.4523
-99.6854
-31.0321
-13.907
-118.968
-61.9718
-44.6786
-33.5067
-75.0277
-5.52101
-87.6651
-39.633
-62.249
-124.786
-74.9269
-56.6512
-45.4806
-44.064
-37.3611
-109.05
-26.1736
-64.5999
-100.744
-27.0429
-8.79768
-85.5737
-56.7204
-117.811
-71.3101
-52.8915
-101.115
-51.779
-84.2553
-86.2047
-65.6425
-68.829
-33.1692
-119.137
-16.1441
-96.097
-128.01
-97.2548
-48.1224
-82.4298
-17.757
-101.049
-23.9497
-44.8924
-117.213
-101.983
-82.0173
-40.0161
-25.7814
-16.825
-64.9507
-117.694
-68.857
-13.9671
-103.358
-35.9787
-57.1418
-110.18
-70.8619
-105.063
-106.939
-66.4195
-46.2744
-32.8437
-56.8086
-104.593
-10.0936
-23.1518
-45.7198
-76.9061
-100.696
-32.705
-41.5444
-63.6297
-23.6624
-109.177
-55.7717
-39.9854
-20.27
-102.688
-43.1003
-121.361
-51.8282
-65.7326
-14.4708
-49.3182
-49.4443
-78.6933
-46.2308
-61.2181
-21.6111
-58.299
-54.0599
-118.321
-90.8912
-17.9892
-74.7106
-75.8895
-107.102
-56.1518
-97.6259
-70.9912
-13.5499
-41.4738
-68.3385
-49.8208
-101.259
-117.141
-64.1691
-75.476
-43.6082
-31.5898
-48.6112
-83.9784
-109.961
-75.4344
-85.4393
-27.1119
-48.5548
-60.5928
-83.8614
-60.6481
-21.8004
-29.4907
-46.1758
-67.1375
-47.2029
-77.0243
-85.3662
-48.3798
-120.15
-111.615
-52.5564
-88.6037
-15.783
-39.3092
-102.894
-105
-101.616
-102.438
-66.3466
-57.5402
-97.0749
-31.637
-33.0443
-19.5368
-14.6039
-18.2864
-26.8094
-53.1464
-92.6744
-61.4516
-81.8719
-90.8993
-109.977
-44.5942
-99.2954
-42.2891
-43.126
-20.7847
-104.056
-78.1583
-31.2707
-28.4221
-6.15612
-45.8607
-94.8607
-39.8495
-23.9883
-13.8934
-28.8748
-79.0905
-33.2049
-71.1416
-37.5604
-64.9589
-97.8399
-46.6643
-12.078
-21.2789
-38.3251
-1.10146
-114.529
-27.7017
-26.6221
-81.887
-35.5759
-92.5406
-35.831
-20.2929
-73.8257
-101.541
-61.116
-18.0757
-35.1035
-89.4437
-64.4967
-93.3628
-38.7563
-162.348
-189.815
-192.008
-204.388
-177.772
-141.125
-181.2
-192.993
-194.426
-181.647
-199.167
-207.472
-183.235
-133.833
-175.615
-194.116
-118.568
-139.129
-221.372
-154.051
-151.585
-213.669
-131.138
-156.895
-143.564
-130.322
-222.625
-226.455
-121.361
-143.093
-147.876
-175.62
-199.168
-128.007
-175.98
-188.852
-178.748
-123.719
-141.598
-135.001
-224.856
-204.285
-154.577
-159.682
-188.273
-215.362
-140.959
-186.254
-152.251
-126.601
-196.436
-137.357
-154.735
-176.077
-146.234
-135.603
-141.254
-140.111
-206.558
-164.075
-168.513
-137.864
-186.686
-198.63
-129.434
-151.295
-170.211
-210.83
-200.615
-136.444
-211.42
-194.43
-124.728
-188.741
-210.282
-180.085
-175.084
-219.27
-217.97
-155.867
-177.931
-193.363
-164.646
-135.671
-170.772
-203.108
-172.901
-155.561
-148.272
-136.025
-183.098
-149.526
-174.943
-191.737
-173.556
-186.289
-204.127
-126.223
-169.889
-173.693
-200.802
-173.705
-197.383
-134.843
-200.086
-170.99
-176.121
-150.039
-156.791
-139.065
-207.23
-159.151
-156.086
-131.88
-161.085
-216.511
-164.787
-187.576
-144.139
-166.304
-145.333
-181.327
-207.488
-162.469
-181.143
-185.014
-224.179
-139.366
-168.821
-172.3
-144.138
-162.348
-174.973
-133.358
-180.121
-173.671
-206.907
-147.832
-192.386
-192.38
-214.29
-157.222
-169.017
-196.49
-138.345
-164.712
-181.929
-122.831
-208.993
-210.452
-172.354
-178.089
-124.977
-182.105
-155.322
-169.276
-207.312
-164.284
-145.069
-184.916
-216.621
-188.3
-159.989
-135.071
-192.834
-160.991
-166.763
-178.813
-222.94
-176.439
-142.577
-156.189
-149.182
-145.655
-141.149
-191.951
-128.961
-204.182
-181.237
-195.96
-187.267
-163.82
-155.738
-153.22
-161.474
-187.286
-194.886
-139.44
-176.709
-128.034
-129.088
-188.699
-177.447
-204.828
-217.277
-126.816
-152.813
-167.424
-187.292
-193.127
220.316
292.753
177.68
230.803
173.113
239.956
281.621
258.175
223.832
192.475
256.769
229.196
271.199
167.11
175.039
283.149
199.664
232.457
259.451
229.878
226.652
214.428
205.419
240.965
250.63
247
201.874
194.061
242.409
273.865
243.437
250.659
228.84
264.962
259.577
182.905
201.351
233.466
278.409
239.149
195.48
235.136
236.655
222.676
184.662
276.112
213.998
220.79
233.687
182.074
195.565
267.053
280.812
274.636
249.722
194.892
283.524
273.091
214.511
225.859
224.7
280.201
261.657
237.367
229.094
244.678
237.212
248.976
287.04
251.066
231.341
276.161
204.722
211.376
199.224
215.273
207.068
268.989
274.405
200.567
240.417
236.047
273.489
254.353
281.844
258.251
210.497
259.639
242.623
231.681
235.552
185.829
251.383
272.51
185.944
273.836
272.518
238.456
266.65
281.628
202.133
248.502
285.456
249.344
233.187
272.249
275.009
179.369
273.199
263.396
258.87
282.877
284.883
191.29
287.761
179.291
169.624
209.764
194.298
223.12
257.254
230.783
184.548
217.47
277.038
252.329
209.332
241.692
256.421
270.006
220.19
249.431
262.926
211.724
266.826
187.568
237.768
197.914
264.733
261.915
239.617
240.462
278.466
206.206
272.802
273.403
217.2
223.573
185.862
190.175
255.348
242.553
254.75
260.295
231.03
245.165
210.709
198.678
256.261
187.349
273.073
189.237
243.259
216.541
291.969
277.812
250.348
288.052
289.359
271.109
234.302
230.675
183.227
275.808
252.72
285.966
275.892
249.6
198.5
220.959
190.647
211.029
236.098
292.444
231.089
190.064
187.641
200.497
187.37
270.534
275.122
266.26
275.071
217.85
192.887
294.121
223.242
197.412
209.467
197.544
225.238
209.854
206.295
264.964
230.436
260.826
209.484
211.977
237.943
203.42
288.083
207.061
203.874
241.077
249.632
172.632
190.993
270.097
248.12
207.949
279.997
251.309
233.654
234.381
268.294
218.429
253.048
258.19
283.649
274.988
223.274
221.573
174.973
291.878
232.769
267.115
236.699
237.461
268.243
224.918
281.863
211.49
247.503
235.004
185.297
276.538
270.656
268.146
288.267
226.296
244.189
234.626
189.91
176.904
272.484
212.449
209.935
223.75
293.382
268.154
205.294
197.111
192.167
243.907
271.441
219.494
209.552
214.311
208.436
228.055
257.972
237.635
216.305
269.507
257.138
258.246
194.993
285.14
181.08
192.706
256.781
271.877
217.647
236.291
285.959
242.98
283.417
266.474
260.09
209.11
293.875
229.425
278.191
237.832
193.583
223.171
186.967
217.797
204.168
206.078
187.507
206.827
231.525
269.439
277.052
269.205
218.064
221.191
249.873
196.249
193.444
262.608
198.409
188.417
236.627
230.217
237.721
268.681
216.947
226.283
221.873
186.624
270.176
260.855
202.398
250.79
188.171
253.333
200.45
220.932
192.815
240.212
182.722
202.913
232.344
255.296
198.05
279.848
180.916
191.131
216.771
257.038
218.128
245.252
188.764
246.755
191.71
196.598
258.851
187.196
236.728
246.838
261.916
253.576
244.474
196
191.887
173.954
186.696
228.329
240.224
253.967
179.606
254.13
237.935
254.191
267.615
259.937
284.356
237.172
221.009
232.081
236.962
197.045
250.581
227.837
275.484
215.624
212.832
233.565
250.972
281.464
256.887
249.201
228.629
175.551
228.197
265.398
239.723
276.518
269.483
221.961
254.271
258.391
273.196
251.701
191.543
213.967
270.748
208.685
129.456
121.239
74.8105
108.502
147.19
170.781
85.1487
89.44
130.286
128.598
106.131
87.5279
110.545
154.054
172.434
104.055
142.021
78.1428
112.571
89.3331
144.159
80.2823
136.909
151.311
151.49
105.346
109.25
100.414
94.2278
178.415
141.624
162.583
115.504
133.992
165.952
173.59
92.4935
131.573
131.361
155.035
156.855
138.062
108.374
162.468
91.8881
97.766
68.8502
121.037
117.285
92.8498
131.529
155.044
134.382
94.848
134.346
109.265
115.334
117.222
94.6864
154.487
161.918
109.516
119.905
158.017
139.618
170.768
144.41
98.315
135.311
158.811
97.9725
109.232
165.854
119.024
117.411
164.657
131.003
88.5509
110.952
109.277
165.154
142.505
144.788
113.298
120.706
138.449
122.025
153.292
148.715
115.903
152.263
92.5577
139.546
167.714
143.417
124.188
119.895
145.102
119.43
85.0642
98.0701
152.229
130.648
149.376
162.172
104.848
119.48
83.5177
168.318
122.314
95.3139
123.636
94.7699
83.2134
164.564
126.826
149.054
81.7163
121.433
139.917
130.433
104.729
125.399
108.051
164.972
160.705
137.539
136.82
146.502
140.164
93.217
111.273
136.916
128.181
124.902
103.738
105.215
163.291
151.987
161.021
138.633
125.607
148.818
101.383
122.621
104.807
145.193
158.549
134.899
119.597
156.153
139.236
153.831
167.609
152.297
83.1985
136.788
79.3097
97.6978
132.903
121.732
160.057
162.698
104.49
150.265
174.209
159.071
154.999
91.3008
158.384
105.844
103.373
153.447
147.237
151.278
89.7182
120.591
80.7408
148.556
161.529
116.928
145.229
136.136
72.5934
134.989
109.064
138.018
168.004
166.466
149.993
87.9951
120.767
113.611
82.9469
166.027
70.9202
173.375
166.137
116.841
108.199
285.145
352.353
278.6
313.426
309.323
372.827
349.537
320.26
377.576
299.453
381.742
364.034
379.697
312.674
332.506
388.987
284.88
313.666
395.921
347.372
380.365
315.484
348.219
366.836
362.486
345.608
392.666
352.214
277.678
309.492
277.823
325.238
355.996
332.307
344.21
368.839
281.541
309.494
285.926
342.304
352.051
345.599
347.863
373.768
352.996
336.529
321.39
279.956
320.667
280.122
363.123
319.49
354.435
358.633
278.883
301.754
294.177
352.859
384.731
355.228
396.824
333.246
308.175
286.395
370.47
304.925
302.446
371.576
304.654
354.213
297.039
359.465
350.217
342.438
381.537
326.794
358.146
381.821
345.887
348.295
306.736
356.314
373.115
364.913
369.133
313.082
357.868
280.018
351.833
295.612
293.537
326.102
377.814
291.754
343.209
344.124
293.045
297.12
331.627
303.414
301.744
388.487
331.528
308.7
355.03
351.856
362.6
357.378
337.918
346.735
343.733
334.928
298.935
394.237
370.753
331.829
378.589
348.729
312.733
377.685
315.663
361.924
320.999
304.391
316.623
382.283
347.935
351.734
333.677
336.135
366.537
367.282
364.764
351.803
328.197
308.675
370.794
369.753
309.057
334.061
340.48
378.147
294.968
368.488
366.19
279.441
382.347
301.363
287.057
347.454
368.548
288.136
323.164
363.008
378.661
345.354
340.298
287.95
349.252
348.336
294.958
341.586
309.784
377.901
320.004
355.413
396.179
325.773
302.21
369.516
320.325
338.88
344.525
339.862
324.432
367.785
310.213
346.903
347.953
366.82
370.073
324.727
309.536
368.51
377.51
287.155
319.488
312.8
393.499
358.984
369.024
304.762
285.808
341.571
337.456
361.066
350.029
317.751
345.025
306.643
353.4
333.404
364.722
292.772
387.142
325.86
395.083
319.429
317.604
320.032
277.97
339.87
342.794
304.103
344.701
376.6
370.96
348.216
341.168
347.552
385.817
319.562
322.424
330.172
344.633
279.753
329.057
364.874
284.856
373.504
279.468
372.856
316.992
339.599
332.108
309.565
373.151
389.123
396.12
275.715
280.012
365.032
363.801
299.095
267.803
354.372
289.809
309.759
315.152
370.926
361.328
306.43
356.74
357.122
358.558
345.503
385.383
342.978
294.096
293.928
320.925
358.759
288.66
324.269
320.371
340.984
372.282
356.773
341.898
285.045
334.178
332.712
286.26
353.897
309.973
336.291
353.081
308.236
301.262
284.909
272.208
342.036
322.365
331.018
350.749
348.976
356.512
341.748
373.447
361.942
271.55
369.573
350.777
349.923
335.452
317.68
345.32
396.921
333.126
339.351
369.653
279.855
365.024
300.877
319.262
350.282
336.525
302.048
331.011
306.106
367.33
321.964
379.256
314.406
292.592
321.297
339.782
330.913
376.324
310.557
341.348
344.076
347.304
303.571
355.266
279.882
287.539
386.174
307.36
355.697
295.579
282.493
273.654
289.583
346.306
387.521
344.152
336.702
341.488
377.978
337.685
332.837
325.618
335.424
377.885
296.029
336.803
351.267
363.376
367.873
324.532
335.375
383.851
350.17
352.732
318.277
315.187
306.202
287.659
364.367
306.5
366.009
293.733
337.118
307.255
327.472
366.464
353.975
325.051
349.063
335.581
351.265
320.45
344.854
360.447
343.881
348.508
366.653
318.2
271.278
300.465
296.98
306.787
345.104
336.947
373.071
304.493
276.968
350.812
342.661
354.019
280.428
376.629
392.085
310.717
330.1
361.997
332.007
360.318
336.569
206.472
263.51
246.291
198.115
267.346
256.369
245.137
246.953
196.737
257.868
172.251
250.79
203.848
203.367
268.932
179.233
260.644
197.598
185.565
227.712
219.471
246.416
249.53
260.108
210.885
232.285
187.495
260.564
265.086
243.351
219.935
198.208
241.552
218.54
255.808
210.137
254.846
204.534
264.907
197.58
219.713
262.198
225.921
254.075
255.377
219.792
205.786
183.517
208.945
253.895
247.136
216.202
216.305
184.894
259.244
255.006
236.502
259.735
223.63
216.142
263.623
224.733
257.223
216.036
179.789
198.685
214.537
261.181
255.388
204.649
276.762
232.896
231.684
263.51
209.666
264.612
212.909
228.453
270.925
203.338
259.916
238.525
249.534
185.01
182.204
256.087
204.985
220.96
224.572
201.054
205.293
232.321
199.099
190.688
199.225
253.02
192.114
199.524
231.534
245.348
238.378
215.65
251.004
239.463
267.324
231.118
244.372
224.515
218.384
263.455
229.223
214.615
265.871
234.134
201.442
245.47
196.605
265.445
232.177
257.844
254.03
237.621
222.56
183.423
268.469
192.207
240.505
200.925
247.016
200.659
183.3
271.071
255.857
196.938
203.664
212.216
208.678
183.409
264.12
181.055
227.209
191.786
193.127
203.89
224.635
254.128
259.117
220.797
232.578
254.815
240.253
222.408
254.977
201.68
195.937
220.189
215.162
178.535
243.231
192.911
224.059
230.26
263.848
251.199
208.686
210.73
197.059
222.749
258.874
202.143
245.369
222.801
252.485
197.484
175.314
264.619
263.338
255.952
255.088
247.693
221.776
238.661
195.755
232.484
232.542
241.613
171.098
262.585
201.447
227.177
243.702
259.315
218.787
260.421
250.831
194.237
209.945
232.308
207.486
234.532
452.506
440.924
443.044
441.033
453.551
395.434
393.513
408.845
450.555
408.816
415.322
393.063
467.583
411.485
385.435
473.003
457.511
457.139
418.236
431.832
463.705
414.56
468.83
417.181
443.306
447.341
413.459
465.754
465.084
433.743
475.792
488.381
466.811
492.34
459.006
428.851
459.946
375.404
436.299
455.827
399.258
432.044
462.666
451.882
410.051
443.445
407.587
479.869
444.065
466.856
412.419
476.901
481.48
393.13
484.547
485.033
449.265
399.38
411.2
430.269
466.315
446.403
440.615
399.66
446.919
453.707
407.236
425.517
473.142
464.628
464.791
463.892
464.116
437.744
409.691
461.208
401.883
457.691
433.435
403.481
429.034
470.787
448.708
482.313
467.251
479.836
492.332
425.753
447.663
381.851
411.813
415.832
409.393
396.033
424.843
438.615
393.579
396.336
423.128
403.999
467.875
454.586
439.409
394.991
415.653
419.634
467.797
437.986
452.948
404.842
485.912
421.419
485.658
451.084
396.389
413.58
443.955
477.13
497.96
442.449
413.928
484.258
390.683
458.284
434.392
400.612
462.033
440.788
495.029
449.938
442.982
411.278
404.352
450.197
481.78
483.992
462.293
436.584
451.623
379.908
414.639
441.773
444.157
473.786
465.428
453.759
477.796
449.771
419.487
413.508
465.748
461.515
442.294
483.24
484.483
422.432
402.811
426.303
427.641
474.824
414.646
481.269
466.566
417.889
472.317
419.122
441.219
441.402
460.423
470.342
439.735
463.23
480.708
459.084
423.416
443.334
456.176
468.502
493.417
374.682
402.164
461.624
426.255
465.423
450.467
439.085
410.701
413.723
448.544
380.385
421.115
424.355
448.962
447.262
431.146
489.288
463.622
478.695
409.089
462.445
435.249
480.914
384.85
426.523
441.035
405.202
413.989
410.208
422.662
427.347
432.469
475.302
408.381
462.555
466.812
484.645
452.579
418.386
407.545
417.322
461.488
479.549
414.99
384.3
433.843
459.991
411.79
458.707
437.577
399.635
470.07
408.499
465.42
467.851
448.767
422.825
376.848
422.277
427.767
469.759
437.838
474.684
408.348
433.403
412.72
466.167
460.299
444.685
447.585
410.956
447.716
482.651
446.554
473.267
448.869
460.462
438.901
442.201
467.938
412.091
401.499
423.362
459.612
452.523
429.767
478.648
467.122
454.424
436.933
457.646
389.637
431.045
467.742
479.063
394.534
425.898
464.667
395.462
470.527
456.988
415.606
422.1
411.417
460.696
476.244
444.678
400.652
467.77
433.483
465.06
407.502
472.909
446.113
461.665
439.519
454.145
465.482
405.738
446.916
464.722
459.516
473.094
459.193
427.696
438.686
381.577
457.58
392.938
454.351
471.027
488.611
377.084
464.736
430.135
460.564
460.066
431.9
460.101
471.472
445.309
457.128
463.402
497.8
393.368
417.128
371.722
416.723
446.202
384.54
418.001
395.112
448.399
429.667
446.853
400.919
472.341
435.117
428.379
445.475
396.096
395.008
422.883
416.595
391.837
407.72
467.57
401.989
441.22
461.367
437.547
492.226
384.498
426.459
447.041
447.317
423.219
423.237
378.839
446.857
490.919
403.559
455.122
443.302
403.107
403.504
425.771
372.244
405.102
481.187
460.08
431.051
477.812
435.356
390.56
436.24
415.946
398.307
389.97
427.2
440.634
440.574
439.981
432.044
405.99
449.878
384.011
449.405
488.551
427.929
465.249
475.065
395.278
432.349
451.095
389.932
394.49
412.836
406.28
451.435
449.067
321.239
336.702
362.818
308.63
297.1
300.628
379.71
277.577
337.831
335.334
363.513
288.551
343.005
284.325
374.243
369.024
303.959
359.492
346.235
313.746
284.176
336.543
321.492
311.641
332.812
367.372
343.216
325.07
346.07
361.183
351.482
340.468
271.63
324
336.103
285.019
337.863
370.433
304.43
375.188
332.512
321.901
323.785
316.846
355.827
341.819
319.061
289.461
361.461
343.136
306.524
350.538
327.19
314.213
345.925
271.941
364.396
310.396
344.08
339.481
354.837
298.918
335.845
351.184
377.811
316.974
379.294
348.885
298.947
335.036
340.885
333.241
325.765
309.147
334.311
320.232
368.789
323.444
308.142
334.324
353.17
315.661
307.607
304.465
285.588
298.711
340.857
368.942
354.578
306.804
313.128
359.054
340.23
279.189
317.468
307.993
316.214
336.008
312.279
336.771
366.093
279.985
299.228
358.799
321.574
341.374
329.828
300.369
341.946
315.5
337.044
350.566
356.666
337.024
348.998
284.266
310.11
366.184
363.148
360.174
294.211
328.206
320.575
325.442
303.383
365.292
276.299
363.486
279.748
306.534
357.304
353.425
291.607
305.168
322.948
326.558
362.158
316.62
279.634
369.257
347.413
331.569
363.55
308.375
362.842
315.354
362.357
360.838
324.132
268.85
310.371
306.325
340.371
322.561
343.752
351.525
361.236
314.128
292.089
332.545
356.702
361.171
301.148
293.95
341.816
369.381
370.751
326.533
288.655
303.813
360.915
322.181
293.746
335.889
291.096
341.3
289.546
321.393
369.451
316.013
330.355
309.24
358.178
320.037
322.424
354.46
336.499
302.719
323.876
330.438
346.831
329.409
316.427
342.934
316.847
354.384
368.178
332.055
332.609
331.26
280.437
320.832
355.834
372.912
365.053
358.827
365.682
345.224
294.955
358.52
325.063
333.406
312.916
343.892
369.299
360.581
335.016
363.754
340.733
393.713
368.266
315.961
363.226
372.381
373.234
360.009
362.088
308.14
287.654
298.138
300.405
385.443
331.94
300.214
289.741
374.422
321.905
376.262
374.55
339.479
318.26
351.262
308.098
368.144
375.75
352.727
301.916
279.873
293.56
341.965
341.72
347.696
363.411
360.747
298.048
359.489
372.549
372.857
314.213
302.398
297.803
367.662
303.95
341.281
308.086
301.224
369.395
353.701
353.751
313.334
324.916
377.92
299.168
387.035
308.291
343.552
286.997
339.244
306.771
344.742
332.37
347.892
304.35
375.171
372.836
296.213
336.651
288.028
326.221
314.689
357.143
362.276
339.264
381.342
304.87
278.169
363.131
333.013
344.428
319.433
342.512
313.721
325.772
385.429
370.465
368.84
372.718
281.862
309.819
304.422
285.902
298.855
295.623
366.147
354.16
371.723
304.789
375.856
377.261
361.529
290.368
369.059
309.957
310.865
331.392
318.579
350.052
287.529
334.275
325.611
318.033
366.233
342.553
364.135
354.74
325.909
343.581
365.562
343.567
334.416
343.098
370.586
335.322
364.779
349.793
361.638
321.754
321.58
327.979
311.404
335.937
342.136
352.872
352.445
362.625
325.169
336.173
345.084
358.888
367.213
333.01
332.066
354.76
298.328
326.448
363.228
306.407
350.434
295.449
339.977
347.755
342.68
306.723
362.105
369.625
366.278
292.523
311.339
304.482
342.095
305.931
295.622
342.652
362.498
318.218
335.105
331.084
327.342
323.999
359.565
390.844
331.573
301.468
300.034
301.875
365.535
366.532
350.842
355.221
393.352
368.646
298.39
380.441
345.574
380.57
371.057
310.247
305.701
331.658
360.633
314.026
337.366
300.209
321.421
350.804
350.989
339.569
301.437
299.194
362.156
377.826
314.119
291.292
359.428
318.796
375.576
341.772
355.365
324.717
377.636
396.967
347.839
331.596
296.827
303.741
354.102
324.185
341.184
365.723
377.27
319.915
369.875
381.052
341.992
278.236
356.035
341.638
341.381
295.142
309.535
354.921
273.879
315.263
337.498
329.726
354.661
354.55
330.39
363.279
351.058
331.553
292.916
280.502
375.02
293.152
351.386
322.86
359.755
280.978
364.765
353
303.454
362.191
361.473
352.969
363.937
343.414
373.455
390.329
298.58
312.326
325.738
341.934
364.119
367.655
297.21
340.396
368.927
333.5
368.923
345.899
286.156
362.836
388.427
351.879
275.125
337.481
325.091
312.984
356.9
397.644
376.076
282.553
361.759
298.084
307.073
327.86
313.868
353.156
304.581
338.151
328.072
371.217
383.729
391.561
363.695
376.564
356.888
318.71
340.286
380.661
368.252
288.098
369.933
383.367
376.543
354.227
299.551
299.899
327.964
281.572
298.377
328.444
302.309
315.857
285.362
335.041
342.998
332.477
282.199
344.293
304.09
315.41
343.813
367.64
337.321
270.841
368.613
311.589
319.832
377.959
367.421
362.469
376.196
361.926
358.949
287.994
341.503
361.024
301.822
296.499
268.581
365.732
332.312
306.277
343.872
338.675
376.007
289.005
340.76
300.468
283.972
283.147
365.329
341
327.325
335.616
355.088
348.894
377.56
300.518
307.114
371.751
364.492
281.685
291.529
363.694
315.565
336.159
327.468
358.242
316.445
285.216
348.672
297.873
367.806
391.793
302.743
366.239
332.327
212.254
177.224
262.963
257.209
230.817
201.082
188.851
226.293
253.52
205.384
244.226
251.765
228.457
229.407
175.298
219.815
247.743
278.094
265.41
193.675
195.197
214.926
220.969
189.483
262.556
201.287
265.084
210.091
253.043
226.88
196.886
246.017
266.314
177.548
223.754
261.72
264.214
198.886
212.238
275.157
258.269
259.208
218.032
216.331
218.883
254.687
252.134
258.799
256.547
260.9
206.512
183.111
224.3
224.147
259.852
223.26
226.279
211.354
241.075
180.257
226.201
190.316
213.999
204.926
232.715
266.429
209.955
252.056
216.498
203.506
200.82
237.937
252.731
260.21
201.659
235.056
227.417
179.212
229.296
259.094
202.312
192.49
222.263
198.031
213.94
211.417
249.819
226.201
184.066
255.322
190.119
265.089
179.521
257.602
187.377
230.237
208.858
260.103
218.821
249.017
259.703
262.448
265.583
230.232
244.94
210.948
196.868
241.823
230.753
235.53
217.621
233.039
264.715
224.301
204.066
198.868
223.584
237.366
204.852
261.9
224.262
213.161
201.694
197.867
246.911
250.577
198.791
193.431
268.674
235.561
269.302
246.053
267.197
181.111
227.685
231.441
211.908
215.126
215.464
204.213
210.885
197.377
198.803
253.864
249.144
224.29
229.753
268.833
241.228
201.188
255.699
205.626
234.944
198.479
268.586
235.192
247.354
263.565
267.929
246.654
210.345
213.716
230.69
224.783
184.689
174.314
210.078
259.769
239.003
225.483
191.387
265.23
256.143
256.438
248.238
237.094
241.488
266.213
210.579
198.676
212.148
221.669
253.424
260.176
261.823
262.822
199.334
223.075
187.957
225.815
210.149
211.791
197.977
206.861
221.643
184.123
257.807
271.556
231.578
263.633
218.901
244.88
256.938
224.758
248.388
266.584
237.822
215.511
243.027
245.104
215.179
219.653
250.579
210.792
221.803
189.347
242.367
236.339
237.42
194.426
262.486
258.011
254.501
193.765
271.768
252.468
259.037
254.465
289.024
224.261
190.093
196.318
249.748
252.656
230.573
238.324
246.929
252.766
281.481
285.198
199.662
231.85
206.323
285.528
228.539
246.937
229.434
250.545
257.455
227.029
240.227
240.123
277.398
255.471
281.686
277.967
210.94
278.312
254.884
244.308
219.299
260.121
269.333
267.312
268.584
242.39
273.505
224.954
193.581
275.953
205.764
181.177
227.752
239.066
234.082
253.923
274.284
245.911
272.144
245.675
258.91
264.261
185.383
260.457
181.392
233.993
270.994
254.707
198.19
285.541
261.53
259.941
260.778
211.162
286.221
193.328
213.758
240.244
248.265
240.392
251.692
231.558
229.925
250.605
226.48
189.191
242.425
270.884
228.624
250.022
279.9
250.658
204.232
235.705
223.035
216.215
195.981
266.371
260.53
269.095
207.255
284.717
235.911
277.237
210.457
254.193
184.952
278.648
263.033
226.213
186.106
206.547
231.152
185.627
206.823
177.753
285.189
209.253
188.524
264.157
230.233
271.966
287.742
225.237
291.806
233.423
279.244
235.696
216.444
178.405
234.71
191.348
276.476
210.314
244.411
295.554
200.62
192.681
261.017
237.114
247.648
211.086
229.929
260.184
252.174
251.147
250.205
223.121
268.615
263.947
249.112
187.6
227.912
267.375
238.871
281.378
216.219
244.44
213.774
291.566
246.963
275.7
229.569
260.337
210.998
259.951
231.963
279.927
206.948
243.582
224.829
222.15
247.268
209.928
259.769
265.498
245.57
255.338
193.844
291.785
233.386
213.397
276.074
252.387
255.423
243.564
260.187
249.883
245.55
234.915
212.187
234.944
231.818
258.501
208.09
230.972
256.686
240.261
208.656
224.812
280.536
224.016
257.574
202.599
274.268
266.537
211.512
264.492
279.406
273.098
219.949
268.468
239.871
267.174
252.41
243.237
251.647
238.591
249.341
233.241
196.565
196.395
261.181
220.851
192.702
244.489
256.642
221.597
236.716
204.665
217.888
264.3
236.271
260.544
225.993
211.42
286.526
263.854
217.592
205.365
250.628
198.248
282.044
254.267
176.371
199.546
214.507
281.39
218.014
268.644
198.847
233.598
255.987
205.805
219.278
219.688
200.482
196.707
185.19
199.54
252.855
197.91
183.599
273.781
212.051
214.402
188.174
202.29
257.755
256.372
278.719
221.934
168.621
282.214
222.956
264.653
205.233
219.308
225.325
193.954
256.307
236.579
243.352
216.79
262.55
223.512
229.273
264.365
197.623
271.877
277.801
205.806
239.193
226.165
254.956
203.953
178.83
260.839
253.314
218.038
236.686
215.926
243.424
275.287
201.482
259.559
189.355
265.072
238.023
189.568
262.106
260.365
229.798
265.552
270.949
222.774
268.296
240.324
176.014
255.802
223.626
213.526
290.748
238.449
258.467
204.573
177.463
168.62
271.268
253.529
208.647
280.15
188.548
283.745
267.071
237.788
262.632
260.253
258.055
212.514
236.732
188.75
221.595
255.497
252.915
203.408
252.619
206.876
242.521
190.864
283.21
272.383
201.718
270.531
265.518
245.037
265.388
268.22
272.115
274.083
256.729
204.612
199.686
221.27
283.545
240.034
212.622
254.813
232.074
279.586
186.468
257.516
238.997
211.603
208.926
248.229
256.699
225.449
246.813
276.208
130.514
116.783
101.354
172.878
160.077
85.2108
149.38
161.911
152.055
140.775
91.7852
160.12
74.0159
79.3197
100.232
144.935
151.659
123.899
81.0111
88.2953
162.686
141.706
119.468
131.963
102.508
161.814
121.103
149.336
98.9859
111.701
83.9371
137.725
143.971
114.527
168.499
106.396
101.031
77.7427
131.783
148.093
121.424
157.663
126.44
164.518
160.916
139.424
174.495
175.89
134.073
94.9609
124.246
133.378
114.119
109.902
123.573
121.219
137.607
87.6489
165.293
101.067
139.058
125.123
140.103
138.623
159.188
107.865
145.57
115.622
117.407
158.299
96.7247
178.38
115.258
96.687
113.256
103.014
150.438
152.739
142.043
130.199
108.91
142.827
152.205
112.048
106.201
157.114
145.553
137.509
132.175
165.057
99.3785
139.392
99.8081
150.83
132.154
100.668
107.822
98.6894
111.108
148.777
155.181
92.4649
99.5862
141.329
116.401
130.16
149.734
147.897
110.734
158.594
138.892
127.445
115.158
134.032
83.7252
91.2436
97.8719
131.305
121.859
157.642
136.484
85.938
108.62
117.088
100.581
133.627
149.262
162.823
146.795
138.797
116.103
106.863
110.854
147.128
142.624
119.044
81.0087
76.069
123.547
106.949
140.336
98.0937
99.4077
139.706
132.832
111.743
159.246
123.172
147.225
154.562
161.909
132.893
162.365
139.677
111.251
101.797
70.027
158.418
75.3349
117.64
104.911
117.987
105.293
163.201
134.557
131.488
149.254
137
93.4179
152.532
78.5876
111.101
131.699
120.791
109.75
164.794
136.563
150.906
116.386
170.312
164.255
84.3162
120.373
93.7292
78.2496
163.573
145.595
89.7607
154.412
155.505
142.603
176.62
113.5
168.058
106.31
91.8597
121.872
132.119
124.296
124.262
68.6878
37.1083
66.8827
45.6486
31.5826
2.75521
11.6812
49.3858
42.8356
29.7154
25.6872
-11.443
78.3331
42.0012
81.6898
69.4856
58.5481
54.282
22.4762
-5.99141
69.1398
33.836
86.1345
41.4624
76.602
25.2253
1.17491
30.6982
27.7381
66.5789
10.3539
14.6153
13.3061
61.8775
55.216
29.883
50.6478
-6.78758
0.656903
-17.9568
29.3209
66.7223
24.5251
-20.234
78.3895
22.0094
4.92598
86.6138
55.3481
-7.00224
24.4509
-14.1288
-0.0929101
58.3454
-13.7707
44.5523
22.4597
36.4564
52.4521
-0.865926
22.516
71.7339
83.0353
-15.9426
-25.7555
20.923
17.6817
15.0153
79.3097
24.2398
83.1835
18.5478
14.3421
-12.223
-9.50627
39.6479
79.863
29.9757
66.461
53.7879
64.8274
81.5381
-2.80699
32.9743
-21.1456
43.5176
17.6848
75.1664
38.8598
-15.3775
25.6733
33.2869
40.5243
28.6876
-6.71363
1.76662
6.37623
-7.27258
26.2805
58.86
12.6899
47.4897
17.9227
28.6632
77.8251
39.7989
12.3782
2.25351
63.3123
37.4617
80.0903
88.2127
66.8412
19.8608
82.8252
15.6214
6.42701
4.92389
36.5507
38.207
77.4177
24.2878
35.6802
33.7083
63.6565
-21.428
24.6248
26.2105
75.0914
49.4155
38.4437
77.6972
48.9739
71.2906
77.9969
30.9923
33.7653
50.2481
73.6708
32.0027
4.09991
38.3309
90.0888
85.7318
47.1411
61.47
-7.02554
-3.16377
67.3423
66.1176
62.8078
-16.5109
44.8134
71.2167
54.7623
-11.0172
5.06516
41.8393
14.551
58.6432
45.5885
29.5026
60.3361
0.10356
46.9533
29.2421
11.1459
87.9261
-10.4633
-6.09624
70.4959
46.4746
44.5484
91.2511
56.5757
41.0884
65.6934
68.2514
-8.78185
22.3467
38.1095
46.2179
-18.5209
47.5809
57.1959
42.6242
29.6044
78.5116
47.9012
48.7206
2.26237
-22.7814
33.3742
53.9276
16.0672
53.0117
25.8282
16.7756
70.4605
75.9934
55.1738
22.3596
62.1873
-18.2233
74.9787
23.8797
52.5259
90.9888
32.0655
80.5324
-11.4677
-17.9921
31.6239
34.7213
54.5299
5.40608
15.9038
53.8974
81.7455
-8.32842
-5.46008
-10.7625
48.6733
52.8534
75.5436
89.4283
16.5419
33.6057
70.4549
23.1384
36.683
21.1213
75.8131
81.9162
3.5939
55.7678
32.9336
53.3909
61.4686
15.4213
37.1035
-1.69004
42.5885
87.1913
62.7285
13.2025
-11.0871
33.3534
34.977
41.8497
64.068
16.2296
7.82872
63.6095
40.4713
-10.29
71.0002
74.2203
58.0119
35.1031
-18.3658
-13.4098
44.3795
83.5456
70.5908
-5.91142
68.0566
54.0298
42.1977
68.3386
58.1505
-18.198
16.8789
31.9148
8.85406
60.4798
19.2986
59.3063
47.5464
62.03
37.108
45.2916
66.0528
-17.6921
15.271
37.4142
-18.236
42.8803
41.36
68.0464
28.5834
40.0898
10.3982
-5.73112
71.8959
20.5706
46.7935
86.3019
12.5174
0.528422
22.8715
65.7871
13.6399
80.9444
19.3836
70.5545
67.4021
41.848
50.6628
79.884
30.8709
-10.7493
76.9771
32.2811
-19.2662
31.5608
17.8944
43.1264
68.6713
15.321
-9.79798
69.9119
-0.81403
30.6029
-19.2075
13.9523
70.8965
10.0754
50.1128
46.3183
42.2468
35.2623
48.1268
88.5347
-13.493
-9.64056
60.1156
-0.846655
66.8375
18.3522
80.7025
-20.3062
6.95691
15.4047
82.3564
25.9982
42.0221
42.6742
37.0143
58.0167
55.1443
39.4031
20.1308
4.50239
24.4805
88.9253
14.0531
-17.962
23.2838
71.6853
64.8045
45.698
33.6343
-0.391781
67.0315
-8.68772
11.9748
45.4784
-16.0697
-14.4245
63.3822
37.7532
11.8763
63.2257
69.8937
40.1054
-0.919874
68.0454
33.1569
37.5677
-1.55919
63.2637
-12.2574
55.5154
87.01
-5.58875
50.3817
29.9891
-5.17539
63.0433
3.60534
15.0653
53.2786
48.4208
17.0827
70.2747
33.3498
55.7811
-24.8224
68.8444
-74.389
-80.5147
-111.291
-114.497
-100.741
-67.2016
-71.2367
-96.1797
-100.437
-107.273
-59.2178
-69.2114
-69.3647
-81.6067
-59.7549
-90.5264
-88.3764
-80.8722
-33.3816
-110.214
-96.42
-48.3818
-33.7966
-59.648
-66.9821
-22.8927
-44.3798
-36.3567
-62.9389
-39.0659
-122.646
-80.4371
-80.3021
-37.7201
-87.844
-61.4365
-75.8206
-35.3449
-70.3156
-31.2097
-44.9365
-32.3929
-41.2498
-78.654
-79.3159
-56.9232
-108.945
-52.5198
-78.8689
-53.0366
-58.111
-40.0858
-107.011
-70.1178
-100.22
-83.3888
-104.913
-102.99
-93.9885
-85.523
-79.4007
-60.5679
-28.0198
-21.3534
-64.4831
-52.0601
-34.4641
-72.3004
-90.4911
-49.3517
-25.9121
-101.038
-37.3085
-40.7557
-111.297
-78.6511
-74.4283
-73.9484
-60.6097
-86.3428
-81.9052
-72.5052
-99.9766
-85.098
-42.2613
-64.1933
-75.1691
-107.142
-81.5837
-98.2044
-55.8078
-64.8517
-111.663
-58.2895
-105.226
-108.725
-84.2429
-53.3201
-68.5865
-107.524
-48.0744
-57.0536
-28.3735
-86.3503
-72.8693
-120.522
-120.217
-97.7284
-107.843
-41.035
-78.9764
-76.1572
-46.9326
-67.6218
-66.783
-125.913
-96.0394
-110.801
-101.06
-109.401
-75.4406
-52.4213
-92.3772
-76.7133
-82.225
-75.3574
-113.409
-58.0278
-107.02
-89.1215
-62.6294
-99.8815
-88.39
-50.5026
-61.681
-70.0501
-90.1354
-64.9082
-48.8222
-104.78
-57.0173
-86.5617
-47.3827
-43.4987
-105.068
-55.8444
-128.616
-74.7933
-105.031
-47.8116
-64.0088
-63.4717
-98.6286
-96.9233
-80.2083
-102.276
-118.216
-41.861
-65.1222
-35.3146
-99.857
-52.9231
-26.9471
-83.6319
-115.402
-41.4775
-87.6496
-66.8722
-65.343
-72.9208
-126.876
-32.4607
-69.6915
-43.3826
-105.344
-97.0798
-44.3589
-82.1538
-117.655
-82.7955
-101.609
-44.2659
-73.0468
-85.2465
-31.3918
-28.644
-82.3049
-39.4917
-107.753
-75.9866
-48.7698
-37.2552
-39.4743
-62.3478
-46.0518
-85.3658
-33.5363
-65.251
-61.6445
-45.2987
-113.509
-192.613
-193.753
-168.441
-128.225
-109.307
-160.417
-194.337
-138.163
-226.103
-162.963
-156.741
-173.704
-211.254
-147.7
-151.436
-149.9
-145.529
-141.349
-205.212
-193.588
-158.398
-192.955
-190.199
-107.347
-222.311
-164.411
-138.119
-104.797
-175.142
-131.757
-164.075
-140.291
-219.602
-200.17
-197.611
-207.866
-203.17
-140.956
-173.557
-176.29
-162.975
-136.835
-202.476
-163.068
-178.212
-155.358
-218.023
-136.725
-170.718
-133.366
-179.98
-197.461
-141.963
-211.181
-184.804
-198.1
-219.732
-129.353
-126.825
-152.089
-145.697
-225.445
-208.331
-142.649
-158.275
-116.117
-152.596
-178.11
-178.488
-154.467
-146.749
-199.46
-163.152
-187.174
-142.391
-135.953
-181.819
-139.267
-164.189
-162.535
-142.476
-131.499
-131.457
-196.663
-130.186
-131.862
-165.152
-155.949
-161.409
-134.978
-141.431
-104.183
-169.636
-116.777
-165.759
-135.693
-191.942
-154.947
-156.119
-153.91
-165.021
-125.198
-138.43
-122.198
-149.309
-165.94
-153.953
-165.465
-131.285
-199.037
-198.415
-190.986
-207.008
-221.368
-213.306
-122.472
-136.868
-164.383
-188.114
-148.916
-120.782
-121.435
-164.421
-126.979
-122.527
-172.111
-153.974
-155.039
-219.197
-153.583
-140.461
-146.693
-115.978
-172.197
-206.566
-126.038
-156.423
-135.688
-184.334
-143.307
-142.827
-114.538
-152.474
-171.835
-148.211
-132.211
-145.719
-130.457
-134.088
-152.344
-211.265
-122.723
-166.088
-160.84
-151.856
-157.79
-192.847
-144.764
-196.152
-210.415
-146.628
-123.304
-122.857
-182.323
-161.618
-205.611
-221.441
-177.636
-182.882
-159.495
-169.375
-174.48
-218.582
-157.781
-186.688
-142.445
-175.906
-125.216
-202.369
-123.61
-123.736
-176.488
-146.339
-183.669
-201.897
-164.165
-138.212
-120.83
-182.239
-218.615
-181.551
-173.737
-111.458
-163.134
-196.062
-168.916
-175.095
-122.813
-112.778
-199.992
-218.699
-138.012
-144.406
-128.471
-164.851
-187.349
-171.197
-150.891
-193.931
-134.067
-211.611
-198.708
-149.203
-148.507
-165.649
-131.239
-162.47
-119.733
-182.695
-183.22
-131.104
-168.339
-175.052
-225.01
-210.186
-195.265
-127.549
-161.264
-131.087
-142.02
-146.917
-204.672
-168.517
-201.925
-159.335
-156.27
-212.504
-167.061
-192.725
-167.259
-183.166
-120.481
-136.214
-131.004
-132.457
-191.438
-128.47
-152.762
-171.749
-166.281
-165.069
-150.502
-145.154
-137.836
-159.318
-141.299
-183.875
-184.171
-125.427
-194.373
-204.668
-168.046
-220.377
-135.594
-186.956
-146.537
-178.005
-175.17
-118.94
-166.931
-208.626
-193.135
-197.009
-161.885
-195.518
-149.71
-206.18
-147.832
-142.387
-177.298
-133.731
-179.707
-192.531
-189.24
-120.525
-139.256
-159.867
-143.047
-220.898
-164.012
-166.161
-139.584
-106.99
-137.647
-180.15
-121.349
-189.02
-124.17
-175.142
-186.347
-155.782
-143.712
-191.12
-157.52
-153.159
-147.884
-148.428
-153.416
-153.601
-170.487
-154.883
-203.697
-209.411
-112.213
-228.986
-200.999
-124.29
-213.675
-109.361
-172.013
-191.569
-167.14
-137.366
-151.418
-126.31
-125.805
-116.263
-158.349
-126.541
-194.955
-212.892
-169.619
-161.247
-164.408
-182.827
-140.446
-197.761
-191.678
-179.077
-228.264
-138.099
-116.83
-138.293
-158.64
-166.396
-228.679
-153.826
-135.773
-160.98
-149.982
-141.549
-152.062
-164.546
-127.26
-114.706
-158.547
-188.598
-185.056
-157.031
-202.994
-179.326
-209.246
-192.466
-188.65
-181.607
-203.365
-171.849
-120.595
-163.291
-202.504
-188.101
-177.59
-138.702
-126.362
-200.616
-152.538
-151.628
-196.589
-169.384
-130.064
-183.635
-113.171
-145.546
-199.687
-203.032
-157.758
-157.65
-141.609
-186.605
-191.351
-130.366
-161.59
-144.588
-189.775
-149.798
-223.124
-142.491
-189.454
-127.266
-230.911
-286.485
-277.656
-278.391
-289.411
-237.07
-321.307
-275.772
-297.402
-315.234
-289.108
-289.698
-261.937
-230.781
-301.924
-264.952
-227.489
-246.586
-303.65
-320.716
-291.751
-286.688
-242.898
-297.363
-236.943
-246.111
-243.665
-290.623
-240.855
-276.992
-235.346
-308.54
-306.68
-309.983
-253.353
-238.37
-314.109
-249.783
-256.802
-266.62
-230.177
-235.518
-252.881
-266.131
-268.924
-262.086
-231.703
-291.317
-279.783
-286.011
-285.356
-288.086
-264.192
-289.924
-281.493
-248.033
-317.635
-232.359
-245.264
-309.246
-317.74
-236.96
-247.485
-272.201
-284.675
-283.887
-305.484
-283.415
-256.934
-254.66
-243.974
-289.971
-273.167
-277.252
-261.617
-304.205
-245.925
-239.004
-243.936
-251.504
-277.849
-277.7
-282.599
-226.444
-300.149
-301.7
-240.373
-263.854
-244.841
-283.416
-290.396
-287.97
-279.242
-278.295
-309.357
-261.333
-299.807
-286.17
-322.134
-285.342
-241.024
-276.859
-284.703
-237.469
-307.056
-267.652
-318.233
-304.98
-268.798
-242.394
-244.825
-227.329
-261.654
-225.32
-313.277
-267.335
-287.904
-246.079
-290.874
-244.238
-242.951
-236.945
-285.554
-249.552
-323.547
-256.973
-296.433
-246.602
-305.041
-272.259
-318.647
-271.58
-236.06
-282.062
-289.306
-240.299
-310.563
-234.795
-249.425
-306.934
-309.287
-237.114
-272.993
-264.864
-299.501
-294.269
-290.53
-289.38
-316.681
-292.243
-219.514
-270.243
-256.717
-247.491
-303.033
-260.604
-305.374
-301.066
-274.298
-272.187
-283.854
-240.574
-248.92
-253.654
-239.413
-270.939
-258.09
-282.6
-295.636
-256.999
-247.535
-246.518
-315.035
-272.575
-301.681
-263.045
-263.68
-315.627
-290.091
-250.224
-234.313
-259.24
-261.436
-236.356
-276.638
-248.869
-285.921
-269.074
-255.758
-255.247
-259.654
-259.453
-303.923
-272.274
-252.639
-306.448
-248.027
-272.694
-309.443
-268.962
-277.116
-331.143
-306.355
-210.76
-243.605
-316.229
-258.196
-216.688
-251.684
-250.196
-213.203
-290.124
-279.522
-286.526
-253.333
-310.282
-287.205
-315.405
-235.354
-296.065
-265.589
-256.884
-222.51
-289.356
-244.1
-250.044
-295.295
-267.528
-254.298
-277.149
-270.971
-261.961
-313.89
-257.511
-253.446
-266.98
-295.371
-295.759
-290.645
-226.578
-220.454
-256.649
-221.809
-238.273
-269.613
-234.922
-276.025
-246.552
-272.6
-272.868
-309.323
-241.252
-306.189
-220.176
-271.923
-318.714
-325.842
-314.055
-280.147
-249.45
-231.471
-266.694
-239.604
-230.61
-243.019
-286.082
-257.77
-252.038
-275.745
-300.676
-299.089
-275.505
-275.089
-262.889
-239.056
-265.505
-276.074
-236.391
-320.459
-241.745
-263.323
-275.076
-227.205
-215.034
-304.648
-267.116
-317.596
-307.931
-235.098
-203.515
-291.16
-304.647
-298.526
-238.878
-250.196
-251.369
-232.891
-229.973
-236.398
-289.979
-295.47
-242.635
-248.835
-210.607
-279.62
-231.181
-235.352
-328.117
-249.57
-244.714
-278.371
-302.802
-243.588
-299.912
-300.321
-284.085
-224.526
-225.698
-296.336
-231.404
-226.366
-294.292
-205.815
-267.999
-251.726
-305.762
-251.478
-310.213
-268.459
-306.39
-240.24
-224.104
-303.863
-212.762
-318.87
-283.065
-226.268
-228.053
-210.598
-224.83
-236.756
-251.342
-242.952
-255.702
-282.1
-328.293
-308.744
-216.061
-258.522
-262.155
-262.074
-226.389
-268.619
-268.625
-295.39
-251.714
-235.782
-259.776
-308.614
-314.92
-216.273
-264.896
-309.284
-258.644
-259.664
-288.393
-234.007
-278.085
-299.586
-308.808
-262.155
-266.513
-305.643
-239.068
-309.186
-230.925
-299.966
-226.979
-207.535
-296.329
-237.885
-289.071
-243.935
-291.728
-228.12
-232.261
-264.216
-295.989
-264.791
-286.95
-209.942
-217.471
-294.906
-217.882
-259.057
-209.97
-255.124
-271.966
-235.651
-249.749
-303.711
-260.667
-250.304
-308.906
-247.667
-235.531
-314.595
-243.938
-210.948
-277.564
-305.588
-240.972
-216.181
-229.539
-234.977
-273.127
-222.524
-234.844
-297.725
-306.953
-286.753
-297.706
-278.584
-221.2
-312.251
-283.335
-327.201
-252.845
-263.557
-225.851
-216.922
-240.512
-317.828
-262.725
-280.57
-272.907
-216.101
-297.561
-278.873
-232.343
-297.684
-252.98
-269.096
-220.702
-277.348
-259.493
-236.341
-246.62
-237.708
-246.202
-284.236
-296.383
-250.62
-313.515
-262.653
-280.272
-298.744
-231.083
-267.757
-220.096
-243.668
-273.39
-246.845
-242.955
-246.538
-225.083
-258.035
-286.263
-225.753
-206.91
-234.355
-238.388
-233.436
-270.281
-247.642
-252.381
-274.035
-230.046
-301.159
-238.819
-251.608
-290.517
-296.815
-309.116
-236.852
-251.937
-244.859
-228.891
-326.984
-265.331
-280.269
-213.045
-244.358
-226.649
-236.935
-280
-243.398
-284.442
-236.852
-289.1
-242.773
-325.145
-275.743
-253.411
-240.093
-241.97
-277.949
-287.472
-271.123
-222.156
-268.878
-307.007
-266.391
-325.473
-267.65
-240.944
-234.439
-266.405
-309.021
-210.942
-248.618
-322.47
-269.129
-260.08
-264.034
-241.976
-270.901
-220.593
-245.863
-236.395
-324.577
-267.824
-267.399
-304.343
-320.657
-272.399
-260.715
-300.57
-226.376
-291.977
-297.572
-258.172
-223.513
-211.39
-249.712
-245.268
-271.838
-240.231
-222.25
-258.803
-330.867
-225.584
-256.775
-250.151
-235.829
-291.718
-278.341
-253.792
-212.168
-259.8
-265.485
-228.642
-324.74
-284.257
-294.879
-322.893
-325.854
-247.126
-247.819
-261.157
-248.558
-216.585
-252.839
-322.767
-227.529
-332.397
-262.96
-240.28
-227.617
-239.396
-245.591
-319.51
-243.923
-284.232
-244.633
-274.947
-263.969
-232.36
-262.872
-237.985
-277.536
-309.342
-203.153
-305.764
-311.954
-235.581
-250.319
-230.236
-260.324
-307.917
-352.29
-380.459
-374.124
-326.655
-371.717
-353.646
-363.759
-385.16
-347.86
-362.112
-393.024
-374.554
-388.463
-419.424
-375.245
-397.294
-388.833
-347.202
-340.447
-393.392
-410.094
-356.925
-383.557
-390.035
-362.034
-382.531
-359.382
-398.553
-359.056
-346.891
-376.645
-397.815
-399.568
-375.791
-362.188
-377.083
-370.63
-394.788
-357.662
-344.656
-403.165
-402.726
-335.788
-399.401
-366.63
-383.694
-335.172
-329.401
-360.116
-329.631
-385.721
-384.967
-410.9
-334.129
-382.016
-346.683
-395.847
-360.129
-359.209
-353.622
-344.482
-398.852
-337.397
-378.09
-412.587
-388.897
-334.313
-333.12
-392.689
-332.014
-364.544
-404.573
-386.915
-353.812
-389.129
-351.434
-343.438
-373.996
-372.711
-339.689
-379.285
-354.425
-353.436
-385.343
-402.067
-339.147
-417.627
-365.2
-399.208
-387.11
-395.188
-386.905
-379.351
-398.718
-347.27
-331.478
-342.362
-356.297
-338
-409.858
-338.891
-319.816
-346.474
-389.349
-372.169
-385.949
-344.397
-356.29
-331.678
-340.614
-349.979
-356.601
-360.353
-378.159
-379.195
-412.987
-339.581
-339.805
-367.081
-365.281
-381.729
-372.904
-413.631
-352.001
-355.826
-340.603
-418.112
-390.278
-400.832
-364.762
-423.003
-360.563
-395.067
-389.419
-367.355
-340.373
-339.121
-338.453
-335.848
-386.625
-327.102
-336.389
-326.636
-366.115
-348.865
-353.429
-392.873
-421.211
-389.193
-409.429
-340.5
-333.976
-374.261
-423.698
-389.64
-390.969
-367.893
-326.135
-399.452
-410.489
-414.631
-346.323
-370.791
-342.806
-401.555
-353.428
-372.367
-397.975
-353.434
-337.892
-355.52
-404.784
-362.857
-361.791
-330.311
-369.875
-353.118
-378.696
-377.997
-380.353
-331.855
-355.894
-389.117
-392.698
-358.736
-345.282
-388.554
-374.894
-385.692
-341.362
-363.16
-374.641
-403.437
-387.878
-380.911
-391.148
-374.376
-357.959
-348.525
-337.167
-373.801
-341.404
-359.836
-366.324
-345.551
-427.286
-384.72
-415.62
-342.96
-340.675
-361.336
-387.785
-426.012
-360.476
-396.576
-418.509
-367.867
-352.599
-390.797
-325.358
-372.161
-385.769
-359.098
-427.628
-317.286
-338.172
-415.253
-357.257
-325.605
-336.343
-360.746
-385.704
-381.884
-331.514
-402.796
-386.906
-395.212
-354.362
-365.415
-312.45
-382.017
-338.99
-344.464
-406.765
-339.349
-339.903
-338.284
-389.821
-391.914
-347.355
-344.94
-387.823
-348.253
-417.332
-361.767
-400.962
-415.002
-402.66
-413.356
-344.83
-361.31
-330.397
-334.025
-336.601
-389.19
-321.177
-302.861
-369.926
-394.57
-366.752
-366.219
-399.425
-330.791
-349.227
-351.083
-407.128
-329.888
-311.132
-343.681
-372.369
-372.405
-345.274
-351.751
-319.471
-391.37
-412.136
-335.921
-322.15
-339.817
-358.805
-339.197
-395.483
-362.804
-328.058
-310.201
-334.493
-424.174
-410.661
-387.147
-402.906
-338.236
-337.89
-324.204
-322.475
-360.179
-327.748
-365.029
-409.147
-398.742
-335.558
-315.022
-359.908
-355.305
-356.763
-340.91
-366.633
-345.948
-361.733
-355.124
-333.722
-360.363
-351.27
-322.454
-361.507
-370.311
-328.396
-370.946
-360.565
-371.158
-378.261
-375.897
-371.943
-387.777
-303.487
-399.456
-387.928
-402.245
-393.494
-401.508
-369.909
-320.373
-396.463
-371.417
-397.794
-314.896
-311.724
-320.679
-362.155
-359.309
-356.934
-349.709
-320.966
-401.227
-341.152
-360.747
-392.308
-424.862
-361.263
-366.67
-392.938
-390.073
-359.931
-418.081
-326.802
-352.32
-396.366
-356.278
-338.052
-357.164
-408.721
-375.619
-370.51
-337.291
-419.728
-377.3
-363.758
-388.228
-353.891
-350.516
-381.554
-312.844
-328.896
-328.767
-336.682
-360.999
-363.663
-366.687
-318.159
-320.201
-345.654
-308.925
-377.429
-333.867
-329.644
-329.639
-393.273
-357.817
-371.474
-344.701
-324.113
-328.427
-331.811
-318.601
-333.78
-348.964
-381.205
-391.012
-409.918
-319.58
-338.689
-345.517
-413.125
-414.996
-400.171
-333.081
-389.696
-374.605
-353.783
-414.185
-359.474
-319.627
-333.72
-365.764
-374.425
-421.571
-404.812
-387.284
-377.969
-361.94
-363.927
-345.331
-318.827
-425.808
-333.202
-400.673
-362.77
-389.031
-416.433
-352.918
-404.574
-330.426
-329.717
-355.913
-341.421
-354.733
-374.853
-407.133
-348.312
-387.152
-348.462
-353.019
-347.369
-422.502
-418.68
-325.601
-416.291
-371.15
-402.491
-333.619
-367.616
-348.234
-348.814
-365.918
-340.851
-327.765
-368.553
-405.807
-330.27
-340.254
-323.198
-401.82
-312.269
-320.076
-396.805
-405.876
-353.124
-415.131
-345.261
-339.767
-318.635
-327.38
-397.763
-343.605
-400.961
-352.625
-337.838
-420.714
-331.369
-430.168
-363.4
-394.475
-339.454
-369.996
-378.91
-327.431
-410.224
-417.285
-395.055
-359.393
-353.474
-414.692
-413.93
-342.55
-377.374
-419.04
-335.423
-342.654
-311.224
-383.527
-349.943
-354.17
-347.859
-380.64
-331.466
-393.08
-320.659
-363.222
-403.647
-394.34
-405.817
-390.21
-307.977
-352.613
-380.775
-340.749
-323.489
-342.876
-323.181
-422.263
-354.127
-309.872
-335.676
-374.487
-379.666
-332.528
-355.834
-387.024
-402.014
-326.012
-362.344
-346.962
-426.214
-337.537
-316.203
-359.644
-376.488
-368.241
-397.718
-374.557
-323.569
-384.045
-341.892
-323.513
-367.479
-331.679
-387.127
-338.593
-351.519
-339.389
-382.735
-356.674
-388.266
-382.907
-408.386
-355.776
-350.122
-387.371
-373.607
-335.126
-406.831
-389.113
-341.209
-337.25
-354.229
-348.331
-345.284
-408.87
-367.511
-398.074
-327.047
-371.158
-357.682
-393.984
-369.596
-367.73
-346.411
-324.734
-359.691
-359.07
-375.64
-355.644
-310.012
-319.249
-355.283
-358.561
-376.167
-377.558
-390.47
-385.32
-427.026
-455.609
-430.978
-472.558
-465.862
-469.651
-498.017
-503.106
-461.116
-478.624
-498.191
-439.586
-458.641
-444.961
-475.122
-483.167
-433.281
-473.327
-487.016
-523.653
-514.166
-459.345
-433.081
-474.172
-496.945
-460.868
-432.426
-499.114
-463.31
-428.206
-426.083
-482.492
-518.167
-522.28
-472.304
-503.706
-506.612
-440.876
-516.134
-450.088
-449.1
-476.219
-483.896
-522.736
-505.46
-501.462
-472.309
-457.113
-440.849
-488.59
-463.063
-460.688
-471.33
-474.551
-456.03
-489.635
-448.495
-433.625
-492.371
-450.502
-499.164
-446.368
-484.821
-427.634
-471.102
-491.346
-432.34
-459.16
-493.312
-450.542
-469.421
-479.592
-429.295
-467.061
-465.951
-505.227
-453.674
-466.725
-467.457
-457.261
-474.454
-436.722
-444.03
-484.682
-472.52
-504.119
-478.084
-494.276
-512.175
-474.672
-502.982
-485.564
-439.876
-499.817
-499.471
-465.184
-434.456
-444.447
-519.526
-441.812
-472.116
-481.237
-481.454
-496.311
-503.084
-433.408
-484.75
-527.827
-462.359
-489.194
-447.903
-469.687
-449.268
-487.637
-525.883
-443.379
-444.193
-438.095
-486.762
-505.075
-455.514
-475.297
-467.436
-494.045
-458.692
-479.488
-510.03
-495.134
-433.176
-503.547
-464.24
-435.071
-433.657
-455.413
-495.272
-515.549
-527.22
-440.688
-458.771
-473.207
-432.709
-460.5
-518.313
-500.036
-461.13
-443.133
-423.881
-458.444
-476.374
-437.837
-465.08
-506.27
-478.923
-485.007
-436.163
-466.77
-496.647
-501.423
-512.281
-453.433
-525.965
-456.472
-476.484
-487.444
-461.632
-456.556
-471.388
-479.759
-455.372
-462.467
-422.392
-466.143
-459.889
-492.096
-447.584
-489.149
-450.355
-468.364
-460.637
-438.944
-477.433
-435.099
-467.82
-460.531
-445.456
-466.574
-455.722
-468.773
-511.848
-461.222
-458.233
-428.388
-434.493
-473.065
-444.425
-502.99
-503.856
-476.552
-503.689
-442.147
-490.027
-245.442
-208.517
-272.395
-298.894
-229.969
-251.732
-209.097
-290.781
-318.131
-299.324
-249.831
-304.498
-240.578
-239.418
-215.499
-231.115
-207.715
-313.878
-322.214
-277.527
-246.571
-300.668
-243.764
-232.505
-243.804
-251.602
-317.28
-274.766
-246.174
-308.58
-308.639
-303.088
-219.929
-252.847
-274.97
-244.138
-241.981
-273.4
-304.572
-236.284
-313.743
-316.564
-291.966
-254.866
-248.769
-272.7
-280.402
-309.975
-229.676
-221.458
-304.37
-257.345
-321.769
-286.744
-257.93
-297.805
-291.528
-260.441
-324.691
-283.01
-314.387
-261.072
-216.549
-259.267
-313.268
-295.92
-301.571
-314.935
-267.483
-277.125
-278.45
-268.778
-284.351
-238.099
-228.867
-284.919
-296.587
-318.692
-300.827
-238.107
-291.27
-272.85
-321.697
-325.034
-260.673
-269.064
-305.896
-258.935
-300.011
-263.681
-230.679
-234.586
-230.658
-246.628
-296.347
-310.107
-236.148
-298.026
-221.863
-291.133
-231.582
-224.75
-219.241
-263.162
-254.657
-266.276
-303.569
-277.795
-251.399
-318.737
-286.321
-274.839
-255.866
-284.285
-270.954
-212.975
-289.642
-327.233
-240.23
-247.194
-299.644
-314.34
-274.21
-248.47
-316.078
-276.612
-269.064
-263.302
-307.765
-310.207
-317.669
-306.507
-285.899
-253.823
-249.261
-241.588
-278.317
-243.674
-233.882
-231.977
-216.315
-301.989
-328.073
-297.248
-244.98
-290.098
-247.147
-280.142
-257.73
-228.701
-227.309
-254.201
-221.148
-304.866
-226.107
-265.728
-266.485
-250.069
-248.917
-292.409
-251.319
-222.001
-273.438
-204.583
-288.324
-260.055
-276.685
-236.301
-300.249
-250.559
-284.172
-236.07
-286.304
-311.835
-271.544
-219.563
-273.88
-224.771
-290.698
-254.137
-249.246
-259.871
-262.61
-274.957
-306.671
-240.853
-253.899
-222.226
-214.836
-232.508
-246.316
-220.044
-272.135
-253.896
-307.991
-256.419
-255.299
-281.175
-239.556
-319.436
-297.844
-238.383
-245.732
-261.755
-222.774
-311.636
-233.233
-233.506
-290.534
-291.943
-318.728
-237.273
-246.894
-325.239
-223.805
-293.392
-247.001
-262.002
-313.118
-257.523
-264.329
-232.417
-259.64
-215.694
-230.268
-251.397
-223.309
-282.035
-246.797
-243.806
-243.456
-251.677
-321.53
-260.226
-215.47
-318.822
-258.71
-324.769
-302.112
-254.576
-286.655
-256.797
-219.385
-232.223
-312.848
-258.137
-223.414
-281.62
-314.51
-274.201
-290.099
-273.052
-247.555
-282.541
-264.907
-293.214
-272.399
-273.855
-303.476
-306.546
-299.932
-245.722
-221.907
-274.102
-268.745
-249.898
-261.498
-234.12
-227.224
-255.895
-237.606
-291.067
-280.329
-245.326
-219.565
-262.728
-291.592
-242.478
-280.186
-305.393
-307.835
-252.03
-229.917
-269.094
-230.235
-285.534
-255.767
-306
-287.918
-259.405
-271.587
-265.368
-278.954
-246.132
-209.699
-286.222
-308.255
-240.769
-246.962
-223.859
-254.49
-216.741
-229.889
-269.11
-247.33
-282.006
-235.627
-253.597
-289.233
-232.936
-323.855
-287.367
-317.428
-277.11
-279.382
-229.033
-301.686
-245.495
-271.695
-291.988
-290.679
-290.758
-293.869
-263.821
-237.76
-267.3
-307.476
-286.303
-277.946
-213.785
-307.846
-305.692
-242.196
-235.939
-273.098
-236.927
-279.887
-259.888
-307.646
-274.454
-269.688
-225.049
-247.318
-260.601
-272.149
-284.141
-271.922
-305.413
-314.099
-239.351
-212.973
-279.429
-266.666
-283.71
-285.74
-298.135
-308.407
-308.132
-238.538
-275.755
-235.64
-245.073
-260.68
-215.416
-267.705
-298.061
-266.591
-293.618
-293.25
-252.235
-293.415
-272.184
-270.043
-237.38
-244.709
-243.92
-309.09
-309.507
-208.069
-219.138
-247.483
-289.104
-291.99
-262.95
-244.546
-225.283
-264.703
-275.724
-298.826
-271.737
-219.136
-311.37
-247.498
-270.528
-287.514
-270.681
-302.6
-238.41
-214.264
-229.46
-347.675
-372.394
-408.868
-372.065
-364.116
-385.008
-419.815
-365.21
-425.097
-336.73
-373.649
-350.946
-395.77
-408.456
-391.657
-362.98
-366.116
-349.828
-373.874
-327.394
-337.355
-372.858
-331.653
-403.755
-418.907
-365.059
-350.432
-344.738
-379.879
-396.993
-350.637
-366.156
-343.413
-368.497
-360.854
-382.804
-365.751
-358.692
-352.873
-402.432
-413.181
-340.62
-425.503
-391.587
-354.9
-351.024
-407.475
-376.178
-320.96
-414.602
-341.875
-382.096
-363.72
-383.656
-336.243
-386.009
-325.025
-389.726
-351.878
-389.665
-365.54
-402.427
-328.738
-427.997
-375.656
-369.057
-367.36
-392.717
-357.385
-340.683
-349.632
-374.166
-358.679
-398.1
-395.722
-341.703
-395.17
-333.313
-372.89
-336.137
-370.676
-332.761
-334.382
-403.548
-332.914
-364.35
-340.504
-324.146
-341.576
-398.587
-367.099
-337.149
-335.713
-364.996
-366.14
-392.869
-385.045
-371.921
-376.285
-390.024
-400.04
-366.876
-376.228
-388.185
-376.51
-345.254
-356.953
-356.809
-375.436
-343.343
-399.115
-419.724
-355.922
-377.283
-421.31
-323.207
-375.9
-362.669
-381.304
-379.21
-334.828
-390.999
-399.12
-390.863
-336.474
-370.985
-392.581
-324.656
-348.537
-341.385
-406.623
-327.977
-385.181
-377.17
-426.767
-396.186
-379.117
-395.423
-356.676
-357.033
-388.999
-398.636
-358.921
-380.189
-400.626
-396.197
-346.844
-395.17
-340.256
-335.611
-352.754
-349.843
-369.429
-329.104
-383.124
-333.587
-355.429
-367.419
-349.67
-360.013
-387.887
-397.885
-374.386
-383.583
-334.577
-391.808
-375.924
-353.791
-399.038
-407.696
-412.806
-349.59
-345.157
-354.922
-351.266
-336.363
-417.247
-363.347
-365.462
-329.206
-403.802
-337.912
-342.413
-340.355
-348.575
-389.956
-411.491
-356.037
-402.479
-373.284
-342.478
-388.294
-353.672
-394.344
-349.845
-397.887
-356.792
-362.727
-357.53
-359.956
-174.95
-162.561
-108.6
-158.209
-142.155
-155.435
-159.274
-133.77
-146.614
-111.12
-179.294
-139.304
-115.438
-206.802
-151.832
-216.189
-205.467
-132.722
-197.859
-126.121
-219.702
-163.625
-198.167
-200.58
-209.29
-122.35
-148.937
-124.23
-127.713
-160.454
-143.836
-125.989
-173.439
-186.745
-232.761
-161.98
-158.409
-183.32
-134.388
-190.442
-186.979
-168.624
-214.314
-173.054
-126.504
-175.854
-148.39
-145.234
-149.234
-166.288
-200.596
-145.124
-212.642
-214.412
-192.302
-126.379
-181.418
-148.558
-185.268
-156.643
-164.875
-138.99
-171.273
-160.082
-190.086
-197.701
-217.79
-146.056
-159.352
-214.96
-139.392
-167.443
-173.548
-132.896
-175.479
-139.952
-135.887
-140.562
-164.367
-175.019
-143.387
-155.708
-183.851
-124.437
-199.42
-136.827
-177.153
-196.43
-150.98
-160.32
-178.772
-220.082
-133.626
-169.786
-132.709
-189.967
-200.463
-113.581
-175.026
-212.536
-137.158
-145.823
-203.6
-201.508
-216.58
-144.806
-146.51
-206.025
-143.625
-188.894
-168.246
-111.759
-197.657
-186.668
-136.49
-148.978
-203.378
-113.395
-122.678
-113.835
-175.255
-196.417
-113.653
-135.336
-141.139
-181.781
-138.153
-137.926
-140.541
-141.002
-147.034
-207.934
-182.075
-202.612
-128.437
-204.228
-141.439
-130.878
-150.179
-180.489
-175.017
-194.642
-125.341
-129.564
-167.03
-131.276
-146.56
-172.871
-164.874
-116.242
-152.978
-108.645
-106.331
-152.506
-153.773
-154.469
-128.38
-178.87
-118.342
-151.468
-149.221
-191.146
-140.497
-169.232
-187.877
-131.072
-172.98
-202.861
-165.971
-118.99
-140.426
-134.333
-218.168
-228.759
-207.789
-148.404
-134.463
-185.699
-182.137
-145.028
-132.042
-123.321
-198.407
-174.052
-212.457
-135.478
-160.069
-133.37
-164.78
-213.389
-187.001
-157.09
-122.043
-143.81
-160.075
-146.915
-219.539
-183.062
-109.17
-178.293
-139.98
-198.288
-210.204
-209.725
-211.697
-122.297
-152.441
-146.042
-180.457
-199.14
-142.46
-163.009
-154.325
-175.683
-174.292
-181.228
-202.57
-126.526
-111.234
-159.826
-220.57
-126.736
-201.756
-144.365
-171.121
-112.845
-109.799
-193.834
-105.691
-211.511
-136.835
-189.301
-112.447
-220.343
-150.056
-157.448
-181.654
-219.878
-145.079
-160.626
-130.99
-125.679
-166.144
-158.471
-210.823
-167.094
-162.97
-144.413
-192.429
-145.743
-128.758
-175.539
-205.875
-204.076
-132
-135.426
-157.589
-138.866
-134.932
-124.122
-205.678
-185.713
-153.712
-180.381
-131.605
-207.401
-168.081
-175.756
-145.519
-146.549
-138.845
-206.512
-197.242
-130.386
-178.8
-171.565
-173.204
-146.896
-174.063
-198.564
-204.826
-141.886
-175.194
-214.587
-169.94
-194.272
-154.359
-147.27
-221.675
-129.703
-165.266
-119.034
-191.507
-163.21
-164.133
-136.417
-126.02
-152.387
-175.315
-114.316
-133.103
-189.097
-127.292
-159.269
-116.848
-209.762
-150.236
-200.547
-167.019
-204.801
-123.408
-142.672
-177.025
-152.968
-179.621
-149.426
-119.43
-156.805
-196.577
-146.66
-169.889
-130.031
-173.178
-159.481
-145.612
-180.69
-136.697
-149.47
-138.105
-209.158
-207.582
-146.032
-216.709
-130.794
-162.084
-108.888
-211.122
-151.801
-147.861
-171.077
-161.931
-137.755
-138.462
-142.694
-149.144
-148.271
-140.316
-179.331
-140.742
-194.805
-162.865
-201.53
-137.22
-217.806
-155.56
-149.239
-143.464
-218.335
-177.192
-191.719
-183.852
-197.097
-158.034
-130.433
-154.493
-139.539
-191.32
-180.699
-185.95
-137.398
-114.57
-160.029
-164.187
-183.146
-164.412
-180.73
-179.88
-128.437
-193.825
-196.536
-151.796
-204.199
-186.906
-173.296
-222.194
-142.231
-167.126
-118.348
-119.367
-220.263
-136.832
-220.041
-144.766
-210.365
-142.28
-157.447
-155.718
-134.091
-167.142
-146.494
-305.406
-285.345
-271.252
-277.878
-242.881
-229.858
-271.784
-263.436
-296.445
-237.442
-297.686
-235.544
-227.796
-253.259
-292.822
-238.645
-302.745
-263.872
-307.576
-301.77
-293.522
-312.074
-264.871
-245.861
-265.852
-314.028
-314.94
-310.536
-258.243
-308.813
-257.778
-284.046
-301.223
-304.364
-291.202
-257.311
-237.61
-257.826
-242.421
-294.41
-247.873
-249.297
-306.539
-296.837
-309.191
-274.005
-301.831
-256.593
-277.835
-291.602
-289.856
-285.417
-264.606
-303.14
-308.677
-302.005
-291.521
-313.717
-280.368
-317.502
-313.929
-226.971
-274.09
-269.806
-233.836
-256.157
-246.845
-302.363
-269.581
-236.632
-245.61
-245.398
-319.001
-260.788
-290.828
-237.309
-225.721
-294.078
-242.282
-254.214
-269.562
-254.557
-223.624
-240.594
-231.385
-273.299
-312.785
-289.397
-230.924
-248.179
-302.503
-253.167
-298.893
-307.116
-264.716
-313.004
-267.31
-298.072
-227.239
-258.827
-289.608
-235.271
-293.829
-303.058
-244.111
-236.023
-285.995
-231.483
-243.267
-311.572
-298.207
-232.772
-287.489
-289.375
-233.422
-283.697
-280.62
-272.83
-253.665
-297.909
-287.74
-223.322
-245.368
-230.264
-278.556
-298.778
-293.25
-279.724
-275.64
-297.561
-250.94
-280.42
-292.808
-244.49
-282.606
-290.45
-234.926
-315.434
-255.708
-231.03
-308.748
-248.117
-284.127
-259.218
-291.77
-238.47
-227.898
-279.984
-244.451
-258.336
-283.084
-268.933
-301.022
-281.196
-316.504
-309.233
-238.353
-293.329
-254.285
-256.357
-285.845
-263.753
-236.545
-277.801
-245.862
-246.109
-271.173
-242.934
-274.692
-278.943
-244.316
-236.625
-256.641
-243.553
-244.529
-246.717
-259.551
-251.079
-327.117
-221.922
-317.505
-281.471
-282.98
-311.371
-248.115
-304.449
-231.934
-292.037
-234.509
-309.158
-248.401
-275.237
-286.154
-250.128
-241.069
-269.328
-310.597
-289.102
-299.359
-288.157
48.3237
57.1402
55.848
-5.87321
40.3961
1.4946
-12.0976
-19.6988
60.5716
66.347
-7.66907
50.2112
23.6148
79.2038
18.8743
4.96864
41.8333
53.7835
68.7141
-21.4759
25.8273
34.266
47.8912
35.311
19.5717
-12.7945
59.8791
40.3885
32.122
69.7508
70.0199
13.5042
19.5316
74.2114
-1.23575
48.0797
22.4223
-3.96502
83.8107
19.81
19.1726
-20.5938
73.6367
36.1953
-8.63916
30.0834
64.0365
-14.2459
32.8356
5.13792
54.5202
37.236
81.8857
8.09415
72.452
58.4829
22.1957
76.4503
50.2461
20.3892
15.6148
71.1938
21.8599
48.6925
-18.2055
-9.92917
52.8438
27.5984
-7.26297
74.1761
20.7336
33.564
69.7452
73.0977
-3.63729
33.0218
25.9277
1.57914
41.4239
58.1325
12.4744
3.97613
46.1717
97.4785
60.0826
73.055
40.8749
10.9639
25.3886
46.6206
-11.1484
41.2438
91.1529
45.3349
11.3858
64.2335
73.0495
40.1867
69.6085
7.98028
62.4331
80.1578
71.97
62.4787
62.7071
10.1303
42.0199
68.9656
24.8422
-8.22766
-19.6163
40.5161
53.7775
-10.5536
32.5077
9.32951
-0.580105
71.4354
45.1699
22.8753
80.7813
64.74
7.84093
0.136427
31.4961
44.321
-11.626
54.6271
-2.31313
20.634
59.0122
41.9267
28.4951
5.00112
35.816
3.95515
-8.75797
-2.42649
15.1141
67.4235
73.7777
54.4769
76.9342
44.2095
20.6442
18.4673
74.8123
30.3948
30.316
-12.9633
33.0386
90.1372
71.693
10.1155
75.0125
53.969
76.1185
-10.0499
62.6529
11.4851
29.5636
17.1407
42.4831
31.267
18.4849
-31.6275
35.3956
15.3769
3.98388
-19.3404
53.6018
5.97325
26.524
53.1952
-12.8527
74.0194
-21.767
17.072
1.60211
84.9163
75.9734
56.1772
55.5944
88.4637
44.1603
38.0413
8.58164
59.8952
50.3483
2.75884
68.8237
65.9938
55.1751
88.1644
82.0114
64.3561
36.1403
-13.6359
22.182
16.9113
0.244567
0.435843
4.08835
10.1345
89.1507
12.2212
-10.3437
77.3245
-7.01747
81.1124
28.0009
0.642252
5.84392
80.4329
56.943
55.4339
86.1667
82.1911
15.0895
57.0642
35.398
83.9981
64.7162
7.42658
37.1231
75.4874
25.2957
-0.101995
55.4384
70.9596
-9.09848
-8.51128
31.1214
-17.7073
-4.72437
87.7489
61.6648
78.7184
76.177
34.3003
32.0704
95.6581
55.5903
42.7642
1.32559
42.7509
46.8302
49.2795
24.5945
-25.4291
74.9786
48.0742
55.5588
72.7296
0.177292
72.526
25.4389
53.4898
30.8537
41.7501
35.1964
47.4161
54.65
54.8625
38.8627
22.3343
16.0071
71.0264
69.5193
66.1335
64.3471
60.7387
-4.82464
8.54698
5.83129
74.4109
61.1653
-27.324
-6.73041
2.30755
-20.8678
33.8388
39.5764
53.6945
91.0651
86.0145
50.6547
71.6275
66.1396
82.4189
63.2962
51.7326
16.9172
60.3831
43.8917
-15.1565
14.7268
57.5821
45.7661
34.2343
53.7878
-2.12238
32.3523
61.6713
29.5281
65.5111
50.8632
-30.6113
55.2397
38.5586
52.6303
61.2819
-23.9633
78.5654
69.3454
85.7868
33.1545
-24.8338
55.2576
10.2275
53.3192
91.4439
45.5432
-2.53551
75.9597
58.4106
90.3468
62.6515
4.85523
62.2169
84.7055
41.203
2.39197
21.3426
48.218
64.8146
42.7704
77.6528
73.2983
-13.5941
65.1183
73.2435
34.3196
46.9521
51.9244
14.953
-5.28772
54.0502
55.1018
37.0017
45.8062
34.7918
28.1032
88.9794
75.9214
-3.22154
5.49831
79.9209
36.6308
79.8107
45.3963
6.84389
47.7522
-23.8387
36.5008
24.657
43.9229
74.8076
54.5932
38.3075
60.73
-24.0056
75.6138
23.9848
-13.5428
-16.6184
12.5099
9.56398
39.3006
56.7534
9.37438
24.445
-20.0336
77.4594
-15.9684
23.1092
-14.7631
-8.418
77.7569
46.8027
42.1812
65.3008
18.5762
-11.2565
-6.06533
71.4317
46.4151
21.501
39.1131
53.6577
-41.3214
-45.6306
-111.217
-43.3309
-63.0185
-128.968
-99.6998
-98.7749
-45.1649
-66.9312
-90.1686
-60.7317
-49.7881
-92.7971
-118.673
-62.831
-85.2581
-88.4152
-62.0184
-61.7352
-73.0995
-102.77
-62.4142
-67.4302
-39.0564
-38.2109
-78.5981
-113.885
-51.7113
-70.3294
-55.3895
-65.1371
-93.6929
-37.2645
-29.6512
-82.5179
-64.8671
-91.7238
-75.1348
-45.0605
-88.8749
-75.3541
-34.3943
-57.5628
-76.6354
-96.7652
-106.048
-52.2872
-36.5569
-72.9579
-102.542
-35.7528
-76.6838
-117.493
-93.6997
-106.786
-63.9156
-62.0671
-29.8285
-50.8638
-45.9398
-71.4571
-41.8946
-51.8748
-91.6836
-45.2086
-35.0791
-80.6132
-88.8824
-97.6603
-96.6643
-39.8676
-67.5102
-110.443
-53.4445
-72.0529
-88.0612
-117.301
-87.0141
-101.757
-44.8797
-110.954
-105.742
-124.376
-100.336
-97.4465
-35.4922
-125.469
-96.8816
-43.3221
-45.8796
-49.4088
-39.1813
-48.8617
-91.6416
-56.5746
-22.1878
-94.2126
-67.043
-88.354
-74.7294
-91.6045
-91.8553
-32.2211
-90.5129
-28.9754
-39.167
-96.8961
-46.5761
-23.4645
-91.779
-36.146
-79.7961
-32.9394
-92.4413
-106.633
-99.2902
-74.9661
-84.7446
-33.7802
-72.4262
-42.5916
-93.5131
-90.2331
-64.7159
-56.1006
-127.911
-97.8136
-99.8821
-118.706
-80.7927
-92.7762
-43.6047
-89.9813
-33.0506
-82.6838
-93.4117
-109.931
-70.9821
-121.388
-36.4195
-125.075
-115.445
-46.6781
-76.4585
-65.412
-60.3775
-72.3187
-26.1916
-110.456
-44.8955
-34.3211
-77.5111
-51.6498
-91.202
-49.5804
-89.5092
-92.8102
-38.6326
-90.1019
-115.511
-89.1002
-42.272
-45.9039
-36.3865
-46.4623
-81.6138
-101.586
-103.736
-41.3926
-95.4819
-86.5317
-50.5235
-104.607
-74.2394
-57.4557
-67.2926
-82.1345
-87.5135
-40.2594
-76.33
-70.7363
-45.2324
-49.4795
-111.013
-46.8804
-68.7608
-97.5785
-34.7163
-28.074
-47.4313
-42.6081
-93.5677
-80.6179
-127.79
-51.4839
-67.644
-42.9368
-59.9311
-51.2931
