-169.050801
-158.444319
-155.753796
-153.760664
-150.178400
-147.384187
-145.081955
-141.676843
-139.710591
-138.913067
-134.495381
-132.803813
-131.998964
-129.827930
-127.233755
-126.140053
-125.212638
-123.742986
-123.171883
-122.380529
-121.305146
-120.179165
-119.060811
-118.574091
-118.178368
-117.937139
-117.548181
-116.973226
-116.258274
-115.851363
-115.542812
-115.151472
-114.612428
-114.005558
-113.631862
-113.136266
-112.598831
-112.060391
-111.723589
-111.492757
-111.377206
-111.129578
-110.800662
-110.503006
-110.227287
-109.832277
-109.629801
-109.269331
-109.011090
-108.873013
-108.117920
-108.000572
-107.800685
-107.631376
-107.192317
-106.964339
-106.515817
-106.077756
-105.877029
-105.562683
-105.307349
-104.960132
-104.695961
-104.425760
-104.108128
-103.905830
-103.666577
-103.401811
-103.182736
-102.748754
-102.519457
-102.310809
-102.052628
-101.879390
-101.741845
-101.427947
-101.351664
-101.160088
-100.810762
-100.506568
-100.193737
-99.826497
-99.565281
-99.224429
-98.639206
-98.215786
-97.901193
-97.519028
-97.183254
-96.666527
-96.164494
-95.607722
-95.317996
-95.085000
-95.000000
-95.000000
-95.000000
-95.000000
-95.000000
-95.000000
-95.000000
