-140.257634
-129.352348
-127.270183
-126.022159
-124.702329
-123.911495
-123.590306
-122.872167
-122.321307
-121.731012
-121.112245
-120.565043
-120.094537
-119.783551
-119.603633
-119.417842
-119.061273
-118.810841
-118.532414
-118.221588
-118.104624
-117.826020
-117.691639
-117.483064
-117.258483
-117.116467
-116.990398
-116.797151
-116.450409
-116.279780
-115.860238
-115.718153
-115.646952
-115.420789
-115.098767
-114.801662
-114.632344
-114.294859
-114.083932
-113.998481
-113.759401
-113.639864
-113.566113
-113.366072
-113.246028
-113.143399
-112.962474
-112.609427
-112.415159
-112.271838
-112.172525
-112.081258
-111.930397
-111.710372
-111.507533
-111.394222
-111.296245
-111.149642
-110.927096
-110.700010
-110.536364
-110.446226
-110.283928
-110.204784
-110.114596
-109.974731
-109.849130
-109.759146
-109.639423
-109.458538
-109.340651
-109.247657
-109.153415
-109.073940
-108.921584
-108.753013
-108.572449
-108.398303
-108.069061
-107.755169
-107.700658
-107.492202
-107.382823
-107.014468
-106.769489
-106.372935
-106.159270
-105.955756
-105.737955
-105.495413
-105.358964
-104.982093
-104.323124
-103.485159
-103.058796
-102.355433
-102.213162
-101.647254
-100.988847
-99.823357
-97.027452
