-242.537274
-210.679937
-204.309406
-199.678954
-196.044717
-192.857107
-190.103102
-187.942138
-186.073784
-184.313808
-182.817590
-181.472989
-180.373163
-179.335773
-178.424902
-177.540586
-176.713876
-175.846100
-175.176056
-174.527596
-173.886489
-173.278846
-172.656012
-172.031633
-171.493322
-170.894083
-170.326531
-169.793063
-169.261619
-168.679673
-168.149957
-167.640416
-167.084497
-166.562156
-166.022699
-165.461140
-164.937961
-164.372429
-163.871596
-163.348915
-162.855654
-162.302606
-161.788081
-161.256737
-160.730943
-160.252734
-159.700719
-159.122266
-158.535910
-158.007765
-157.416389
-156.923547
-156.397676
-155.862091
-155.258981
-154.709267
-154.125422
-153.526974
-152.909853
-152.352146
-151.758599
-151.136883
-150.589229
-149.894708
-149.284854
-148.651148
-147.986796
-147.385790
-146.766825
-146.126894
-145.496299
-144.797370
-144.205067
-143.455542
-142.798654
-142.120009
-141.488611
-140.799800
-140.175845
-139.450715
-138.678217
-137.980452
-137.186959
-136.313027
-135.507520
-134.681109
-133.797750
-132.863689
-131.823030
-130.712671
-129.559273
-128.466407
-127.159562
-125.519097
-123.707117
-121.891966
-119.903251
-117.061402
-113.560621
-107.944137
-90.050993
