-162.050801
-151.444319
-148.753796
-146.760664
-143.178400
-140.384187
-138.081955
-134.676843
-132.710591
-131.913067
-127.495381
-125.803813
-124.998964
-122.827930
-120.233755
-119.140053
-118.212638
-116.742986
-116.171883
-115.380529
-114.305146
-113.179165
-112.060811
-111.574091
-111.178368
-110.937139
-110.548181
-109.973226
-109.258274
-108.851363
-108.542812
-108.151472
-107.612428
-107.005558
-106.631862
-106.136266
-105.598831
-105.060391
-104.723589
-104.492757
-104.377206
-104.129578
-103.800662
-103.503006
-103.227287
-102.832277
-102.629801
-102.269331
-102.011090
-101.873013
-101.117920
-101.000572
-100.800685
-100.631376
-100.192317
-99.964339
-99.515817
-99.077756
-98.877029
-98.562683
-98.307349
-97.960132
-97.695961
-97.425760
-97.108128
-96.905830
-96.666577
-96.401811
-96.182736
-95.748754
-95.519457
-95.310809
-95.052628
-94.879390
-94.741845
-94.427947
-94.351664
-94.160088
-93.810762
-93.506568
-93.193737
-92.826497
-92.565281
-92.224429
-91.639206
-91.215786
-90.901193
-90.519028
-90.183254
-89.666527
-89.164494
-88.607722
-88.317996
-88.085000
-87.903071
-87.497822
-86.523804
-85.783749
-85.002023
-84.089149
-78.678577
