-39.062180
-28.455176
-25.779363
-23.782200
-20.193712
-17.495820
-15.168212
-12.217287
-10.220732
-9.000309
-7.630503
-6.340013
-5.969061
-4.791745
-4.437854
-4.029056
-3.895262
-3.540876
-3.067633
-2.741342
-2.476562
-2.222002
-1.916051
-1.545153
-1.321024
-1.250409
-0.836481
-0.718895
-0.576072
-0.391689
-0.272822
-0.104018
-0.028849
0.185389
0.402879
0.462235
0.628215
0.772803
1.094007
1.274673
1.476206
1.689736
1.788392
1.898906
2.153751
2.300422
2.430478
2.589627
2.719365
2.973322
3.122608
3.262727
3.532243
3.711527
4.161286
4.456160
4.580514
4.862348
5.235326
5.457441
5.697081
5.971750
6.221110
6.355498
6.498788
6.652411
6.742880
7.024989
7.104815
7.402764
7.680506
7.934292
8.164491
8.278572
8.486504
8.755766
9.051935
9.437882
9.724473
10.015042
10.259223
10.807107
10.929444
11.096396
11.270941
11.713014
11.901760
12.225214
12.567615
12.957934
13.324157
13.657199
14.116705
14.444033
14.867013
15.796106
16.320114
17.810279
19.263563
20.525308
26.750361
