-149.050801
-138.444319
-135.753796
-133.760664
-130.178400
-127.384187
-125.081955
-121.676843
-119.710591
-118.913067
-114.495381
-112.803813
-111.998964
-109.827930
-107.233755
-106.140053
-105.212638
-103.742986
-103.171883
-102.380529
-101.305146
-100.179165
-99.060811
-98.574091
-98.178368
-97.937139
-97.548181
-96.973226
-96.258274
-95.851363
-95.542812
-95.151472
-94.612428
-94.005558
-93.631862
-93.136266
-92.598831
-92.060391
-91.723589
-91.492757
-91.377206
-91.129578
-90.800662
-90.503006
-90.227287
-89.832277
-89.629801
-89.269331
-89.011090
-88.873013
-88.117920
-88.000572
-87.800685
-87.631376
-87.192317
-86.964339
-86.515817
-86.077756
-85.877029
-85.562683
-85.307349
-84.960132
-84.695961
-84.425760
-84.108128
-83.905830
-83.666577
-83.401811
-83.182736
-82.748754
-82.519457
-82.310809
-82.052628
-81.879390
-81.741845
-81.427947
-81.351664
-81.160088
-80.810762
-80.506568
-80.193737
-79.826497
-79.565281
-79.224429
-78.639206
-78.215786
-77.901193
-77.519028
-77.183254
-76.666527
-76.164494
-75.607722
-75.317996
-75.085000
-74.903071
-74.497822
-73.523804
-72.783749
-72.002023
-71.089149
-65.678577
