-40.7146
-25.5859
-22.7874
-20.7402
-19.143
-17.8571
-16.7329
-15.6985
-14.8588
-13.9403
-13.2354
-12.5612
-11.9122
-11.1985
-10.6425
-10.1054
-9.5295
-8.95861
-8.09232
-7.48156
-7.00428
-6.49573
-6.00496
-5.54001
-5.10496
-4.56338
-4.01009
-3.54314
-3.07465
-2.57103
-2.09093
-1.63852
-1.23325
-0.821495
-0.473872
-0.0783356
0.29436
0.584215
0.891942
1.20652
1.48969
1.76808
2.05961
2.35034
2.62978
2.86671
3.12894
3.38277
3.60752
3.81948
4.03758
4.31076
4.56229
4.77573
4.99112
5.25949
5.47961
5.69678
5.90736
6.14955
6.39036
6.64388
6.89271
7.12923
7.32887
7.61774
7.95717
8.26541
8.51143
8.83722
9.08934
9.39021
9.74368
10.0466
10.3626
10.6918
11.0068
11.3877
11.6967
12.055
12.3925
12.7542
13.139
13.5645
13.9917
14.4517
15.0584
15.4694
16.0192
16.4994
17.0813
17.7575
18.3569
19.0482
19.7678
20.7915
21.8183
23.1545
24.7288
26.706
36.4046
