-67.0679
-46.7314
-43.8968
-41.7849
-40.221
-38.8871
-37.7424
-36.7193
-35.8651
-35.0426
-34.1721
-33.5136
-32.8339
-32.1172
-31.3285
-30.8351
-30.3127
-29.7037
-29.1119
-28.3923
-27.7751
-27.2132
-26.6519
-26.1554
-25.6173
-25.0778
-24.558
-24.0378
-23.4754
-22.9451
-22.4588
-21.9679
-21.3759
-20.9285
-20.4048
-19.8766
-19.3976
-18.9015
-18.341
-17.7922
-17.2519
-16.7411
-16.2964
-15.8459
-15.4317
-14.9181
-14.3582
-13.9304
-13.524
-13.0447
-12.6073
-12.1316
-11.6331
-11.2355
-10.7071
-10.3034
-9.82059
-9.3439
-8.8769
-8.46153
-8.03875
-7.63526
-7.2335
-6.75176
-6.27894
-5.79208
-5.28018
-4.88365
-4.37026
-3.91728
-3.41197
-2.93583
-2.44745
-1.94496
-1.43305
-0.864322
-0.241505
0.405091
1.13512
1.83424
2.45919
3.22938
4.1782
4.961
6.0728
6.94696
7.91878
8.82093
9.72895
10.4847
11.3832
12.3293
13.3394
14.2409
15.1708
15.9701
17.1422
18.2828
19.0637
19.341
19.3986
