-146.106
-125.806
-123.129
-121.188
-119.881
-118.717
-117.64
-116.679
-115.93
-115.077
-114.317
-113.479
-112.621
-111.942
-111.244
-110.625
-110.049
-109.514
-109.027
-108.53
-107.954
-107.318
-106.759
-106.222
-105.656
-105.126
-104.667
-104.21
-103.664
-103.25
-102.641
-102.162
-101.653
-101.052
-100.534
-99.9932
-99.4302
-98.9237
-98.5082
-98.0261
-97.6247
-97.1335
-96.608
-96.1601
-95.6617
-95.2192
-94.8161
-94.398
-93.9718
-93.5659
-93.1254
-92.736
-92.2053
-91.6919
-91.206
-90.7545
-90.3693
-89.9411
-89.469
-89.0345
-88.5808
-88.0819
-87.6865
-87.2578
-86.8957
-86.3876
-85.9765
-85.5723
-85.1094
-84.6646
-84.2144
-83.6111
-83.0218
-82.5649
-82.0752
-81.4762
-80.8558
-80.1959
-79.5764
-78.7761
-78.0876
-77.2715
-76.4374
-75.513
-74.5081
-73.5206
-72.6815
-71.9352
-71.1994
-70.368
-69.5251
-68.7795
-67.8681
-67.1019
-66.1808
-65.2025
-64.2823
-63.2768
-61.9355
-59.6994
-55.094
