-142.861
-122.432
-119.592
-117.422
-115.488
-113.953
-112.716
-111.697
-110.877
-109.958
-109.232
-108.411
-107.658
-107.041
-106.266
-105.672
-105.109
-104.535
-103.88
-103.249
-102.643
-102.109
-101.493
-100.942
-100.43
-99.9698
-99.54
-99.0402
-98.4831
-98.0079
-97.4588
-96.9739
-96.4214
-96.0208
-95.4973
-95.0024
-94.6055
-94.1211
-93.6881
-93.1929
-92.6469
-92.2321
-91.818
-91.4638
-91.0957
-90.5691
-90.1546
-89.7271
-89.3667
-88.9309
-88.4474
-88.0075
-87.5392
-87.1234
-86.6442
-86.138
-85.683
-85.1922
-84.7414
-84.2876
-83.7851
-83.2196
-82.7597
-82.2862
-81.8457
-81.2827
-80.8153
-80.3198
-79.7353
-79.1758
-78.5701
-78.0327
-77.4492
-76.8548
-76.1955
-75.5006
-74.759
-74.1375
-73.4841
-72.8577
-72.1931
-71.6543
-70.9989
-70.4539
-69.7144
-69.1805
-68.5583
-67.8943
-67.2156
-66.5472
-65.6671
-64.8512
-64.0163
-62.9887
-61.8255
-60.3321
-58.7049
-56.7862
-54.0047
-48.9884
-31.312
