-134.741
-126.68
-124.91
-123.814
-122.94
-122.171
-121.681
-121.096
-120.705
-120.304
-119.849
-119.501
-119.102
-118.766
-118.461
-118.215
-117.914
-117.61
-117.301
-116.986
-116.714
-116.433
-116.181
-115.936
-115.707
-115.458
-115.241
-114.998
-114.777
-114.559
-114.328
-114.071
-113.823
-113.601
-113.371
-113.12
-112.875
-112.675
-112.423
-112.201
-111.967
-111.744
-111.533
-111.295
-111.039
-110.825
-110.591
-110.362
-110.14
-109.916
-109.695
-109.436
-109.161
-108.943
-108.729
-108.463
-108.247
-107.99
-107.79
-107.542
-107.292
-107.009
-106.776
-106.496
-106.184
-105.902
-105.653
-105.385
-105.09
-104.781
-104.486
-104.123
-103.809
-103.452
-103.153
-102.842
-102.467
-102.087
-101.756
-101.393
-100.95
-100.508
-100.135
-99.7422
-99.2919
-98.8008
-98.3347
-97.8291
-97.3331
-96.761
-96.1284
-95.4746
-94.7981
-93.9401
-92.9779
-91.8786
-90.5476
-88.8795
-86.7574
-83.3989
-71.8299
