96.2949
107.754
100.722
15.2357
40.1733
39.1652
39.1195
22.1798
98.7064
40.0033
112.869
73.9641
48.037
64.2711
70.6762
14.8482
71.4025
88.249
78.4748
75.9857
91.1753
64.6577
44.4607
65.071
114.76
34.6724
108.269
32.8521
61.6124
5.37655
106.45
92.3408
44.371
3.86211
104.77
76.9244
68.0872
36.9894
71.2017
39.0949
51.0209
67.5687
55.7654
82.6559
65.8903
20.9321
8.47118
72.2778
38.1392
60.7978
52.0157
38.839
63.3307
105.159
19.8967
23.6909
64.1618
58.4627
65.5775
62.0575
108.738
31.3092
79.8861
39.6936
77.2976
75.8125
85.736
90.678
103.63
50.8846
35.5189
37.7634
29.5081
98.8163
41.0285
50.73
101.911
96.7987
2.89946
55.5973
16.403
53.8303
73.2812
13.8409
78.8576
95.2311
43.0381
45.8132
61.6368
88.1146
17.7005
74.1785
45.2835
34.0663
88.5179
52.1092
33.9158
89.3184
59.9763
95.5747
60.4233
52.5073
106.257
78.7764
44.0321
54.847
33.8993
49.6375
21.2153
23.4705
75.9837
73.5731
31.4658
69.9089
105.36
64.7432
45.7139
37.2825
74.3763
37.4393
68.7703
22.1216
86.4828
73.5076
51.5579
53.6979
56.2479
61.5975
98.4436
1.15879
84.221
55.958
43.8701
108.265
115.204
87.5346
109.563
73.0062
51.8809
68.7213
29.0049
28.6812
51.9979
13.7011
101.993
30.9925
36.9562
48.5234
3.73107
70.0004
62.0544
44.0338
42.7019
83.4931
36.7496
70.125
71.8516
100.256
81.7085
86.6448
27.0755
42.6805
108.651
87.9952
47.4974
72.3076
86.4176
43.9731
73.0352
82.0565
53.3139
68.6292
69.2773
29.8053
95.5966
103.639
95.9707
49.2458
70.1877
63.6602
73.151
11.4117
31.9248
44.5615
43.4202
66.9679
48.3013
33.7922
99.6422
79.991
94.5795
78.9787
114.355
22.6751
38.4522
89.9997
108.018
58.5981
66.0601
47.3216
-87.7215
-68.8716
-75.1804
-79.6935
-50.8669
-30.6671
-99.3411
-70.814
-53.2701
-88.227
-28.9146
-88.7905
-27.2989
-92.9034
-113.361
-62.9815
-99.8059
-48.1835
-29.3252
-27.2457
-77.0027
-44.1977
-78.9891
-47.5861
-69.594
-61.7767
-35.6271
-54.987
-59.096
-8.01633
-64.3583
-86.308
-50.3167
-56.2814
-60.9583
-71.1161
-16.0079
-62.4749
-94.063
-108.797
-70.4233
-76.9623
-110.944
-94.2693
-50.8031
-1.87168
-113.554
-3.89215
-81.3734
-65.5125
-83.0265
-57.2064
-52.83
-104.122
-100.506
-56.0181
-67.174
-105.384
-80.7196
-50.4607
-2.82284
-72.5282
-43.3468
-41.9694
-56.5685
-58.2088
-85.2447
-69.8022
-57.2693
-78.8071
-72.6861
-113.212
-77.0971
-79.9737
-71.7857
-45.5835
-108.685
-103.057
-106.017
-58.3751
-90.4646
-43.2578
-45.7794
-82.3319
-93.2478
-47.8843
-77.7425
-115.3
-21.8888
-78.3662
-84.265
-101.011
-76.6139
-39.3104
-64.6335
-70.6979
-40.4569
-53.2728
-103.614
-47.0149
-97.9846
-78.1122
-113.025
-59.7646
-40.5505
-56.2819
-15.2894
-45.5823
-102.2
-60.4597
-69.0788
-11.0344
-11.0851
-87.6111
-61.5149
-69.3545
-45.5442
-96.2994
-29.3703
-78.0406
-72.7469
-56.5716
-68.1448
-38.7963
-103.241
-59.9115
-16.2286
-12.3331
-56.1356
-97.5404
-11.9088
-54.3002
-77.9437
-68.4406
-93.2584
-50.9238
-93.5594
-82.4538
-109.662
-47.1172
-107.764
-50.0888
-61.8542
-79.968
-69.9119
-100.402
-32.9495
-63.3282
-62.866
-74.6366
-73.2663
-77.8949
-79.488
-65.6217
-42.7257
-78.545
-72.1382
-46.5073
-28.066
-73.8849
-82.7719
-71.5697
-49.5877
-98.1461
-95.5609
-27.7843
-102.797
-3.34563
-86.2288
-47.5204
-100.306
-34.5297
-69.1356
-77.8285
-65.8842
-52.1758
-82.7785
-56.7115
-34.6995
-66.0146
-64.773
-81.3861
-67.9233
-35.4326
-59.7786
-58.3482
-6.45705
-66.1199
-95.5394
-52.7635
-106.701
-42.5498
-109.311
-41.4334
-106.873
-56.7621
-8.00776
-111.627
-48.5783
-101.308
16.7148
55.5814
30.0959
-28.4735
31.8014
16.157
-38.3764
-40.1595
51.1752
2.59388
-16.409
56.6182
18.2425
-32.6951
27.3686
39.4267
-40.2077
-51.1034
15.8781
-23.2671
6.53199
15.3911
-38.5724
-16.7208
27.9789
-3.17332
33.1637
-1.13195
52.1449
-36.8561
-17.5733
15.9621
-52.5749
-20.0289
-2.12458
57.6721
-26.8814
-6.69053
-8.9496
31.3675
23.4422
0.00230471
42.4042
45.3134
-28.0317
-13.1221
33.6374
46.3779
-45.8847
11.2082
-14.608
20.2372
-52.4844
49.905
0.426372
-33.5325
29.3465
-44.9973
-31.1797
43.6286
47.5308
-25.3341
36.2374
53.2329
-17.266
-35.4858
-3.01595
43.5781
-2.82015
-0.231449
9.79323
-12.546
-33.2025
19.4413
26.827
-12.3231
43.177
11.6011
-36.2204
-23.346
31.9366
44.3001
-55.8344
51.1379
1.87827
-3.19574
22.5714
-6.01422
-50.1195
6.4136
-9.30635
15.6058
16.0137
18.6841
-44.7607
42.4782
-9.29134
-57.7187
15.1737
-3.11472
-10.6715
50.4048
49.2574
-14.8989
-55.6301
3.31621
-23.679
9.90081
-56.177
14.6706
33.9692
18.4801
9.72301
-0.166405
-37.4097
1.73349
-10.613
-42.7012
-43.0889
-23.1748
-26.1141
54.4058
-11.6667
-26.2994
8.82665
39.2967
-19.0273
-15.1067
-11.4202
-43.3283
57.3906
-56.5907
16.7697
-45.9791
-3.90877
12.3465
35.3681
-8.00416
30.2087
-41.5592
-53.3238
-35.7509
45.7702
-46.886
-21.4477
12.2112
35.283
-33.9571
2.88218
19.1415
3.40696
34.3028
-18.8073
-9.16654
25.234
37.3792
-45.2639
-0.523869
8.98842
34.2954
-40.5844
-34.1955
-29.3609
8.27567
-24.8219
-3.56801
-19.0238
-24.0011
4.58373
17.8134
49.3171
-22.3203
-31.5011
42.7385
-47.4831
16.7055
46.7107
-14.7824
52.8834
57.5179
-9.3619
-43.3471
12.8364
35.2896
41.7293
-32.6596
-30.8053
7.05296
46.6775
-46.1327
25.4357
14.8992
-8.17686
-19.6045
27.5375
-24.0432
-26.0423
-26.7056
18.6877
-43.8472
225.134
217.28
246.875
251.738
197.979
284.104
225.553
217.78
230.438
239.748
244.724
212.218
226.254
244.686
277.139
250.97
244.625
217.267
228.741
210.514
241.129
217.843
227.528
239.435
234.632
229.018
222.197
251.571
247.161
190.323
281.224
234.846
241.827
242.667
278.266
174.5
231.568
246.813
273.138
258.829
194.173
228.791
220.362
213.052
239.71
247.306
287.858
277.809
265.441
276.539
220.1
252.718
210.134
183.602
265.13
211.031
274.974
225.476
274.038
231.002
274.483
204.617
238.638
244.803
251.043
257.379
243.569
223.932
270.382
222.455
267.607
173.941
278.541
249.414
236.884
239.886
237.499
221.153
232.633
243.183
284.111
233.55
239.586
198.082
285.747
244.15
207.936
242.693
201.156
209.849
179.655
192.951
252.255
283.773
237.489
265.164
233.938
255.485
265.724
280.106
211.477
275.324
214.452
263.285
256.328
223.305
216.315
259.799
220.944
242.741
244.016
238.493
179.448
245.827
229.89
229.245
243.493
226.49
189.339
245.921
207.745
209.165
203.035
209.211
189.847
264.755
257.719
194.326
240.72
173.262
253.489
211.377
264.923
207.633
247.505
284.911
282.398
209.191
249.189
246.094
286.481
185.383
240.26
216.153
257.221
278.833
209.956
225.166
229.934
189.83
227.263
226.825
206.338
237.105
219.033
178.443
219.284
226.593
221.85
230.997
229.849
244.091
278.328
227.696
253.866
286.649
188.061
232.127
277.243
214.701
262.78
271.603
211.777
260.724
253.06
210.218
237.229
234.383
186.632
238.107
218.263
215.018
248.07
227.165
224.727
176.428
231.872
223.681
233.591
213.087
209.615
213.931
268.498
193.014
261.362
219.586
230.497
215.81
255.571
244.38
144.215
81.9917
123.956
69.7627
91.3207
133.937
69.7643
89.0277
124.829
131.66
114.272
126.055
86.3603
109.612
119.15
134.784
114.43
100.473
136.301
79.2608
126.6
114.542
122.057
101.395
118.035
148.787
84.105
59.9904
149.992
138.48
69.8204
107.071
98.9741
59.6786
70.978
155.05
115.35
143.336
96.6043
114.667
156.158
93.2058
119.44
130.517
143.244
100.292
80.5699
115.483
81.8075
70.4173
99.5893
90.5847
129.699
96.2346
64.7321
125.017
129.734
140.904
74.367
92.2618
65.5239
115.11
130.136
60.1378
120.703
105.115
63.2036
98.5197
91.5079
66.6598
80.1156
78.0896
84.7574
86.8719
98.0722
141.289
131.089
111.604
76.2124
120.642
141.544
125.985
121.069
169.622
129.515
71.8945
116.05
143.116
104.206
141.58
123.993
74.9509
118.842
96.0758
76.2855
131.929
119.19
154.901
143.227
127.622
108.073
141.723
86.0265
101.493
119.616
61.6506
64.055
75.8494
74.4047
71.978
75.5141
87.397
102.735
140.266
74.4664
125.956
147.618
122.267
170.362
94.9696
109.215
132.725
89.4592
101.156
107.373
103.152
96.3722
68.2605
100.368
84.4805
93.8629
90.5524
110.958
65.7925
94.5301
67.7565
161.19
89.4353
137.706
104.713
131.385
129.462
127.626
136.836
137.855
144.021
120.289
159.178
105.966
68.4298
163.64
87.2168
105.69
99.8916
85.7525
142.906
110.621
113.834
62.9165
129.019
58.1522
125.453
79.7192
134.346
128.646
76.6402
78.2866
123.69
63.0181
123.733
154.554
131.855
162.152
58.9226
73.5277
138.793
110.604
66.3828
132.148
134.623
152.098
119.416
78.3757
69.4282
133.144
139.686
106.413
65.9737
123.413
134.105
114.13
127.232
112.674
133.053
117.792
121.784
77.2257
95.8791
105.603
156.815
135.777
124.402
150.051
185.282
186.205
172.851
201.062
135.672
155.757
185.146
156.064
129.926
146.709
211.046
157.696
126.107
148.228
140.617
145.972
214.434
196.974
162.567
121.626
194.528
187.267
156.343
188.895
153.354
181.984
219.843
180.128
125.557
208.721
125.919
151.271
230.836
152.602
162.307
119.848
133.579
217.324
135.052
182.738
162.432
180.048
186.14
223.505
117.95
214.718
208.324
190.791
145.304
130.422
203.481
173.556
183.554
229.357
224.806
136.898
194.757
195.098
119.266
129.734
221.446
184.097
155.125
154.218
166.77
149.948
145.162
186.282
127.913
187.469
157.483
172.232
186.377
175.491
134.442
192.185
224.899
127.113
194.233
139.322
128.151
119.034
168.601
194.651
143.451
178.025
136.225
129.012
159.761
159.148
181.802
149.006
201.547
158.743
142.228
146.44
118.7
182.254
192.262
228.033
179.481
128.902
128.614
207.53
179.102
140.77
123.531
188.015
157.178
138.542
144.487
222.411
198.978
137.173
190.331
140.445
192.732
195.611
202.19
159.267
202.035
201.731
122.995
136.006
121.113
125.407
143.709
194.556
117.273
173.351
229.339
200.619
148.612
176.735
191.789
128.813
228.85
207.942
178.719
149.545
169.825
187.834
145.538
138.363
184.665
181.94
151.445
136.627
156.139
194.611
203.655
199.21
129.151
140.326
187.188
191.551
203.682
126.475
179.798
166.361
189.066
211.111
140.791
161.628
150.173
153.189
216.571
156.444
135.654
169.791
159.727
128.988
117.604
204.804
165.186
192.94
154.281
174.402
122.869
115.522
208.392
201.924
160.008
177.562
212.291
164.509
171.748
183.034
174.286
220.619
201.677
129.109
142.473
210.316
208.52
196.622
203.327
65.1244
44.4487
84.4468
64.9816
40.2535
57.4362
34.1681
1.05026
105.188
41.7187
30.0141
43.6551
97.9094
59.8363
104.052
59.0347
68.4894
59.4963
42.186
71.5108
85.6688
52.959
92.2245
21.5394
79.3932
77.6824
102.142
57.7435
61.2539
92.035
53.526
46.168
29.985
96.4585
101.573
59.4572
26.6251
100.069
67.4437
39.474
63.5382
28.5275
114.927
90.6066
94.1855
104.106
66.1641
62.5472
53.882
94.6106
107.622
60.1575
34.0886
66.7682
89.6122
39.8353
65.6113
23.8082
97.602
99.1687
10.1317
81.542
58.5926
102.318
32.1487
111.333
90.5313
76.7966
34.3306
55.9488
55.5351
86.392
86.4132
54.6868
80.097
3.73375
63.8151
51.3039
55.8594
10.6264
18.7288
85.8804
46.7423
98.1192
8.99376
106.413
72.7985
45.1695
73.4416
57.2066
8.86328
99.1336
91.1388
73.2658
66.3127
93.5483
28.4831
47.9022
79.5969
101.596
36.6106
32.608
27.0047
57.3096
89.2454
51.6985
5.88245
58.1429
105.072
33.1746
74.7627
40.8329
42.1718
81.3545
63.249
49.4259
43.2757
96.4326
85.2843
45.8922
99.4527
77.6962
107.99
87.9842
42.5734
48.4404
93.6468
68.781
97.477
69.4684
32.1997
74.8251
96.3248
104.963
23.0849
24.0234
47.1912
114.788
71.8398
66.3648
15.034
49.09
107.371
67.4102
37.4744
74.8806
36.8464
76.6327
83.4948
27.6786
109.216
52.7575
55.2062
37.33
17.5257
35.601
93.963
93.5369
89.382
67.0313
80.1175
83.1314
72.9828
73.5107
101.9
73.818
67.3764
96.4612
68.3068
52.2778
50.295
45.8174
16.8339
49.6864
98.2596
51.4118
115.39
51.136
49.3174
18.6981
85.6004
18.1721
61.3562
83.7317
44.1916
83.402
79.8048
63.3029
23.4755
92.2348
59.1611
56.1785
91.0035
79.1488
91.4919
98.0958
77.6881
48.1117
81.8146
16.207
-56.0699
-42.9524
-66.7419
-84.1464
-62.3269
-41.3813
-60.7183
-56.9723
-92.2107
-20.4263
-49.7374
-63.2859
-89.0387
-107.048
-63.3137
-63.0864
-35.7588
-64.1943
-67.7793
-47.0061
-10.5458
-60.021
-61.7511
-11.519
-60.8395
-38.154
-61.6724
-40.7711
-65.7728
-92.5434
-50.3169
-29.8516
-14.5006
-54.826
-107.271
-86.7851
-70.6561
-50.9376
-70.0475
-66.6348
-64.1627
-96.6402
-90.9645
-22.0138
-47.5228
-53.5137
-9.79137
-9.39748
-37.8378
-79.8127
-17.9138
-13.3948
-2.32699
-110.929
-39.7348
-36.7039
-64.386
-55.4875
-74.0232
-112.971
-29.1331
-69.5237
-19.5311
-34.5179
-54.0258
-50.0993
-89.8621
-90.9767
-64.8413
-83.0829
-10.9097
-47.5552
-71.4952
-34.9611
-46.8737
-38.2287
-49.4777
-13.7524
-46.9072
-87.5152
-76.3768
-74.7866
-99.0963
-95.8489
-33.0384
-38.6351
-17.2887
-60.4694
-66.6257
-9.54657
-80.1855
-65.1412
-42.1987
-0.303879
-80.311
-4.55778
-33.0661
-72.7399
-70.6137
-56.6645
-58.7071
-39.4679
-15.2143
-63.6407
-88.1394
-108.38
-38.9675
-33.6627
-40.1272
-53.2007
-92.8402
-43.8659
-58.9937
-82.8068
-98.1988
-70.8008
-93.9749
-73.5103
-61.9705
-68.6232
-69.1971
-61.9498
-86.461
-36.4254
-70.8749
-10.2721
-60.6895
-59.9065
-77.3454
-100.994
-49.2364
-103.475
-74.2483
-93.7922
-72.1891
-41.0356
-82.707
-77.0037
-90.7198
-55.2281
-114.668
-45.8537
-71.9826
-95.3649
-29.9747
-63.7453
-0.507139
-43.5179
-35.0108
-42.5395
-70.6131
-7.49627
-90.6808
-72.4032
-112.86
-87.111
-51.526
-109.882
-59.4692
-37.5521
-91.4579
-28.2282
-45.3551
-29.3956
-52.5513
-25.0616
-45.0749
-99.6248
-64.3777
-23.1079
-35.785
-63.9448
-18.3488
-44.2128
-66.8599
-97.5611
-82.9872
-28.7456
-70.399
-94.7957
-48.2869
-76.8687
-100.025
-41.3403
-78.1604
-103.47
-76.4536
-62.8051
-93.0466
-82.309
-38.1506
-38.1295
-72.3675
-96.6347
-71.3309
-58.5859
-68.8502
-42.8622
-110.638
-86.8551
32.8173
-53.71
45.4413
22.606
49.2382
9.77954
-15.3449
40.3568
12.7798
-56.5394
23.1939
-37.2296
-1.19393
9.63893
27.1757
-35.6145
-0.260362
32.5251
24.9018
53.2698
-11.2992
-46.7975
-26.1045
-30.4754
-53.1691
15.6408
47.3146
-25.1653
-4.3584
-21.1388
8.32185
-0.783269
-3.75209
2.52541
-25.8495
34.1587
4.6987
25.4413
15.8305
26.5139
-3.74593
21.0124
9.24012
34.0699
25.0325
54.7224
-26.9099
-16.5979
-49.8941
-37.5173
-9.18262
4.35374
-31.0181
38.1062
27.7335
55.4509
-41.0442
-52.948
-15.2628
-1.14775
-4.728
22.6741
13.625
-51.9675
-29.1211
32.5056
0.256929
22.4096
-15.9683
-40.5807
48.9756
-43.8694
35.7273
-24.622
33.1867
51.4509
-18.363
34.5433
19.0478
29.8111
-55.2844
-43.3434
-11.3675
-47.9182
38.7799
40.9039
-4.76487
-15.4377
29.9998
54.8944
-45.2771
-46.7859
28.4759
-53.5976
-0.30806
-22.1463
46.9581
-17.663
-9.52694
14.4425
20.3744
-43.8171
-38.5222
-2.58666
-30.8212
40.3052
15.7129
54.1881
-49.6199
45.3908
-46.2251
-28.66
-2.59238
40.4513
-13.6287
12.4475
2.78967
-20.4182
-37.1994
-21.4751
2.95454
-21.0973
-45.1472
39.2025
35.2619
-39.5782
-36.6844
-53.5104
-23.2458
-51.1808
-4.73041
34.5264
37.7903
-35.0846
-39.7341
34.8101
25.0116
-42.0442
-15.8891
-16.1846
-26.8221
-4.99423
56.4621
-38.9385
22.8284
-42.802
-38.697
38.959
3.51458
-0.0704753
-19.4473
28.6676
-41.9218
22.6526
-36.4189
11.2025
49.4451
-16.7293
44.2172
17.4646
35.4603
36.0895
-13.2445
30.5433
-19.0557
17.6659
37.982
-10.1703
-52.478
-42.3687
26.2389
-49.2384
13.7802
-29.6694
-7.37332
53.762
14.9696
25.8155
-19.4526
10.0398
4.93261
27.2185
-39.8956
-54.4215
41.4452
-4.4668
43.8744
12.8509
-20.3636
8.91065
-13.7017
-37.9991
7.05642
-36.1274
14.9048
27.9105
47.0839
4.80619
-14.5501
6.61053
-143.163
-87.9688
-96.9759
-109.27
-136.427
-118.72
-58.6155
-117.987
-148.344
-98.7952
-117.56
-94.8331
-132.372
-109.084
-119.815
-113.204
-154.331
-105.274
-97.6504
-76.274
-123.855
-150.508
-89.0823
-135.069
-120.588
-102.463
-101.885
-96.9752
-71.7504
-115.145
-146.995
-121.325
-117.492
-128.765
-75.4869
-118.531
-73.5934
-105.88
-96.8081
-106.783
-113.496
-133.541
-136.458
-113.862
-97.3046
-128.616
-171.32
-86.495
-139.906
-105.372
-142.403
-142.398
-87.1197
-122.093
-111.402
-138.107
-91.5012
-122.48
-117.921
-139.546
-118.427
-73.539
-81.497
-84.2465
-136.51
-86.0196
-131.238
-85.7177
-121.891
-79.1942
-120.154
-110.179
-136.047
-138.872
-131.718
-67.0331
-110.351
-171.836
-107.042
-117.862
-95.1101
-131.785
-95.2394
-102.3
-59.742
-82.8987
-113.101
-87.5009
-63.2275
-100.061
-133.031
-101.048
-135.321
-99.839
-75.893
-75.8403
-79.2355
-108.739
-85.3602
-93.3864
-125.667
-135.455
-109.342
-93.5756
-154.326
-162.428
-93.5056
-143.857
-76.7695
-128.726
-97.206
-102.905
-138.788
-116.328
-132.482
-75.9193
-133.359
-126.019
-106.746
-89.4699
-106.19
-105.201
-134.721
-78.8846
-143.038
-89.4237
-100.67
-125.792
-129.51
-161.931
-167.956
-65.2818
-124.225
-94.3402
-117.545
-139.611
-120.338
-95.0881
-137.955
-136.755
-131.282
-131.603
-95.9477
-71.8309
-131.262
-80.2741
-134.578
-70.2542
-112.345
-146.013
-101.519
-132.958
-161.435
-76.563
-152.208
-109.409
-126.194
-103.064
-123.476
-150.848
-68.7999
-82.5997
-159.857
-104.705
-130.483
-133.477
-136.219
-85.8722
-105.011
-128.494
-137.094
-107.834
-123.915
-101.459
-158.768
-138.139
-82.5409
-118.717
-143.417
-132.865
-68.3862
-160.788
-92.4538
-109.666
-70.3256
-168.123
-105.275
-97.1234
-110.047
-114.979
-58.7739
-110.154
-118.993
-126.667
-87.8649
-149.613
-130.857
-110.412
-113.266
-124.248
-234.51
-252.035
-197.112
-227.662
-215.549
-254.272
-279.344
-173.442
-208.733
-224.914
-249.679
-210.166
-213.874
-189.152
-233.441
-210.526
-192.169
-256.344
-265.352
-211.271
-231.858
-239.694
-222.633
-250.686
-221.195
-233.6
-262.252
-201.718
-220.411
-181.069
-225.943
-254.463
-267.488
-212.887
-214.796
-254.351
-224.251
-229.031
-190.707
-264.659
-203.142
-244.15
-232.083
-241.757
-213.19
-218.429
-270.718
-228.252
-217.598
-272.918
-206.263
-275.018
-227.079
-242.574
-217.253
-253.062
-227.203
-252.322
-277.543
-283.383
-204.446
-274.451
-220.444
-251.318
-229.784
-227.517
-200.588
-227.746
-254.92
-226.95
-182.515
-197.121
-212.15
-259.982
-205.59
-209.604
-207.669
-236.467
-267.87
-209.437
-216.039
-280.973
-181.343
-279.291
-245.127
-210.903
-282.854
-181.07
-208.44
-220.438
-220.072
-255.312
-221.443
-206.061
-181.196
-241.458
-236.038
-218.337
-248.093
-240.257
-220.644
-226.961
-231.778
-271.097
-179.754
-232.497
-266.193
-191.609
-275.779
-285.5
-188.893
-243.319
-274.482
-215.499
-245.268
-228.195
-288.511
-214.035
-258.442
-243.164
-216.889
-270.022
-254.531
-226.675
-279.939
-256.083
-230.016
-188.252
-234.668
-214.401
-253.94
-225.486
-250.035
-280.199
-281.907
-248.263
-206.231
-192.385
-252.985
-203.233
-205.985
-232.252
-188.667
-240.329
-177.947
-238.338
-275.632
-236.635
-280.663
-214.079
-253.527
-256.341
-272.211
-284.071
-247.763
-281.158
-208.81
-210.767
-246.157
-203.03
-279.991
-233.634
-221.463
-195.488
-269.326
-260.561
-284.833
-205.632
-223.59
-230.402
-237.335
-253.612
-199.81
-231.304
-187.258
-258.728
-228.892
-227.359
-259.891
-275.123
-210.609
-230.962
-212.547
-248.889
-239.177
-237.25
-209.039
-189.035
-263.77
-274.587
-189.733
-263.391
-220.945
-229.154
-232.54
-287.076
-264.191
-282.622
-247.502
-270.133
-156.656
-174.252
-120.911
-213.277
-159.297
-124.755
-200.618
-200.816
-168.129
-161.27
-149.68
-164.483
-211.383
-217.883
-215.748
-222.733
-201.444
-177.549
-161.748
-177.991
-207.408
-225.328
-192.518
-159.385
-213.997
-129.4
-156.454
-160.631
-218.112
-227.087
-229.301
-172.347
-191.683
-173.099
-181.58
-217.326
-147.471
-223.078
-126.83
-127.698
-129.632
-175.318
-120.624
-224.988
-123.548
-174.055
-153.87
-138.575
-206.34
-215.11
-188.326
-146.499
-125.977
-149.324
-134.009
-204.345
-174.59
-202.335
-149.59
-224.179
-203.618
-180.429
-129.411
-191.416
-211.329
-204.545
-149.682
-219.363
-168.529
-227.047
-159.015
-209.867
-195.156
-213.03
-228.509
-193.906
-124.167
-220.784
-175.815
-204.04
-202.93
-126.915
-119.565
-148.49
-144.098
-221.06
-213.462
-167.571
-209.528
-201.867
-138.042
-139.846
-153.382
-203.713
-192.893
-178.638
-195.445
-210.371
-117.166
-120.674
-122.157
-182.171
-118.351
-214.301
-192.104
-192.91
-119.903
-129.457
-197.87
-172.785
-182.689
-133.447
-167.876
-197.304
-168.002
-175.118
-209.499
-192.338
-219.355
-195.408
-193.112
-134.014
-193.417
-133.553
-130.232
-124.8
-230.321
-194.107
-162.453
-225.132
-153.076
-187.545
-208.383
-180.214
-176.638
-140.983
-205.011
-118.031
-146.308
-162.002
-184.422
-117.095
-217.215
-176.975
-143.269
-184.387
-206.064
-147.297
-116.896
-188.443
-180.08
-120.332
-191.171
-157.734
-203.396
-167.377
-128.208
-208.047
-132.279
-169.709
-228.863
-220.453
-219.425
-162.319
-117.124
-219.579
-208.472
-148.886
-186.252
-202.514
-171.907
-186.124
-175.259
-189.945
-208.535
-136.101
-222.655
-171.188
-187.608
-204.099
-150.069
-176.007
-116.264
-156.102
-165.81
-144.526
-153.838
-198.521
-192.763
-218.172
-223.467
-214.996
-119.973
-170.146
-118.319
-189.067
-170.433
-185.458
-199.7
-221.396
-102.492
-95.3109
-159.372
-122.976
-113.301
-129.511
-135.066
-145.94
-87.0166
-85.5056
-103.102
-104.43
-87.8279
-91.149
-105.545
-121.763
-92.728
-109.366
-91.4501
-58.0422
-102.08
-85.2089
-113.043
-137.953
-67.4078
-71.2625
-131.919
-155.476
-110.854
-109.16
-129.632
-132.289
-125.962
-67.0904
-115.366
-117.196
-82.3965
-105.099
-137.33
-118.06
-141.65
-167.2
-136.842
-116.512
-148.244
-95.3293
-110.131
-61.0193
-154.712
-129.664
-100.539
-101.189
-120.412
-128.487
-105.327
-63.1196
-136.265
-108.616
-59.0095
-139.512
-71.0366
-143.885
-131.728
-81.7667
-104.525
-76.25
-117.415
-94.0952
-94.4169
-126.195
-101.755
-114.241
-115.817
-143.632
-99.2844
-82.6223
-134.713
-146.643
-159.801
-72.6644
-126.266
-93.6131
-85.7504
-66.8652
-77.3666
-172.859
-163.182
-105.648
-86.1709
-66.912
-144.77
-89.1604
-116.29
-67.1202
-78.1669
-87.5056
-135.62
-91.0605
-137.803
-91.5802
-155.202
-64.0883
-74.7883
-172.534
-141.614
-100.482
-133.761
-104.453
-92.5376
-71.752
-100.941
-151.457
-129.993
-97.5284
-65.273
-124.448
-124.057
-116.719
-97.0308
-99.4086
-95.2181
-113.532
-85.4734
-103.204
-125.526
-103.137
-115.737
-123.288
-121.62
-130.768
-140.097
-138.701
-150.184
-140.764
-137.038
-124.622
-108.652
-66.034
-94.7372
-75.1861
-91.7149
-114.119
-141.841
-98.6272
-94.2162
-88.4378
-84.6663
-103.127
-140.482
-115.282
-117.662
-141.403
-106.315
-123.498
-85.0859
-153.273
-106.303
-109.893
-138.275
-124.325
-69.3977
-70.6023
-98.6567
-99.5862
-74.3583
-106.36
-122.718
-94.5909
-140.13
-119.351
-107.63
-107.84
-93.051
-60.5069
-104.338
-76.9939
-132.965
-97.1807
-122.784
-130.612
-108.663
-106.556
-154.114
-151.328
-89.2203
-158.733
-158.355
-136.08
-63.6055
-69.0671
-102.234
-65.8897
-96.5669
-98.4367
-95.2113
-136.385
-72.5041
-99.4325
-127.396
-137.586
-257.626
-275.212
-220.399
-230.805
-270.404
-201.966
-285.177
-226.801
-249.273
-198.945
-228.14
-253.715
-279.332
-256.483
-218.474
-261.291
-232.927
-277.96
-183.035
-248.583
-241.465
-268.078
-242.36
-245.63
-258.335
-267.928
-221.28
-212.452
-202.442
-202.223
-258.358
-282.223
-216.754
-195.298
-276.699
-233.319
-272.83
-256.754
-225.37
-198.054
-288.262
-272.826
-201.274
-219.058
-242.417
-199.939
-232.905
-186.774
-282.734
-223.691
-232.476
-193.291
-272.369
-244.384
-261.901
-238.185
-285.17
-239.642
-215.462
-248.181
-189.299
-192.056
-269.454
-273.054
-226.343
-236.743
-234.033
-235.696
-223.557
-271.147
-255.606
-191.212
-268.914
-254.221
-267.924
-261.435
-271.917
-246.42
-222.701
-227.678
-173.968
-231.278
-281.791
-248.233
-245.915
-205.541
-195.8
-249.81
-207.64
-256.812
-270.08
-235.752
-219.327
-279.785
-190.287
-225.174
-200.644
-211.159
-221.203
-194.161
-183.051
-190.181
-271.205
-191.08
-205.107
-184.291
-235.621
-192.881
-259.153
-256.849
-237.6
-235.486
-231.63
-258.482
-221
-252.422
-200.947
-216.345
-277.399
-264.867
-212.646
-205.23
-216.497
-210.913
-222.097
-225.074
-230.054
-197.613
-211.877
-204.118
-248.33
-244.402
-273.461
-185.288
-256.723
-208.972
-217.623
-230.817
-246.906
-224.384
-212.808
-279.05
-241.593
-217.467
-228.56
-245.838
-247.485
-189.784
-197.069
-232.888
-208.954
-243.623
-226.731
-286.744
-247.875
-248.234
-229.592
-220.002
-243.027
-257.37
-264.409
-250.696
-273.173
-247.306
-234.703
-207.588
-257.591
-259.685
-257.426
-205.819
-253.918
-178.955
-288.057
-259.802
-242.17
-259.197
-242.3
-213.382
-242.97
-263.827
-211.537
-257.77
-220.563
-282.736
-270.115
-240.01
-207.74
-232.3
-204.743
-185.793
-200.569
-270.052
-227.39
-255.941
-215.886
-217.658
-249.905
-255.333
-241.746
-254.735
-160.884
-181.047
-216.565
-193.325
-206.646
-140.339
-158.047
-225.297
-193.789
-152.075
-164.397
-176.436
-160.933
-169.765
-197.424
-177.819
-127.111
-176.575
-175.554
-166.182
-200.642
-207.579
-211.164
-207.811
-142.005
-149.541
-140.39
-192.738
-136.545
-164.421
-208.751
-190.95
-209.912
-126.431
-131.633
-179.983
-131.9
-180.669
-172.736
-221.619
-155.694
-198.382
-207.226
-206.761
-157.667
-170.858
-193.712
-134.27
-197.26
-157.599
-191.5
-137.382
-125.65
-138.224
-215.744
-153.574
-131.061
-184.373
-206.948
-187.953
-175.456
-136.413
-189.108
-140.461
-159.189
-202.406
-197.371
-128.349
-185.077
-134.089
-145.651
-150.319
-184.4
-153.742
-162.482
-182.052
-201.945
-140.167
-191.365
-118.069
-160.237
-189.397
-168.81
-147.929
-207.315
-142.74
-210.799
-222.364
-169.347
-138.891
-177.387
-197.946
-201.646
-187.446
-167.176
-225.209
-195.049
-143.151
-186.51
-130.24
-230.623
-196.869
-178.599
-201.312
-165.156
-202.379
-147.766
-119.897
-229.451
-131.59
-140.673
-170.504
-167.203
-129.464
-215.085
-131.734
-212.241
-205.963
-199.122
-136.068
-182.262
-128.03
-197.137
-166.406
-211.113
-193.333
-207.22
-174.985
-146.19
-222.515
-160.317
-156.319
-196.24
-176.126
-157.155
-168.787
-125.841
-167.288
-137.356
-166.407
-166.07
-179.917
-168.94
-145.571
-160.016
-171.484
-125.91
-161.23
-230.27
-116.111
-164.67
-158.903
-173.556
-127.009
-188.139
-203.521
-185.814
-143.227
-189.785
-126.116
-165.626
-158.999
-215.475
-205.437
-116.933
-212.356
-168.521
-223.76
-128.085
-226.143
-220.797
-155.282
-166.185
-156.839
-139.779
-221.093
-196.995
-190.669
-179.606
-214.451
-125.913
-137.033
-181.966
-205.779
-166.42
-147.615
-217.568
-228.281
-142.836
-223.611
-155.855
-187.804
-174.085
-175.375
-185.926
-201.717
-196.346
-169.888
-172.533
-228.484
60.0899
36.5183
86.5961
54.5899
86.2903
32.6262
47.5129
21.7623
40.168
105.681
46.1389
40.6414
60.668
36.2757
31.7076
8.42441
75.0251
75.7169
2.88123
65.425
59.1714
64.8475
97.5796
36.0661
106.823
47.4209
99.8079
49.0396
85.087
83.2491
92.6132
22.8916
49.2145
6.98523
19.8692
98.3293
72.3728
97.7636
71.7653
54.9351
69.6012
52.055
76.3521
22.4425
110.026
29.5484
94.2038
105.5
62.5
80.0871
55.0146
61.4861
77.6933
75.5925
37.0988
52.0517
24.5109
97.2903
90.3465
84.7
61.3708
20.0368
5.67301
97.7497
101.076
96.6817
44.22
50.5538
101.534
59.0659
16.2233
41.2161
42.1137
76.4994
107.463
103.558
59.0524
89.3678
42.3175
50.1022
43.8779
53.4078
100.291
10.536
85.4913
52.811
34.7324
88.85
75.7449
109.084
52.0283
77.0037
68.8134
37.3066
44.3449
55.9185
72.223
103.349
93.7954
110.256
79.6475
66.5559
48.067
21.6361
22.4961
104.94
36.5951
71.86
76.8055
33.2601
29.6154
85.5494
114.685
84.0625
104.635
58.2413
6.01536
90.8233
42.5254
95.1714
111.8
108.388
64.2358
62.836
9.12454
43.9719
68.9601
73.4935
21.029
9.81099
91.6139
50.111
28.0912
108.314
96.221
97.6921
47.6163
79.5785
63.0077
15.6391
35.0117
72.9844
28.8393
3.93289
59.6005
65.171
49.4262
50.0952
70.7414
49.4211
58.5505
92.2874
39.2705
58.6179
22.7798
110.259
95.7631
39.63
83.7595
83.3003
69.1769
7.68863
86.4468
40.683
15.6616
67.372
38.8453
79.3247
67.0964
25.3581
46.9394
69.0191
13.1162
63.7347
27.1511
55.1271
110.589
32.9382
76.6728
31.1962
64.7024
70.9223
88.1667
46.6082
74.8081
88.1706
105.262
39.1878
84.8573
73.0649
25.6538
87.4532
5.08743
44.1062
101.156
79.1232
62.2689
112.93
31.5032
110.192
-86.6901
-40.685
-70.9193
-76.0384
-94.2645
-48.0814
-76.8788
-59.6678
-35.5982
-64.8256
-74.6794
-8.0865
-77.454
-18.5319
-38.3375
-105.169
-16.0602
-36.4961
-39.2127
-31.7498
-99.7597
-72.5629
-75.4809
-87.4595
-23.9532
-60.3425
-99.4054
-66.4935
-78.0231
-94.2452
-84.1866
-25.6391
-113.158
-97.7662
-110.978
-109.109
-47.6002
-77.5883
-61.8334
-50.1225
-66.6699
-22.0646
-56.0106
-0.744317
-93.4686
-68.0801
-88.5742
-109.626
-38.8748
-8.82858
-5.04024
-114.841
-9.92832
-15.7928
-66.7937
-69.4102
-96.266
-3.78552
-55.8283
-68.7871
-49.8319
-72.166
-62.7841
-23.6241
-96.6472
-30.5628
-41.9543
-38.4406
-9.42708
-96.889
-11.8818
-45.8307
-62.7409
-16.2921
-36.0073
-41.2831
-41.8815
-12.9859
-92.8689
-107.854
-61.2036
-84.9571
-113.389
-66.3789
-100.37
-18.8332
-48.7246
-108.607
-55.6177
-103.338
-92.4141
-107.522
-62.3551
-111.98
-78.4093
-40.8874
-66.7217
-32.0585
-76.0733
-19.072
-62.2125
-76.3139
-24.001
-88.9475
-65.2393
-42.7699
-102.334
-56.3849
-98.8826
-51.3773
-56.569
-71.5264
-113.448
-76.4729
-48.0859
-65.0984
-10.8921
-112.366
-42.1727
-79.2538
-53.2302
-110.766
-57.7065
-37.4333
-40.3729
-76.6482
-98.3412
-112.822
-1.66637
-73.9999
-79.2052
-59.4388
-34.0703
-71.0769
-100.832
-30.1227
-64.5947
-113.163
-71.2062
-51.2166
-16.8185
-73.9819
-15.9836
-77.6752
-54.1189
-77.384
-4.32297
-67.122
-105.684
-65.8248
-62.9301
-41.5002
-52.028
-85.1529
-61.0871
-48.1469
-43.1802
-68.3637
-90.0801
-78.3241
-103.627
-48.3601
-53.0332
-83.3643
-73.3324
-50.0697
-12.7869
-51.2431
-47.8337
-35.149
-99.6835
-59.5942
-39.4134
-84.5746
-70.0833
-28.1515
-96.1806
-56.6541
-20.3723
-41.3047
-31.4411
-111.762
-14.9863
-37.4669
-51.6567
-77.1498
-47.405
-98.6182
-61.2406
-101.683
-69.3139
-95.937
-114.627
-43.3921
-73.575
-110.951
-58.5276
-49.4761
-15.3741
-86.1651
27.316
-36.6605
25.2922
-40.8911
5.54971
30.6998
12.5486
36.9246
1.87229
-25.2935
-52.0995
-45.6654
-12.8175
10.8649
-31.977
38.8847
28.4147
-52.1633
-14.7817
0.906918
-1.97982
-17.0428
-53.8054
-2.2142
-3.15316
34.1828
-43.3267
22.5073
-12.5988
-33.8112
32.4245
45.2915
34.0048
33.6491
-31.7156
13.9228
49.6516
4.66461
-46.5118
-9.4404
22.677
20.4094
7.55514
48.411
-3.17128
34.9262
-40.609
8.56183
-2.57798
17.4281
27.4587
21.8603
-2.79683
54.2929
-8.8876
-13.275
39.8239
-27.8059
-27.7735
44.8334
-22.5302
33.0297
-3.93978
34.1711
32.6527
51.5838
6.5622
-1.74653
-49.0926
47.6915
54.3104
-36.9641
31.9797
-1.72062
-10.6084
17.5357
-34.1479
37.4215
28.4462
-30.6965
43.7278
-24.0868
3.27713
5.67785
14.1768
-2.4417
43.1758
18.6239
-16.618
-53.2824
-43.8074
0.42982
-14.561
5.00755
-4.91717
54.0144
29.148
-37.8468
26.9665
14.8509
12.5914
30.6985
27.3766
-52.7431
23.6501
5.70544
6.76541
-32.2073
1.16869
-55.2364
1.9604
31.2702
-14.5131
12.0562
26.5154
22.1306
-46.4051
-29.1059
28.8241
-14.8476
6.41703
24.0143
-19.5889
37.6964
-21.9483
-33.0061
-35.9511
5.68807
27.3539
-11.7134
-14.8782
38.8889
-20.5047
-22.2266
1.59744
14.0614
5.05955
-36.7653
30.1672
-2.51517
-40.3711
-27.3971
-51.2599
-11.8552
-36.8367
18.9347
3.82039
-57.2613
-29.3186
-8.17984
-55.6278
-46.4056
25.5185
-49.9759
6.13417
-7.30121
-47.8148
11.518
54.9043
-25.8333
-0.23744
10.9325
28.0394
-57.5423
-11.6768
-15.3504
-10.5672
56.9564
40.8096
21.9707
11.6539
-29.3357
40.9634
-9.58381
31.8266
-20.9513
28.3813
13.5436
29.8157
-3.2543
18.1742
-41.7449
7.61648
-47.5006
-17.6311
-30.4313
31.4361
12.8207
30.1843
-30.8554
-24.3588
-40.3735
40.8004
46.8614
57.5646
31.7325
30.6811
25.5765
-2.7307
31.744
200.319
174.907
286.988
260.339
280.144
276.449
264.115
181.525
252.164
231.66
224.611
274.275
268.269
199.964
227.377
265.204
262.017
229.346
187.274
224.624
218.598
282.915
240.024
261.863
225.845
220.501
234.091
228.168
254.288
274.867
273.835
218.754
256.954
271.873
227.927
227.067
274.792
237.239
211.219
233.763
197.603
250.032
229.053
282.087
234.508
200.046
175.459
260.005
249.347
183.811
232.596
246.212
227.814
234.688
217.445
240.309
284.637
258.266
216.311
222.709
253.385
223.665
228.12
206.286
207.478
259.681
272.633
256.16
190.727
223.525
222.68
196.588
230.432
224.41
216.839
174.884
186.784
222.438
182.911
237.041
220.622
235.557
230.593
226.137
252.277
238.526
250.761
218.91
209.068
273.487
181.346
282.504
214.693
257.732
218.646
208.755
261.487
218.173
266.525
276.747
262.341
190.839
235.359
266.709
285.755
249.368
228.163
257.904
210.414
230.448
272.209
220.61
224.58
213.491
266.37
238.643
233.541
235.904
183.259
212.936
269.539
226.922
183.516
281.514
268.031
252.443
198.907
231.217
203.387
194.416
222.257
226.352
218.544
207.051
228.19
272.651
216.811
254.197
285.047
191.685
262.93
221.283
217.992
278.539
256.123
274.746
266.263
214.119
211.024
229.24
213.181
203.503
265.73
269.675
256.139
209.047
225.444
212.517
243.344
257.612
232.576
249.546
234.142
228.131
244.218
182.171
230.963
195.487
228.09
231.354
266.539
212.776
246.331
270.145
244.446
252.62
229.696
212.728
234.857
270.036
219.234
192.828
239.631
235.884
214.866
179.18
261.013
191.004
223.507
228.2
206.791
177.256
257.062
173.892
225.697
242.05
197.293
254.701
186.994
274.791
94.3278
162.784
113.766
95.661
100.618
105.795
119.769
61.4028
161.759
130.736
155.367
107.561
127.302
143.834
153.756
68.8109
69.3647
172.691
119.341
92.8952
114.895
85.3776
69.6701
140.328
140.148
146.628
124.315
108.061
121.932
95.6223
68.2613
59.9722
129.066
109.129
150.321
127.254
90.9306
79.5031
76.7241
76.4864
97.2985
58.8167
167.883
121.813
81.701
166.627
77.8557
124.68
75.9745
116.076
84.7422
63.9065
92.4314
91.169
92.0859
119.709
74.2665
114.286
110.723
65.9054
159.326
131
99.2739
72.833
87.6436
104.14
107.13
111.49
139.234
102.499
93.798
103.231
117.612
85.8571
128.237
86.8084
58.4662
76.2226
113.062
141.267
126.867
68.9359
80.8265
145.551
126.079
149.179
126.74
111.124
90.0022
85.8495
123.314
148.613
61.0685
136.939
83.7675
156.682
106.06
170.953
99.2258
70.8226
163.192
134.23
85.2844
78.3609
93.7381
90.4073
129.991
105.662
101.364
100.686
69.2247
62.2499
81.9003
147.107
136.589
99.2416
66.5178
116.544
108.267
74.2179
94.0486
167.526
147.063
116.987
69.7652
99.398
67.2433
119.209
156.96
99.2128
70.1167
68.0405
102.467
116.967
86.7595
82.8737
61.748
95.8775
98.919
108.042
81.4878
138.978
96.0136
139.466
58.0013
86.7215
64.6154
137.708
102.829
92.1586
126.435
101.298
119.965
130.528
98.955
116.447
70.9763
113.385
101.543
156.472
92.0978
86.1362
126.865
150.206
100.862
91.2475
147.396
117.858
114.368
104.744
93.6573
115.437
106.781
129.781
119.445
106.867
103.705
90.5845
70.5242
108.91
114.909
58.1315
99.0461
145.52
113.648
73.1317
137.995
134.699
142.129
146.885
163.926
105.462
66.0914
134.682
69.3488
165.651
137.27
82.7836
146.243
85.3155
129.352
216.1
168.904
198.621
138.957
227.507
197.984
185.042
146.071
157.899
183.195
187.463
168.963
153.541
181.128
141.57
199.548
181.235
207.934
134.236
172.124
193.457
122.114
129.385
122.402
162.524
228.191
164.09
123.647
212.393
211.62
115.951
160.381
151.222
224.555
161.428
219.489
183.387
116.408
226.182
152.821
159.8
168.545
175.553
167.759
155.654
201.604
152.485
223.222
146.147
157.191
134.605
163.302
140.807
137.82
167.256
178.788
158.494
125.618
179.399
161.397
208.171
180.512
120.866
158.612
189.759
175.025
227.497
156.236
129.204
158.045
198.069
215.978
135.934
173.457
226.649
167.576
137.61
154.535
166.498
198.781
142.671
177.297
178.77
142.258
177.911
226.307
197.65
149.757
215.302
186.425
152.746
167.615
197.262
137.476
132.89
137.572
136.778
123.392
147.411
170.477
208.933
120.616
179.027
157.903
157.389
123.072
215.633
139.148
191.547
203.813
140.887
185.465
141.633
189.094
139.71
164.274
117.811
202.373
154.151
230.016
203.636
190.87
123.919
169.587
158.636
192.921
221.757
175.675
193.873
182.767
180.291
199.91
183.949
154.343
170.656
219.553
119.475
225.204
159.334
147.191
194.504
167.472
165.309
218.032
136.152
160.595
225.936
123.42
137.824
192.412
169.656
165.524
131.404
179.147
163.235
148.769
133.293
184.895
210.587
215.873
219.206
138.699
177.025
213.647
167.421
199.729
189.974
152.13
140.474
147.996
217.049
118.993
165.775
180.661
226.545
136.134
156.47
196.544
144.263
164.828
148.162
214.794
221.494
224.08
149.927
222.289
154.113
163.419
144.234
216.563
201.29
197.944
140.433
123.871
190.277
192.785
128.664
219.339
164.43
390.107
380.938
446.692
370.548
439.777
378.965
408.208
389.069
404.824
390.804
409.494
407.264
403.187
412.534
373.526
408.337
421.022
381.831
370.671
414.789
457.079
456.595
441.584
391.591
427.069
396.835
362.336
367.169
393.42
352.068
424.047
445.36
414.797
390.451
430.499
404.962
399.882
420.763
451.434
413.833
398.24
417.021
380.524
449.732
418.649
383.541
448.654
440.304
443.896
407.254
442.331
414.363
456.791
432.008
396.12
452.358
395.731
409.567
423.194
455.091
404.713
444.224
354.43
443.659
426.44
391.237
440.12
384.165
425.308
373.349
435.011
428.727
378.901
404.625
357.579
460.429
430.19
443.396
406.678
428.22
400.696
442.85
425.165
436.985
399.553
420.725
418.247
403.586
351.091
434.948
434.907
378.502
358.646
442.067
395.593
373.621
444.336
416.369
400.741
387.636
421.618
396.409
422.24
382.617
397.652
423.901
426.656
419.424
381.328
360.344
392.006
414.506
378.602
381.16
415.639
458.239
433.936
399.915
396.587
449.846
408.636
441.029
455.899
410.281
386.021
434.987
424.286
413.67
366.672
354.741
432.318
442.547
398.068
450.019
406.526
371.414
445.46
383.729
383.51
430.789
361.135
442.57
449.934
434.165
451.981
401.299
354.828
393.279
385.932
422.745
359.88
415.598
455.548
397.201
401.531
418.942
388.028
407.452
376.215
433.243
431.798
373.973
388.864
430.304
442.464
419.119
410.32
441.774
447.617
411.035
409.268
376.756
439.173
392.173
401.832
437.37
416.855
457.02
419.32
419.538
415.707
441.078
417.678
437.489
432.82
444.766
372.11
376.309
404.367
372.493
375.068
445.622
392.246
348.535
389.256
399.72
438.161
371.402
440.556
394.265
248.615
301.461
310.325
241.868
283.119
246.476
300.139
274.02
253.012
333.528
301.676
319.497
333.714
288.059
326.726
295.114
298.693
278.457
262.921
291.455
321.969
263.132
306.022
246.367
292.95
248.066
342.705
301.068
267.245
243.262
280.201
301.414
287.581
250.082
308.119
328.127
245.605
292.967
345.807
241.206
327.678
288.374
302.908
234.132
258.513
311.752
260.464
327.046
246.774
326.372
275.642
281.034
304.043
243.708
266.278
287.382
345.68
231.756
304.817
260.033
317.727
236.444
267.392
271.322
243.076
239.295
244.919
308.026
277.809
304.996
245.92
299.913
234.571
285.049
288.424
239.363
282.165
317.686
248.174
286.161
344.221
296.767
294.846
336.332
250.122
250.209
303.301
258.117
262.59
312.439
315.212
298.864
295.65
301.839
270.28
286.343
274.358
244.847
343.797
275.658
272.639
298.141
256.188
251.204
265.176
300.969
291.999
319.668
306.852
271.949
293.256
271.953
316.531
308.052
277.696
305.681
343.06
259.622
328.531
293.449
325.446
305.607
269.818
322.136
255.719
284.574
289.22
256.075
275.154
339.353
314.021
324.33
271.296
273.502
294.038
270.333
307.854
315.421
293.944
262.333
231.861
254.989
307.815
278.289
292.671
290.545
287.3
322.25
265.321
306.727
243.987
303.392
294.253
264.147
293.233
275.583
280.093
302.964
277.44
304.064
287.423
311.292
259.04
296.175
253.857
302.992
246.536
322.024
282.42
284.357
285.269
274.668
285.58
285.94
320.898
233.996
296.896
289.45
302.993
262.105
315.011
294.442
256.89
238.419
282.475
291.44
295.167
283.917
276.76
290.347
295.245
283.969
247.949
261.958
283.551
267.49
328.418
308.684
258.878
297.368
349.912
305.158
346.503
302.699
352.708
342.606
317.169
367.786
313.065
306.991
389.708
393.583
345.053
398.021
332.286
322.87
387.836
316.838
316.421
368.212
396.005
319.979
335.938
309.343
329.319
375.522
359.733
336.846
333.001
362.906
304.124
370.496
346.752
308.953
390.628
329.949
364.098
366.637
397.486
396.53
306.427
322.205
393.295
362.97
290.005
389.15
349.646
401.137
323.84
301.115
334.486
308.363
392.837
300.024
361.917
375.837
375.522
372.414
371.875
302.469
306.567
297.375
371.028
348.102
319.137
356.647
345.635
341.554
341.158
299.913
288.824
290.751
328.597
394.494
394.168
290.24
352.665
398.98
385.921
334.242
310.809
306.978
399.146
289.947
397.199
328.113
398.279
352.801
362.779
293.871
314.536
374.727
307.69
376.097
310.517
380.6
396.051
295.268
312.597
340.932
347.064
378.644
316.747
357.566
315.719
348.398
340.76
349.414
357.175
382.664
382.287
346.02
394.8
359.695
309.478
342.025
325.985
335.916
370.525
331.022
341.024
383.688
298.284
326.109
367.812
355.347
393.269
299.659
339.225
327.894
370.577
340.678
335.331
396.104
396.953
383.189
381.947
373.206
313.322
292.03
396.446
338.377
368.606
396.402
300.423
399.218
392.561
346.22
298.506
294.522
336.176
302.412
333.988
373.067
400.684
369.297
337.201
345.87
317.758
331.642
302.45
292.751
379.778
392.27
402.645
298.403
371.274
383.485
403.144
323.689
373.699
387.383
385.866
347.433
370.504
311.008
381.107
382.13
300.863
387.796
318.585
379.09
293.917
386.748
379.806
356.673
329.199
333.213
348.245
328.006
357.872
371.304
319.82
402.515
375.333
309.991
323.866
394.658
351.869
397.89
220.838
185.905
233.563
201.825
188.462
196.483
236.938
238.869
218.798
225.452
173.468
200.072
203.866
223.321
233.687
251.739
277.466
178.836
234.024
192.361
211.8
286.35
276.198
244.763
212.328
271.918
229.423
261.215
204.235
196.098
207.658
204.82
231.288
230.152
269.788
275.036
238.679
282.259
213.672
235.392
219.651
215.085
233.81
246.765
255.36
207.788
256.333
250.391
248.681
194.679
239.944
175.853
280.16
221.801
228.77
259.039
207.969
248.715
222.404
255.442
253.052
246.28
263.466
277.35
178.121
272.109
247.591
246.311
205.514
257.402
252.099
230.776
220.291
252.544
263.286
187.975
252.953
252.742
233.506
257.844
269.616
225.893
198.603
273.754
236.556
230.259
268.012
251.691
248.065
263.994
231.212
262.335
221.886
230.881
233.214
208.592
220.495
213.708
261.053
280.653
236.806
191.148
190.154
281.488
264.315
188.898
214.408
239.541
213.143
266.583
211.344
267.519
209.733
203.483
242.537
238.123
231.045
232.826
281.464
265.198
175.82
215.619
213.246
215.279
261.736
220.55
264.207
236.944
183.882
229.838
235.603
277.079
265.604
259.52
263.077
274.275
200.132
210.708
209.851
212.461
243.909
229.747
275.596
260.961
286.498
232.393
229.567
234.674
228.75
245.538
221.903
267.99
284.993
215.457
233.589
242.452
230.43
207.96
287.574
234.204
234.821
280.567
177.144
183.749
281.481
230.483
271.819
205.311
207.222
247.806
287.782
273.548
201.29
233.985
263.67
179.987
271.676
264.639
218.828
268.246
203.291
227.826
285.168
217.685
262.511
265.73
244.009
181.454
185.232
210.879
269.364
224.986
231.091
283.709
278.695
255.084
232.952
276.301
230.548
206.52
108.307
92.3993
155.524
129.934
136.624
112.785
118.742
108.559
167.12
112.027
127.412
108.921
100.094
120.401
109.481
76.2744
128.392
141.397
126.78
103.653
93.0204
82.0071
73.7392
145.173
108.212
59.0704
66.6814
80.5122
102.213
124.86
111.576
77.7772
85.7343
124.186
104.952
68.9533
133.169
151.014
138.053
125.679
115.421
90.2379
68.0349
77.4472
118.118
78.6209
77.4809
146.166
173.176
153.542
110.34
159.691
87.9388
150.447
171.845
127.561
113.61
146.696
133.429
136.79
114.349
134.297
90.9398
79.156
76.1444
58.1502
104.51
111.859
118.827
140.943
72.0358
105.497
63.012
121.622
150.141
129.457
161.785
125.321
133.45
138.987
123.549
123.795
149.337
100.684
99.987
114.466
108.969
139.319
125.417
126.525
99.8404
83.2834
57.9947
143.661
108.776
122.201
100.9
114.705
104.559
125.4
90.0827
96.4637
121.263
94.7927
170.758
150.528
156.789
151.797
88.4877
104.634
98.1066
76.1417
88.0981
116.804
124.143
113.463
137.197
159.545
131.472
110.616
149.268
58.3296
59.1465
89.8455
91.5182
120.871
133.39
108.555
119.147
135.128
115.561
65.9582
112.628
85.9263
61.1174
58.0402
75.1116
128.483
151.96
128.066
106.681
130.921
61.9309
84.1113
111.001
108.745
86.6652
93.3957
140.95
79.3662
90.8275
130.476
113.488
92.3815
91.3431
93.9797
66.5359
76.2279
119.384
76.8349
61.1923
101.599
113.729
87.6331
108.701
126.224
138.025
129.453
126.4
171.232
95.3902
114.254
126.423
88.7536
97.8484
134.647
147.782
100.243
120.424
99.2422
91.2904
132.663
133.622
88.4014
91.8993
120.707
154.387
134.322
129.883
69.7785
77.5824
74.059
124.263
137.431
139.452
94.6481
146.795
134.12
105.072
85.8337
225.833
125.668
148.057
150.632
230.187
211.522
205.469
222.69
169.13
128.185
147.495
127.153
202.229
181.134
156.843
202.933
160.178
172.23
177.779
159.168
184.857
131.371
195.796
228.406
178.041
193.552
142.128
144.642
151.603
123.741
151.803
149.387
127.844
170.697
199.408
163.335
227.492
215.102
208.407
217.871
199.817
122.887
184.694
191.084
217.328
160.587
129.383
146.982
178.633
140.697
151.678
138.748
212.157
117.952
211.821
156.464
201.114
195.99
162.387
147.971
156.449
119.03
157.166
205.038
188.399
220.05
168.446
206.467
171.901
136.574
164.713
142.1
144.294
217.812
187.965
174.079
137.059
148.891
166.874
172.898
152.862
125.123
192.168
206.653
145.007
132.917
165.715
217.965
175.08
203.751
116.549
217.2
207.838
150.741
216.427
225.736
134.912
160.245
163.843
187.974
145.885
189.113
224.35
206.673
175.065
137.183
146.705
120.252
123.167
118.959
181.638
153.864
179.687
125.294
202.225
137.95
184.451
139.354
163.196
156.097
150.221
209.504
144.493
190.596
131.619
163.652
184.239
159.362
188.58
200.226
176.407
195.347
137.469
154.259
156.061
144.064
172.001
149.751
182.929
138.307
214.601
171.315
189.609
226.627
224.483
210.796
177.318
215.949
213.323
186.904
198.865
121.117
182.779
192.588
211.683
166.067
198.206
156.442
166.134
216.219
185.263
215.288
188.28
152.98
213.428
207.957
194.014
197.274
149.311
218.46
146.576
203.011
150.07
141.414
135.248
132.83
164.614
197.176
173.531
119.508
199.424
160.79
122.635
132.609
208.08
188.175
190.814
175.782
221.049
134.71
141.7
133.131
215.86
145.853
127.421
177.715
201.753
220.243
211.511
165.663
64.3877
54.8524
66.7445
74.3299
81.3583
111.085
97.231
4.63963
61.5239
39.1006
80.9196
92.6262
42.7431
71.3232
45.837
40.7885
89.8238
37.9386
32.3493
34.951
81.0264
62.2901
42.4257
69.1839
44.2386
71.6822
82.5753
39.6088
37.4288
69.6625
79.541
92.0249
82.4758
53.8065
99.244
4.41765
48.9668
65.4969
5.83989
63.0207
69.1551
63.8186
34.745
52.5225
110.955
98.0493
62.6238
57.0733
37.0296
107.76
94.0691
20.0484
55.6057
105.29
106.591
83.0744
89.1353
102.805
91.9005
88.5051
87.1253
55.1997
1.81053
26.6867
71.1266
100.815
35.6518
67.1232
114.277
69.165
37.3183
49.6791
89.4187
7.10623
91.0742
97.1192
83.7426
64.2645
78.6957
27.8401
78.4655
50.4112
14.4885
25.6874
32.8593
96.2375
84.6273
57.0729
41.4402
38.4245
77.0741
52.9373
58.9529
91.5015
51.9244
64.869
87.1345
58.2543
76.4077
42.8453
97.9426
64.9564
8.98648
45.2087
41.3688
83.9612
65.6947
25.5613
44.0256
106.542
86.0026
62.2794
74.2193
4.31902
99.1657
111.855
32.0658
55.1763
18.9773
84.1895
57.3298
93.3232
63.2078
50.96
98.203
50.7267
77.845
57.8974
43.1266
59.4563
30.4484
55.8202
74.6966
50.566
61.2838
65.1441
65.1131
43.6228
9.33424
49.8969
94.3778
24.5388
43.3094
101.428
82.9512
48.9202
106.275
49.9533
109.998
58.6315
90.7036
22.9345
53.9736
47.7505
33.3261
48.215
97.0479
75.4562
93.2436
67.4533
98.8619
110.459
47.6723
33.9311
49.2502
57.3103
33.8549
98.5731
42.4227
66.0488
37.888
24.162
41.5757
75.1782
81.8471
46.8148
73.9183
8.50666
44.653
60.0967
55.6559
106.607
42.917
74.1272
30.4596
29.6591
19.3965
87.0839
60.5978
28.7413
51.8031
79.273
36.9486
26.378
9.9613
31.0399
16.6177
65.3349
73.6851
106.706
-31.8117
-71.6969
-45.281
-78.1569
-8.58723
-75.1721
-44.878
-112.225
-22.7108
-33.4441
-46.6883
-22.3282
-107.146
-76.1398
-47.8264
-73.7026
-63.1664
-77.0139
-89.6559
-61.196
-49.6434
-108.292
-41.4538
-21.2309
-20.2359
-53.0351
-34.7926
-60.2301
-108.209
-112.1
-98.6997
-107.734
-103.961
-69.6032
-54.1962
-79.5681
-94.3535
-47.7081
-76.0164
-64.8409
-10.4319
-112.966
-30.1074
-1.2146
-26.2897
-24.0127
-54.4679
-15.7659
-50.2642
-74.7921
-89.127
-109.743
-39.9525
-57.4033
-45.1636
-65.4813
-41.4388
-110.512
-61.0888
-20.0813
-54.1322
-65.7894
-9.61256
-90.5302
-55.9779
-43.7158
-32.5795
-54.0246
-70.1938
-77.4222
-89.7494
-67.2746
-29.8231
-15.5279
-19.9072
-76.3547
-34.9094
-86.2884
-33.7268
-109.641
-70.055
-109.12
-60.6767
-40.3155
-92.4876
-33.7512
-3.63838
-64.9033
-57.7491
-72.5464
-105.902
-49.059
-60.6192
-32.9613
-109.877
-39.2808
-47.6778
-53.4953
-110.812
-29.3355
-82.889
-38.0155
-38.4304
-96.376
-47.2451
-57.7783
-104.913
-63.0986
-76.3808
-62.2622
-79.2276
-43.2136
-66.8491
-34.7342
-86.1595
-60.5896
-50.2987
-55.9021
-31.2181
-113.568
-47.2256
-21.1444
-40.5077
-88.6311
-92.8841
-47.4443
-86.1112
-88.5489
-52.0381
-55.258
-58.6176
-83.615
-52.0609
-59.5254
-79.4764
-98.5556
-48.773
-60.6609
-98.1536
-64.1581
-11.3454
-61.3134
-11.2342
-91.1816
-40.0673
-52.2688
-70.2716
-114.978
-62.5896
-59.464
-2.82072
-76.9116
-61.1935
-53.1128
-93.4151
-50.4194
-93.8694
-58.2222
-103.21
-57.165
-72.0654
-92.4252
-95.9231
-70.8148
-46.1565
-84.0976
-34.6343
-45.8086
-51.6791
-50.4512
-52.6418
-39.3298
-65.4019
-107.051
-33.7872
-54.9484
-101.565
-37.7345
-104.733
-89.5635
-19.5907
-56.1395
-59.6214
-30.2093
-45.558
-73.8711
-9.36317
-92.5631
-98.2123
-60.8613
-87.8316
-54.0713
-76.5761
-20.3428
-94.3715
-33.8442
-72.6709
-27.4522
-60.4227
-56.5241
-51.053
40.2157
-18.8872
37.7663
54.9336
-42.0395
52.5843
17.0486
48.4323
48.775
-35.2825
-11.8582
10.3595
46.1499
54.4636
13.2738
-54.595
24.2512
-14.0277
10.0077
-49.6937
52.8948
19.5295
-17.4197
-30.1197
20.1924
-17.1393
8.92405
25.2201
42.3226
-9.83666
28.7397
19.6088
-36.7042
-46.8821
-28.86
30.0707
-7.37263
-51.3366
52.5936
13.965
-7.90075
45.0951
-12.7276
-22.5307
-17.7021
26.1989
36.9504
-12.3126
44.8394
13.2913
-7.59736
40.0576
-29.3033
43.6903
-27.3996
-55.4059
57.7102
36.6453
47.6959
-6.89236
-11.9916
-4.28995
-2.19201
-31.2488
34.107
27.8694
42.7288
21.2497
18.219
-52.2974
23.8122
26.3206
-42.1811
1.39152
-22.7383
-3.55004
-49.7536
-10.0025
4.55366
-16.6161
-39.6528
44.9302
-14.0084
38.1655
-5.63181
-36.861
51.7394
-8.8402
6.42442
25.5251
26.8704
45.5732
-12.5829
51.9659
-56.7454
-52.1524
-1.80881
10.1471
-52.7169
45.6856
-38.519
0.0264046
54.6071
13.4537
-1.12678
7.81409
41.9012
-48.516
27.8615
-24.6971
2.20279
-18.6105
-34.6755
-21.5878
-51.8222
-38.2299
12.7737
40.8993
18.302
-44.8378
-3.48609
-2.54103
-7.74789
44.7363
-53.1112
-6.24766
-0.847656
25.0368
39.1893
56.5712
8.8045
44.7844
-25.6579
-9.19319
23.3899
-27.7156
40.5555
-35.8186
49.7861
-35.8011
-47.9591
51.2331
-14.8908
-2.96439
-39.2081
-17.7928
10.762
11.8673
14.9893
3.54383
-25.807
-16.3538
-36.9491
15.6266
45.688
50.5933
-23.8037
-18.9771
-20.9783
31.848
38.3906
-39.1769
-5.45194
6.48911
28.2936
16.4792
19.7224
44.3071
8.48864
56.1036
7.69096
-38.7699
19.9503
42.7769
46.9084
25.8642
12.8978
16.2626
-45.6595
34.9474
43.1864
42.4872
-49.8328
-19.6989
-41.2392
52.0933
9.4046
-34.3332
12.5992
29.2793
46.2778
-13.1147
3.42902
43.5862
-38.8224
21.1202
42.122
-51.4787
4.97678
-144.369
-122.709
-133.058
-160.503
-65.4639
-75.05
-102.844
-83.1277
-128.71
-72.0846
-149.298
-155.178
-108.614
-126.715
-124.189
-161.785
-100.043
-93.2405
-97.5542
-127.99
-104.497
-84.6787
-155.163
-103.188
-158.026
-64.4781
-79.4916
-73.896
-127.333
-62.2392
-98.212
-138.108
-108.235
-110.933
-105.486
-74.9922
-62.5096
-137.098
-82.0417
-164.782
-113.798
-79.2404
-124.655
-159.911
-147.529
-80.2435
-111.968
-65.3392
-158.667
-126.9
-133.1
-115.044
-61.8259
-123.861
-134.08
-92.1228
-150.494
-133.471
-141.25
-132.734
-67.0706
-91.6241
-100.362
-90.3054
-82.739
-74.502
-155.928
-116.685
-94.7136
-129.815
-127.794
-129.844
-99.6095
-153.096
-102.209
-129.584
-127.974
-129.789
-103.023
-151.122
-121.613
-95.4957
-142.557
-86.6846
-138.177
-115.257
-126.68
-121.662
-77.7423
-131.002
-128.787
-70.9996
-110.862
-163.086
-140.379
-126.372
-112.728
-67.5813
-126.994
-136.863
-83.6072
-130.026
-60.9308
-109.782
-89.9475
-70.6981
-66.0899
-93.1224
-127.988
-88.5422
-114.128
-90.3771
-159.777
-141.631
-80.8053
-73.5497
-94.6943
-110.164
-71.8307
-133.47
-154.648
-85.6484
-112.248
-94.2804
-70.0638
-102.786
-61.0091
-72.8952
-94.0362
-92.7798
-96.8251
-82.7381
-75.7348
-140.202
-136.598
-114.24
-98.0473
-90.9021
-132.742
-122.152
-145.123
-126.288
-101.499
-100.999
-63.3423
-110.898
-92.8778
-109.228
-93.9835
-90.8336
-103.789
-94.0406
-90.3039
-157.575
-107.866
-88.0074
-80.612
-170.941
-75.5666
-152.984
-107.166
-112.703
-101.91
-123.559
-80.868
-72.7718
-100.654
-118.732
-74.4017
-164.668
-80.1931
-140.803
-138.978
-130.005
-116.729
-87.4042
-63.5197
-111.226
-118.587
-101.427
-76.2166
-100.815
-111.434
-78.0896
-153.569
-137.127
-69.1501
-75.5171
-71.6477
-105.475
-100.045
-85.406
-141.581
-158.411
-68.0607
-108.755
-142.486
-125.992
-145.29
-145.981
-283.423
-228.243
-213.176
-208.244
-212.559
-179.978
-257.541
-217.248
-248.858
-243.234
-253.988
-266.886
-230.162
-207.67
-278.887
-202.505
-246.059
-277.473
-242.372
-226.246
-192.72
-228.412
-201.192
-229.102
-287.818
-241.808
-282.917
-218.766
-208.435
-278.868
-188.708
-252.767
-231.246
-225.352
-215.026
-186.299
-245.822
-250.415
-253.306
-267.429
-221.918
-243.341
-250.134
-275.575
-214.153
-234.193
-276.973
-245.171
-269.257
-217.827
-281.561
-192.772
-247.486
-237.886
-261.041
-254.564
-212.721
-194.446
-178.394
-227.771
-192.737
-187.808
-242.474
-189.382
-225.689
-269.454
-192.874
-230.463
-199.822
-201.726
-217.123
-199.006
-261.729
-234.512
-263.837
-207.467
-240.226
-241.474
-186.513
-239.611
-209.764
-271.892
-254.62
-277.546
-198.828
-220.838
-237.283
-174.242
-234.198
-268.398
-239.073
-262.273
-233.913
-278.527
-256.186
-212.387
-285.871
-251.319
-198.772
-232.019
-256.441
-252.412
-237.529
-221.674
-221.497
-242.142
-244.821
-184.813
-187.385
-240.916
-201.782
-210.041
-251.21
-264.561
-213.943
-280.542
-267.786
-218.074
-272.651
-261.001
-269.343
-277.919
-232.409
-173.649
-236.587
-216.506
-216.35
-254.095
-237.781
-251.024
-222.408
-256.184
-211.685
-203.254
-237.391
-258.001
-196.675
-282.464
-219.836
-258.115
-194.93
-238.051
-222.14
-179.505
-219.23
-230.048
-268.808
-287.916
-202.375
-284.639
-273.447
-234.574
-191.05
-260.549
-225.914
-271.241
-232.176
-260.42
-205.556
-286.147
-268.365
-247.402
-210.639
-247.84
-253.035
-232.022
-232.4
-250.594
-225.564
-178.492
-263.739
-239.733
-197.769
-276.287
-247.319
-267.127
-209.946
-228.731
-208.286
-237.949
-250.891
-202.747
-274.507
-211.862
-268.74
-288.291
-227.449
-258.122
-218.541
-182.15
-214.697
-210.731
-221.751
-240.047
-260.869
-238.192
-225.352
-236.673
-235.295
-221.032
-199.62
-225.392
-164.855
-223.653
-175.459
-158.806
-173.284
-164.863
-118.795
-177.229
-143.854
-189.499
-147.441
-172.094
-171.324
-156.684
-163.109
-178.59
-140.083
-173.888
-147.312
-140.096
-118.453
-148.084
-127.405
-131.067
-117.054
-153.926
-222.715
-141.876
-127.535
-204.714
-187.739
-130.323
-196.502
-133.615
-181.997
-184.513
-132.993
-207.598
-138.295
-176.402
-196.549
-223.175
-169.849
-160.832
-133.338
-126.379
-143.26
-188.967
-151.421
-216.944
-140.7
-199.248
-229.837
-207.343
-193.322
-124.605
-150.769
-144.027
-126.313
-171.157
-208.764
-189.998
-224.999
-135.346
-203.169
-133.903
-221.058
-167.335
-220.095
-198.183
-153.859
-205.959
-143.713
-146.269
-174.112
-212.987
-135.434
-196.457
-178.669
-176.558
-168.107
-160.445
-198.368
-221.356
-156.329
-161.159
-210.78
-190.885
-174.37
-160.774
-191.871
-182.379
-192.162
-199.832
-180.321
-213.366
-128.131
-167.436
-208.843
-120.91
-181.069
-178.823
-220.313
-219.628
-141.271
-202.911
-127.902
-195.734
-185.39
-129.505
-121.78
-149.543
-171.06
-173.246
-220.81
-151.255
-178.754
-160.38
-147.955
-140.836
-139.296
-146.337
-175.935
-201.69
-197.766
-225.347
-141.299
-151.714
-194.977
-155.752
-183.803
-190.791
-160.699
-209.006
-153.483
-188.564
-117.534
-199.86
-230.728
-213.173
-201.092
-175.156
-142.281
-158.963
-216.946
-168.041
-192.079
-148.336
-174.375
-212.532
-117.391
-155.133
-217.401
-155.589
-225.015
-121.232
-171.116
-138.525
-117.534
-212.464
-229.905
-198.541
-183.348
-219.568
-124.68
-128.125
-176.621
-146.105
-206.547
-171.548
-185.78
-131.311
-188.909
-148.948
-203.576
-161.707
-180.463
-203.075
-197.283
-188.263
-201.916
-215.611
-148.289
-194.196
-212.919
-219.605
-144.747
-216.791
-123.206
-117.146
-126.951
-127.702
-192.269
-125.942
-173.656
-218.234
-207.384
-209.273
-343.583
-300.963
-266.222
-260.059
-287.162
-258.431
-297.923
-343.055
-300.257
-254.712
-294.341
-264.825
-271.252
-327.382
-318.669
-340.234
-287.192
-285.793
-277.951
-260.257
-276.159
-288.973
-272.908
-304.588
-331.265
-316.4
-247.634
-247.817
-263.775
-296.823
-328.629
-317.614
-316.678
-269.985
-274.089
-278.816
-251.976
-235.596
-238.397
-239.904
-266.409
-258.611
-278.377
-293.86
-255.615
-326.48
-291.32
-272.627
-239.405
-298.607
-240.71
-304.39
-270.334
-294.719
-331.363
-234.14
-330.007
-329.967
-236.678
-280.18
-294.408
-248.08
-306.511
-293.683
-264.621
-252.919
-281.837
-303.288
-276.678
-336.305
-248.178
-297.301
-308.592
-255.444
-249.387
-274.985
-263.767
-259.567
-285.877
-306.219
-320.729
-318.808
-305.301
-272.299
-304.961
-324.947
-327.543
-231.468
-268.361
-281.587
-236.432
-334.525
-282.54
-317.533
-319.784
-318.401
-240.497
-264.996
-244.219
-335.159
-305.496
-240.644
-297.168
-245.077
-259.826
-245.979
-285.316
-242.36
-299.08
-248.479
-319.699
-301.773
-341.548
-345.429
-289.647
-236.792
-245.611
-282.572
-302.001
-265.723
-303.346
-288.33
-249.95
-316.226
-302.631
-263.442
-231.517
-291.126
-256.213
-251.073
-268.923
-277.081
-316.771
-327.714
-331.681
-282.833
-319.133
-256.314
-310.777
-334.27
-290.73
-265.228
-271.819
-249.647
-310.875
-303.451
-239.031
-270.679
-271.777
-296.663
-285.053
-281.769
-331.344
-300.355
-247.921
-308.137
-286.808
-293.445
-289.77
-252.492
-263.304
-282.013
-281.162
-270.965
-235.191
-255.612
-295.652
-284.033
-265.122
-285.68
-335.351
-263.062
-318.422
-263.68
-240.664
-280.748
-302.237
-329.969
-305.699
-274.629
-325.628
-290.327
-289.298
-320.202
-337.323
-334.366
-259.037
-258.546
-299.556
-335.694
-261.375
-249.203
-283.887
-298.058
-256.238
-298.931
-265.106
-312.067
-232.23
-270.195
-424.79
-402.908
-400.28
-387.986
-418.484
-389.438
-346.459
-392.534
-461.875
-348.855
-423.437
-400.128
-425.809
-402.436
-397.057
-438.062
-447.817
-373.735
-441.273
-408.991
-374.319
-418.422
-424.288
-451.637
-418.633
-456.219
-402.564
-380.456
-384.111
-434.919
-444.402
-416.122
-458.094
-387.452
-447.845
-404.918
-363.893
-406.964
-450.621
-423.792
-437.144
-389.354
-397.392
-393.294
-393.165
-367.841
-419.67
-399.697
-376.093
-357.353
-398.466
-424.534
-440.738
-411.655
-437.853
-382.46
-418.808
-400.27
-401.284
-450.357
-389.78
-374.407
-423.269
-426.291
-404.59
-403.711
-352.804
-406.3
-367.814
-395.66
-379.851
-402.731
-449.475
-400.155
-382.233
-455.956
-400.283
-399.146
-395.878
-379.891
-456.259
-427.411
-456.492
-379.566
-422.38
-386.886
-382.232
-413.738
-436.424
-420.2
-409.401
-447.811
-373.472
-406.731
-442.791
-377.32
-396.444
-390.136
-412.159
-429.24
-386.391
-409.66
-454.517
-408.086
-381.532
-439.315
-432.848
-421.245
-363.111
-383.498
-417.493
-407.892
-460.053
-402.695
-439.268
-418.171
-398.615
-428.651
-434.025
-371.437
-381.548
-363.659
-421.23
-439.99
-442.412
-374.421
-428.319
-459.573
-373.268
-355.299
-443.557
-457.396
-374.19
-412.001
-392.869
-356.008
-460.001
-404.402
-437.691
-428.94
-385.425
-387.692
-434.841
-454.694
-400.578
-400.676
-398.448
-364.59
-373.457
-449.108
-439.857
-393.982
-454.18
-427.409
-459.104
-408.942
-414.502
-407.213
-446.478
-370.811
-381.25
-422.877
-442.794
-455.92
-360.097
-388.489
-438.158
-377.906
-440.388
-417.678
-384.326
-386.477
-445.199
-398.484
-427.871
-400.496
-434.553
-454.376
-397.124
-430.183
-460.64
-443.483
-452.432
-406.273
-456.453
-435.24
-426.939
-440.942
-405.216
-436.142
-460.905
-392.663
-355.468
-391.624
-396.554
-393.213
-415.635
-395.627
-454.802
-442.773
-289.309
-357.79
-300.722
-312.851
-391.105
-301.926
-356.915
-399.866
-299.125
-387.869
-402.847
-303.24
-354.898
-289.669
-369.626
-311.374
-293.846
-340.995
-302.423
-349.549
-359.774
-372.787
-351.09
-371.325
-355.992
-304.721
-366.288
-308.703
-337.522
-375.225
-353.649
-383.942
-311.458
-396.309
-318.314
-343.911
-369.519
-373.277
-342.457
-296.164
-315.388
-387.761
-320.214
-336.231
-330.395
-383.138
-338.089
-329.305
-315.721
-347.417
-349.142
-308.075
-330.005
-344.525
-336.682
-379.97
-318.483
-300.949
-346.787
-368.311
-389.65
-311.288
-394.725
-333.241
-290.011
-330.855
-364.276
-392.319
-353.621
-396.015
-349.382
-370.681
-390.046
-370.572
-315.204
-392.486
-318.897
-353.095
-311.862
-339.252
-372.767
-300.076
-298.631
-397.825
-313.836
-371.039
-335.786
-330.052
-380.1
-320.389
-374.828
-356.074
-372.331
-359.961
-365.891
-399.585
-375.322
-325.497
-309.582
-368.478
-294.109
-379.382
-348.792
-299.401
-297.991
-383.731
-395.121
-321.846
-374.82
-291.777
-307.637
-322.909
-341.238
-363.847
-373.092
-292.722
-347.641
-327.482
-371.345
-291.729
-316.695
-382.933
-359.204
-324.622
-354.637
-350.263
-364.686
-337.209
-391.147
-358.074
-342.488
-346.913
-311.826
-388.503
-307.864
-319.487
-383.438
-398.347
-383.701
-329.726
-331.352
-394.199
-341.481
-305.277
-290.715
-340.233
-293.062
-347.722
-338.071
-386.975
-333.372
-344.796
-365.725
-345.046
-339.022
-372.976
-372.64
-337.466
-295.182
-339.413
-349.141
-332.025
-398.651
-314.03
-392.831
-402.637
-302.488
-356.898
-400.796
-338.774
-397.28
-317.36
-345.298
-343.85
-320.538
-340.59
-367.123
-292.284
-400.372
-357.643
-308.309
-323.694
-363.902
-295.607
-359.66
-374.783
-351.07
-290.698
-388.849
-301.726
-333.41
-344.684
-328.766
-351.574
-307.253
-399.942
-326.664
-385.848
-379.13
-345.93
-251.772
-313.975
-278.524
-323.108
-242.303
-318.224
-295.691
-291.475
-255.211
-290.831
-308.759
-282.394
-315.421
-279.136
-270.383
-314.425
-297.66
-231.701
-233.746
-291.724
-268.487
-280.997
-306.115
-313.571
-246.336
-314.502
-315.052
-296.912
-272.921
-307.484
-328.629
-305.486
-233.37
-245.231
-262.216
-277.552
-257.181
-286.669
-298.361
-303.083
-240.669
-327.46
-262.084
-307.605
-238.97
-231.252
-310.812
-299.935
-269.175
-303.943
-337.253
-325.294
-284.273
-278.832
-298.457
-285.948
-238.85
-345.797
-246.044
-265.077
-275.913
-238.216
-295.364
-288.696
-294.207
-318.236
-297.052
-268.164
-293.81
-288.332
-294.208
-277.478
-305.015
-235.363
-286.384
-272.151
-277.093
-309.774
-280.385
-266.862
-298.333
-272.91
-288.967
-291.168
-289.05
-313.734
-298.181
-306.273
-259.554
-252.406
-253.635
-245.446
-244.643
-275.381
-269.599
-292.576
-319.546
-276.346
-268.626
-239.026
-289.099
-312.077
-266.274
-295.412
-261.386
-309.8
-289.407
-232.531
-256.628
-289.42
-244.855
-300.536
-267.92
-323.504
-318.739
-297.048
-268.464
-245.11
-342.208
-269.398
-255.424
-256.94
-295.486
-272.514
-275.463
-325.328
-296.565
-253.916
-311.051
-287.532
-305.952
-242.396
-315.274
-316.945
-293.1
-285.405
-274.243
-254.255
-279.226
-295.122
-265.155
-307.348
-298.019
-279.995
-249.088
-241.597
-263.285
-289.521
-316.762
-266.869
-297.231
-310.243
-318.913
-242.934
-339.469
-250.894
-241.023
-257.722
-341.145
-256.631
-264.657
-271.102
-283.35
-253.46
-274.344
-329.695
-295.104
-331.068
-252.058
-321.402
-257.854
-264.29
-254.614
-331.3
-234.8
-264.864
-271.072
-270.6
-304.536
-241.79
-323.756
-308.238
-277.341
-315.071
-292.459
-232.847
-310.909
-243.794
-256.935
-269.424
-296.718
-246.239
-338.545
-262.103
-233.117
-319.825
-265.854
-279.22
-261.734
-292.855
-420.87
-413.449
-405.365
-420.343
-430.225
-382.383
-426.721
-406.278
-425.244
-396.873
-362.852
-412.402
-413.621
-390.785
-393.924
-378.378
-397.288
-395.589
-409.334
-425.161
-380.071
-411.425
-393.053
-356.83
-407.84
-409.043
-416.82
-371.142
-418.013
-400.26
-361.986
-401.296
-436.308
-424.804
-353.124
-440.589
-415.625
-400.887
-415.68
-454.637
-387.188
-444.31
-367.364
-425.868
-435.007
-388.811
-440.022
-380.793
-445.542
-419.055
-441.838
-366.343
-426.846
-370.218
-452.821
-455.872
-402.597
-388.117
-392.725
-382.886
-418.271
-406.792
-453.207
-389.368
-385.284
-360.368
-401.581
-452.934
-447.799
-452.737
-443.03
-384.9
-431.603
-461.105
-388.703
-461.352
-383.765
-420.008
-395.753
-439.772
-400.95
-424.979
-382.865
-407.648
-434.927
-386.887
-386.686
-363.425
-421.109
-406.278
-398.359
-456.782
-379.953
-404.731
-427.834
-438.053
-422.96
-458.939
-429.148
-412.605
-403.413
-455.341
-407.003
-461.069
-382.857
-411.763
-425.021
-399.342
-395.411
-436.678
-442.425
-380.23
-382.215
-405.492
-410.369
-406.707
-405.923
-383.82
-428.672
-420.913
-400.037
-402.297
-394.35
-409.858
-400.794
-379.584
-408.002
-403.029
-388.042
-431.853
-348.328
-410.438
-412.708
-441.895
-387.128
-434.26
-452.056
-409.865
-417.601
-426.712
-408.864
-434.229
-446.973
-418.315
-403.013
-368.186
-401.312
-451.408
-446.295
-438.302
-353.982
-351.877
-396.731
-368.314
-442.807
-420.095
-395.577
-416.122
-411.514
-432.839
-397.835
-390.219
-429.907
-433.876
-355.057
-419.478
-374.879
-347.517
-422.64
-433.292
-431.441
-392.156
-430.022
-432.538
-405.779
-403.669
-427.693
-450.251
-423.803
-400.468
-383.865
-446.018
-426.535
-458.249
-446.02
-403.829
-446.706
-430.301
-454.062
-398.708
-361.537
-402.912
-370.047
-416.779
-427.472
-364.637
-453.4
-430.493
-365.674
-373.258
-315.939
-381.563
-358.79
-351.056
-366.058
-327.439
-394.763
-352.683
-345.332
-328.966
-384.17
-378.086
-396.411
-373.13
-364.584
-366.624
-395.515
-356.672
-335.305
-341.096
-359.671
-365.447
-327.828
-382.449
-366.37
-371.369
-336.56
-371.739
-330.938
-308.773
-303.717
-323.566
-397.152
-337.027
-351.534
-362.92
-292.376
-295.061
-337.726
-371.79
-299.191
-323.142
-344.436
-319.817
-372.391
-343.256
-369.485
-334.817
-362.107
-308.937
-353.932
-367.651
-330.742
-314.403
-389.14
-336.791
-366.441
-312.297
-361.87
-315.39
-386.69
-365.416
-383.418
-351.817
-346.955
-372.794
-343.936
-383.845
-387.465
-364.447
-378.318
-347.904
-312.602
-359.614
-384.271
-305.749
-303.402
-302.353
-331.616
-345.006
-371.924
-403.345
-396.854
-308.819
-321.949
-336.298
-290.465
-291.912
-318.585
-312.04
-377.482
-393.655
-397.331
-349.749
-372.61
-344.065
-351.257
-311.579
-399.245
-312.932
-382.412
-316.556
-368.512
-381
-341.466
-306.139
-356.913
-387.905
-355.656
-297.701
-312.579
-400.747
-360.514
-371.605
-354.049
-382.794
-305.23
-291.93
-319.559
-311.582
-336.971
-363.181
-392.937
-347.416
-323.346
-310.921
-367.514
-363.3
-401.516
-378.38
-296.71
-326.008
-324.158
-332.401
-388.401
-333.479
-390.977
-327.405
-311.596
-402.004
-305.116
-321.155
-326.591
-345.92
-341.296
-401.084
-298.318
-316.069
-320.436
-314.606
-358.158
-385.198
-310.894
-339.849
-297.208
-396.657
-353.394
-333.904
-367.304
-381.155
-384.04
-404.015
-337.72
-392.295
-297.298
-381.064
-381.292
-352.778
-305.947
-291.798
-340.905
-291.486
-398.668
-321.418
-400.313
-329.426
-358.082
-313.253
-306.297
-348.77
-314.105
-326.606
-371.038
-325.066
-355.798
-353.353
-316.033
-338.406
-345.263
-309.246
-383.566
-317.274
-335.908
-309.915
-336.007
-291.914
-360.259
-360.915
-327.411
-384.313
-299.243
-297.937
-315.569
-253.648
-257.249
-288.707
-296.991
-250.487
-302.89
-256.409
-284.359
-275.647
-284.018
-298.6
-293.845
-255.087
-303.312
-310.797
-255.95
-275.907
-250.845
-277.839
-242.127
-297.795
-266.5
-314.066
-301.244
-264.581
-264.273
-329.929
-301.695
-272.513
-260.885
-300.713
-300.31
-280.544
-267.39
-288.995
-291.768
-317.078
-336.955
-295.701
-275.212
-301.377
-328.017
-233.169
-316.888
-305.328
-297.477
-280.147
-237.98
-286.66
-327.577
-272.799
-273.097
-314.418
-314.56
-312.877
-345.343
-271.672
-284.051
-279.081
-257.251
-309.286
-287.897
-274.903
-295.707
-275.854
-277.033
-336.472
-280.525
-254.007
-272.622
-306.243
-263.819
-307.701
-236.253
-319.701
-279.324
-308.186
-329.314
-275.081
-328.436
-308.263
-254.433
-282.022
-268.203
-249.02
-295.74
-289.02
-281.688
-321.591
-244.044
-287.419
-288.72
-257.032
-284.178
-250.361
-251.615
-276.979
-261.783
-301.629
-256.357
-256.513
-341.535
-275.807
-266.895
-282.128
-292.138
-244.248
-256.344
-297.538
-274.116
-258.706
-260.556
-260.118
-304.516
-250.396
-340.825
-325.383
-263.378
-278.754
-320.016
-248.012
-284.154
-306.589
-286.358
-273.171
-287.809
-282.973
-299.076
-291.433
-249.207
-283.839
-300.89
-310.819
-239.288
-309.792
-241.383
-279.779
-266.602
-305.475
-285.417
-310.78
-272.068
-335.586
-309.536
-273.703
-260.917
-275.616
-303.918
-268.37
-319.708
-316.721
-266.363
-288.851
-254.129
-280.596
-306.998
-298.083
-304.053
-263.978
-270.94
-325.251
-302.976
-246.442
-286.65
-279.912
-271.532
-285.836
-295.124
-303.511
-316.529
-241.662
-291.697
-289.123
-310.455
-319.804
-290.67
-310.49
-307.17
-285.079
-285.123
-277.422
-269.969
-271.634
-232.034
-315.754
-302.841
-260.406
-267.11
-263.193
-307.166
-309.893
-264.401
-256.066
-281.263
-248.628
-280.208
-277.836
-440.03
-407.969
-400.151
-426.285
-446.747
-397.519
-391.924
-368.243
-404.405
-402.457
-384.843
-407.214
-389.119
-361.681
-422.586
-391.695
-451.299
-390.533
-418.123
-442.634
-447.513
-412.261
-461.161
-374.63
-381.863
-412.669
-457.995
-402.338
-400.252
-434.857
-379.606
-348.491
-397.302
-400.953
-388.55
-371.174
-395.776
-417.109
-405.233
-397.317
-413.765
-386.565
-408.559
-438.726
-412.54
-409.809
-390.659
-404.575
-451.301
-389.379
-397.024
-397.99
-425.131
-413.134
-420.915
-407.065
-453.655
-392.627
-406.196
-367.253
-384.173
-387.849
-425.061
-406.478
-387.728
-421.495
-429.367
-347.755
-407.207
-382.641
-403.945
-390.192
-356.455
-395.21
-390.01
-411.79
-437.547
-394.004
-407.086
-367.899
-425.074
-400.939
-388.877
-430.125
-371.53
-386.761
-430.682
-426.746
-407.434
-380.666
-452.268
-444.879
-396.642
-419.208
-444.939
-416.468
-437.57
-444.832
-437.204
-404.251
-390.996
-455.209
-387.208
-405.895
-399.281
-423.98
-349.829
-414.613
-363.616
-433.969
-357.97
-398.401
-428.655
-360.207
-388.544
-363.849
-401.113
-403.785
-395.129
-445.061
-422.075
-403.606
-384.845
-402.111
-385.462
-433.945
-374.363
-380.52
-410.532
-346.755
-381.029
-443.786
-438.518
-415.331
-347.347
-371.615
-431.359
-452.857
-457.026
-355.939
-402.908
-439.454
-414.699
-412.499
-413.368
-362.434
-382.173
-447.231
-356.569
-418.307
-415.033
-450.123
-413.854
-380.794
-429.978
-442.549
-412.197
-377.094
-413.735
-431.78
-417.498
-408.217
-457.427
-415.065
-369.163
-406.165
-398.076
-383.408
-439.188
-423.829
-423.942
-374.562
-410.108
-368.159
-415.246
-413.799
-383.32
-382.259
-419.486
-405.679
-416.916
-412.05
-399.219
-377.157
-439.092
-441.909
-395.548
-390.068
-412.572
-400.405
-396.133
-431.671
-400.81
-426.896
-454.706
-379.855
-388.552
-351.122
-428.035
-388.034
-381.637
-320.983
-311.283
-349.496
-328.499
-349.609
-322.612
-363.014
-303.365
-326.164
-327.178
-317.879
-356.262
-386.015
-361.716
-326.699
-377.505
-389.087
-374.999
-349.758
-296.45
-305.935
-360.939
-311.23
-348.099
-394.858
-349.304
-345.45
-363.525
-295.131
-337.94
-314.06
-325.008
-337.951
-328.351
-390.048
-341.447
-299.121
-376.34
-324.759
-355.752
-322.22
-313.234
-394.279
-293.71
-330.972
-363.494
-308.727
-327.84
-308.747
-302.873
-307.493
-393.12
-368.697
-400.584
-351.079
-402.039
-320.788
-344.052
-376.248
-331.141
-349.082
-361.966
-319.701
-312.024
-362.769
-369.624
-339.705
-351.573
-345.488
-306.768
-381.315
-332.267
-356.738
-349.891
-313.564
-395.973
-303.738
-382.329
-331.798
-323.247
-309.058
-373.041
-306.466
-333.811
-360.407
-393.964
-376.126
-334.241
-386.663
-360.466
-308.679
-319.952
-378.756
-291.187
-381.9
-401.115
-403.128
-352.579
-329.972
-377.102
-317.952
-346.447
-377.819
-332.275
-337.588
-312.182
-336.531
-321.512
-318.033
-399.87
-333.701
-364.294
-340.441
-349.472
-398.527
-315.722
-379.819
-384.474
-397.034
-355.758
-399.743
-355.105
-381.015
-319.675
-350.561
-378.737
-298.562
-312.753
-356.984
-336.222
-375.154
-370.199
-291.589
-352.474
-356.579
-328.267
-343.897
-335.584
-295.045
-403.934
-326.771
-294.263
-364.794
-341.809
-397.713
-334.489
-371.44
-390.227
-392.363
-323.994
-378.186
-326.075
-341.441
-392.651
-355.696
-400.753
-387.554
-326.23
-386.211
-343.574
-308.946
-349.01
-310.77
-349.789
-353.966
-380.179
-310.831
-312.338
-353.59
-366.97
-353.451
-331.503
-315.293
-319.112
-306.354
-349.493
-316.719
-313.661
-356.322
-389.708
-299.798
-302.869
-349.088
-317.661
-391.476
-311.315
-350.212
-291.406
-314.481
-366.161
-353.222
-375.742
-370.775
-289.8
-372.98
-386.735
-390.663
-343.072
-374.455
-100.16
-146.622
-67.2914
-146.334
-126.002
-120.922
-103.311
-59.9034
-105.805
-147.751
-79.4591
-111.457
-126.421
-122.389
-81.1268
-124.296
-118.269
-130.433
-105.932
-120.459
-92.0733
-89.9214
-140.237
-121.473
-109.533
-71.8101
-128.266
-142.233
-60.4589
-58.2508
-70.3748
-133.415
-79.2343
-61.0688
-95.4493
-110.526
-137.629
-84.2037
-127.487
-126.483
-98.0646
-112.217
-121.73
-119.612
-65.525
-134.144
-140.426
-132.607
-83.3597
-75.5851
-81.794
-100.343
-74.8703
-128.771
-61.1684
-150.246
-126.731
-96.124
-112.779
-63.6654
-117.968
-137.026
-65.9669
-103.97
-149.146
-111.573
-77.0741
-118.14
-71.6001
-92.895
-58.4674
-135.364
-159.606
-70.6071
-106.045
-108.826
-80.5428
-142.037
-102.662
-102.202
-100.941
-60.9459
-59.72
-69.6686
-94.9268
-83.3732
-159.245
-148.863
-89.5471
-159.412
-128.38
-129.037
-70.7963
-101.036
-64.0929
-114.646
-71.7324
-113.05
-126.996
-107.313
-125.574
-159.221
-110.598
-128.959
-109.599
-152.75
-131.592
-135.891
-106.828
-88.313
-130.434
-128.14
-106.462
-139.674
-64.2096
-112.483
-133.14
-141.205
-88.2145
-158.16
-100.107
-85.9496
-59.7486
-141.017
-118.727
-157.822
-90.9363
-109.865
-62.7148
-96.9148
-84.5647
-131.766
-80.9331
-66.3176
-73.5761
-117.265
-118.605
-65.6605
-127.771
-117.49
-96.8044
-65.794
-100.361
-124.261
-157.745
-77.3419
-137.976
-136.62
-134.084
-89.2053
-147.879
-121.072
-99.6861
-79.2457
-120.453
-146.174
-151.683
-70.0393
-116.669
-106.879
-160.502
-122.481
-135.159
-109.271
-60.1239
-128.798
-103.604
-154.61
-96.1629
-126.566
-109.079
-164.521
-95.9908
-95.9752
-70.785
-67.5735
-68.1854
-163.958
-69.0835
-99.2148
-97.7405
-124.461
-89.4319
-57.9777
-136.185
-111.522
-88.0332
-161.348
-98.8739
-70.9421
-157.988
-154.104
-102.057
-68.3635
-75.4394
-60.3774
-142.502
-69.8206
-95.3302
-146.401
-229.612
-211.134
-249.419
-254.168
-228.05
-223.428
-186.752
-235.776
-210.901
-236.035
-262.012
-280.996
-269.923
-228.121
-193.42
-262.183
-206.003
-245.68
-196.077
-242.956
-219.224
-185.203
-224.071
-236.092
-272.324
-234.305
-244.623
-201.968
-247.888
-247.298
-198.571
-245.339
-188.789
-262.025
-286.404
-257.519
-286.811
-255.945
-227.74
-184.714
-281.86
-178.218
-251.513
-247.288
-216.489
-220.13
-241.374
-194.231
-217.225
-173.902
-200.452
-227.207
-218.439
-238.347
-253.288
-205.258
-191.718
-194.896
-282.481
-243.644
-259.908
-249.92
-186.891
-256.478
-221.01
-223.169
-250.622
-264.332
-251.169
-202.602
-270.753
-216.956
-265.945
-287.488
-223.394
-238.334
-263.665
-267.491
-271.534
-209.568
-214.585
-240.167
-184.34
-246.663
-257.184
-234.649
-229.097
-233.678
-226.125
-258.93
-232.467
-268.308
-209.66
-264.478
-246.802
-223.618
-281.764
-226.698
-207.788
-218.635
-288.649
-266.702
-194.543
-180.721
-190.12
-239.673
-237.342
-212.233
-272.646
-240.24
-233.096
-223.775
-256.799
-258.502
-221.514
-218.093
-221.975
-205.949
-238.063
-216.264
-267.844
-252.139
-223.17
-216.452
-222.566
-237.62
-251.422
-224.342
-281.5
-231.209
-244.239
-231.348
-222.296
-232.842
-207.554
-246.303
-229.874
-258.287
-238.157
-243.171
-213.29
-288.076
-192.514
-208.484
-214.856
-223.557
-287.229
-223.16
-217.42
-214.394
-288.368
-262.755
-285.717
-177.621
-209.035
-267.543
-225.223
-193.606
-248.736
-213.816
-229.175
-285.407
-248.784
-209.101
-274.141
-256.477
-229.527
-252.147
-225.224
-236.373
-208.379
-199.267
-217.964
-231.656
-242.97
-283.186
-178.384
-212.428
-265.653
-191.908
-204.336
-216.801
-192.297
-214.128
-233.695
-253.112
-250.743
-286.566
-228.858
-269.427
-257.036
-260.764
-251.414
-242.715
-210.117
-199.095
-261.796
-268.247
-228.662
-262.508
-222.389
-136.011
-130.247
-148.441
-160.458
-228.941
-226.911
-226.839
-160.349
-205.057
-142.987
-155.435
-176.952
-195.787
-143.206
-185.364
-162.991
-185.472
-143.118
-150.022
-206.792
-206.273
-127.206
-121.653
-140.831
-130.16
-184.412
-129.882
-192.361
-129.656
-179.966
-150.272
-119.094
-120.755
-227.146
-151.023
-169.857
-115.672
-172.699
-165.759
-169.868
-154.05
-119.954
-158.083
-182.01
-171.138
-199.852
-162.065
-218.492
-195.611
-155.325
-230.486
-187.923
-134.053
-165.911
-211.611
-198.661
-135.212
-219.591
-214.311
-181.546
-140.515
-130.763
-138.7
-134.893
-154.851
-179.865
-157.935
-191.26
-169.372
-133.001
-164.916
-144.425
-219.516
-131.693
-184.444
-209.874
-124.3
-194.973
-163.389
-171.645
-223.082
-130.12
-168.043
-225.027
-183.514
-204.794
-158.545
-156.991
-220.894
-185.605
-118.535
-205.018
-155.733
-204.673
-138.378
-143.767
-188.913
-152.78
-141.32
-182.917
-120.58
-172.817
-219.337
-207.857
-190.821
-140.375
-146.459
-172.949
-136.545
-138.656
-158.778
-199.014
-137.586
-153.066
-155.888
-182.241
-201.205
-155.805
-214.207
-228.857
-147.228
-128.312
-201.753
-181.061
-156.047
-181.575
-178.564
-212.791
-146.652
-189.444
-199.971
-140.49
-213.604
-129.426
-132.716
-135.877
-178.422
-216.038
-171.376
-145.835
-161.304
-142.25
-205.765
-130.847
-157.971
-226.21
-214.813
-130.479
-132.912
-230.005
-182.946
-150.09
-148.266
-145.228
-164.143
-151.301
-145.785
-153.62
-157.114
-209.241
-155.512
-148.164
-123.47
-179.843
-217.808
-151.442
-201.384
-160.43
-159.403
-186.768
-173.262
-213.337
-184.008
-152.127
-178.241
-198.016
-137.616
-138.992
-125.987
-207.182
-206.249
-145.415
-197.025
-145.261
-124.452
-173.212
-178.754
-189.158
-219.967
-203.661
-186.522
-125.554
-135.39
-219.33
-174.791
-195.475
-125.026
-226.287
-134.354
59.5922
45.3442
17.8059
87.1106
53.9654
63.7623
80.5446
38.9429
71.6033
15.0701
60.2635
44.6529
21.2027
53.4274
56.4288
40.0442
77.6287
16.737
50.3889
51.3747
26.7841
68.2037
60.1518
91.2846
52.3071
56.3996
96.9581
67.7629
43.0575
96.9364
71.8499
74.5593
34.73
72.3793
41.0303
54.8984
97.6177
79.5055
99.8136
104.536
109.081
62.1887
84.5401
67.3389
101.056
36.3218
52.7798
28.3495
23.7072
85.5929
51.811
70.8195
43.62
73.0997
44.2969
22.674
72.7154
48.6175
11.0722
112.455
70.0921
43.8595
104.152
99.8947
27.2664
16.5541
37.6012
74.3735
105.895
77.4907
31.4049
56.9483
110.716
31.1701
68.4151
115.191
77.6413
93.4048
47.6993
43.5676
56.4101
106.316
44.077
17.8605
76.1665
41.1355
48.8873
3.82585
74.6522
45.7385
69.391
27.111
67.9231
115.411
39.4607
53.3016
24.325
91.1705
67.2183
69.7753
35.1769
15.4986
22.9339
41.4989
59.5033
41.9871
99.2294
52.6423
32.6005
74.6797
11.5962
8.55046
37.5096
88.0557
107.985
51.0047
22.8615
71.0055
75.6988
78.8919
89.8964
83.7427
78.7338
113.875
66.816
0.401622
48.1314
62.0783
94.6338
88.392
42.8897
66.2921
105.687
111.687
2.78722
99.3994
102.756
58.0968
39.4373
82.003
76.1136
46.8075
77.2497
38.1063
13.9617
62.6062
37.0825
52.6628
84.984
52.0935
89.3055
74.9984
32.4691
85.341
48.6522
78.6742
21.2928
108.408
1.16265
76.1308
67.2442
34.0512
109.014
114.63
58.297
64.0115
54.5886
112.927
66.5328
91.676
26.5351
103.805
65.3784
113.583
113.139
87.3441
58.3069
17.0267
45.9357
64.2433
66.2508
81.287
77.0398
60.4143
36.0015
64.8959
57.1861
76.7872
104.69
15.2569
66.2535
37.9377
102.12
48.5145
85.2951
84.5968
79.3267
75.5832
104.773
84.829
-104.581
-35.9119
-51.4358
-7.24753
-46.9259
-81.9655
-56.7882
-64.2938
-88.0574
-103.59
-36.9124
-54.1969
-25.804
-35.3298
-65.2407
-35.8444
-64.6989
-70.387
-24.4017
-74.4015
-107.308
-9.27174
-38.0907
-104.449
-51.9028
-51.2397
-60.075
-33.3555
-7.53002
-29.2917
-78.3576
-29.4208
-75.3845
-75.3897
-83.7738
-27.1421
-98.2874
-89.9522
-50.3416
-56.2935
-45.5539
-63.7352
-86.3117
-83.022
-53.596
-59.4572
-32.8041
-63.304
-29.1598
-67.8235
-5.95934
-24.6427
-5.82199
-44.9499
-72.6568
-87.318
-51.7582
-106.107
-60.0276
-9.79873
-44.3309
-63.3344
-37.3665
-112.225
-0.0805558
-68.8534
-41.3073
-74.0118
-43.329
-36.7206
-66.3222
-26.3721
-29.1747
-49.4703
-110.316
-50.9698
-28.921
-80.5497
-65.5708
-55.2492
-38.6364
-56.7904
-90.6604
-105.393
-85.3735
-90.2575
-23.8217
-91.8626
-62.2141
-47.959
-5.55457
-14.7991
-43.1254
-53.742
-63.0186
-79.7397
-35.5231
-73.9992
-67.1671
-62.1725
-25.8018
-111.264
-100.294
-109.319
-65.1603
-110.335
-81.4052
-74.1646
-70.3793
-105.882
-49.2956
-34.3353
-35.3808
-16.1471
-94.5202
-80.659
-25.0698
-83.2195
-13.8509
-65.2513
-82.8527
-61.2618
-101.62
-48.0596
-63.1272
-73.6222
-79.5306
-7.7631
-83.0234
-53.0778
-63.3064
-31.14
-46.3393
-96.3226
-49.6513
-10.7794
-95.2719
-7.37553
-59.9716
-67.2479
-92.683
-57.7914
-49.2976
-67.8259
-61.7568
-32.1625
-76.5723
-58.2249
-74.1923
-67.821
-7.96799
-29.8889
-68.8412
-63.7009
-105.182
-92.766
-12.7632
-72.9764
-71.367
-71.528
-78.1251
-30.5852
-94.5717
-76.3089
-56.9953
-52.8901
-27.3814
-75.6361
-84.4249
-31.7087
-46.2496
-76.9778
-73.4303
-74.266
-47.8365
-54.2974
-85.4084
-108.619
-26.0657
-114.38
-73.4084
-28.5616
-59.9419
-96.3177
-52.533
-104.58
-39.6857
-54.0194
-68.4334
-36.5106
-103.18
-53.5803
-114.228
-66.3226
-1.62719
-72.4431
-94.8982
-46.3439
-112.851
-100.59
-15.6855
48.5777
-53.056
11.3935
17.3992
8.02674
-3.6055
34.8296
-3.75983
-13.0938
48.5364
12.1452
-56.8198
-29.3205
-48.2015
19.4659
-1.75712
16.9044
51.1962
-26.2604
-28.1971
23.775
-0.237699
-46.4852
-0.981095
1.91185
30.0997
15.3419
32.0757
31.8377
6.40641
-4.0847
-15.9085
-31.3979
19.5239
-27.5843
-42.0123
46.0142
4.79602
-55.0744
-19.8379
13.5642
-11.3881
-13.0417
-0.54697
-7.03378
9.00609
5.65908
-14.0925
-5.01794
6.1695
-3.20697
30.8836
-34.7546
51.7582
-9.45251
-14.4195
15.0874
27.8817
-28.5678
-35.1963
17.0778
-33.6295
-44.4011
-17.2847
-23.7882
-26.9004
-10.1291
8.75013
10.5561
23.0651
53.8344
1.06241
-18.8471
-30.8715
17.8877
45.3081
19.6376
8.40384
-39.3466
3.97984
-30.5473
12.119
44.8726
-40.9809
49.865
-52.342
32.1488
0.58006
17.1934
-5.0918
1.10816
20.2154
-46.0551
45.487
-30.936
18.5338
-36.8321
3.34503
23.504
26.4818
49.8393
11.6678
-39.0999
20.961
19.4315
-30.0486
-29.1006
-30.9657
-25.6211
-41.7026
-14.1261
45.9764
-40.1844
33.6001
-47.9338
-46.8714
-12.1415
12.6292
54.656
-13.0765
53.0935
21.6082
-52.1615
46.6842
-27.7102
24.2643
-53.2429
-28.6664
1.1233
-21.4822
-0.176381
46.0443
57.1743
-31.3367
-6.83525
-16.2359
-56.6973
-55.3425
8.29252
29.3829
-22.0344
49.8722
-16.6508
-24.6634
-26.4089
-23.9931
-4.38927
34.315
-8.67405
57.2798
-32.7742
-38.4752
-56.0452
48.2856
23.8
-54.4494
-42.7668
-16.4626
9.52529
-54.479
23.5651
-26.063
-30.0288
49.0212
3.25536
-16.6636
-16.009
28.5903
11.2892
11.995
-6.84468
-47.4641
-17.4067
43.7261
4.63221
24.2999
6.86215
29.6066
22.9757
12.7901
46.444
26.2265
-48.3017
-18.3217
17.7547
31.8326
18.9748
-38.3273
-25.4867
-12.4401
-6.5957
-39.8127
-36.5872
-14.7658
16.2361
-45.588
-7.71761
-30.0214
-19.5131
249.098
259.949
287.587
216.907
272.472
186.154
195.088
240.17
232.526
252.433
198.766
231.669
228.927
241.951
230.754
190.104
267.889
247.945
180.949
261.782
235.828
245.357
261.212
247.85
221.728
242.656
195.85
197.243
264.886
248.178
229.145
230.04
230.97
252.811
254.805
213.355
248.301
249.171
233.65
256.796
212.441
221.535
200.137
213.726
257.396
223.463
243.816
174.566
224.985
243.597
241.779
265.048
207.672
182.701
281.34
220.756
242.758
285.457
203.95
253.327
197.701
224.443
211.146
252.864
227.186
209.418
189.841
259.005
229.809
245.05
219.057
205.395
246.84
226.061
271.577
237.079
255.642
242.276
266.664
232.16
220.029
212.71
254.955
213.015
232.663
218.77
222.643
208.175
197.868
235.208
204.326
264.174
238.886
217.296
270.092
253.24
227.673
214.31
256.197
197.476
207.62
237.521
195.25
209.924
189.004
268.984
269.599
234.567
246.26
257.752
225.338
216.957
282.916
205.022
270.454
191.433
281.878
222.634
222.338
207.545
223.9
223.129
235.412
206.398
233.342
241.838
220.199
211.494
267.863
237.71
229.652
196.718
256.71
209.641
233.785
285.894
253.078
184.657
251.125
214.388
211.653
221.544
201.004
275.477
181.088
254.208
270.473
265.7
233.278
210.416
230.835
216.978
235.925
230.64
268.391
206.454
189.855
219.918
240.527
229.379
221.016
237.436
218.895
220.32
210.913
216.86
241.585
181.948
276.846
277.629
221.366
232.388
204.6
273.566
283.54
192.128
247.28
227.477
197.721
286.423
245.749
183.182
236.254
219.588
247.388
256.988
222.344
242.275
285.812
221.1
219.112
263.563
235.55
218.558
284.712
263.365
247.171
230.132
182.954
187.648
69.5259
64.8607
86.6644
63.1919
93.9635
76.9179
112.814
82.3984
111.964
84.4115
155.133
113.353
115.84
92.5542
90.2865
122.173
98.893
137.73
109.609
115.939
139.908
59.1011
135.036
134.418
94.7759
97.1186
133.306
80.1867
71.4544
101.06
102.668
137.699
128.107
86.833
82.5187
131.922
155.176
112.236
61.1684
95.0622
121.261
132.796
60.071
118.355
122.256
140.268
153.383
75.181
117.28
66.5078
125.956
128.113
100.543
101.08
62.769
164.399
110.294
95.9538
136.902
122.346
81.2643
75.696
117.173
130.903
105.292
88.5096
94.9623
172.304
113.85
59.1907
124.45
168.969
63.5716
91.3744
147.674
93.7308
126.803
145.101
91.403
73.4642
82.0591
96.55
106.881
141.21
131.691
138.152
92.0415
98.5621
160.818
117.157
106.759
146.385
67.4343
66.2708
116.442
80.6871
113.39
120.015
145.897
98.9148
145.802
82.1947
156.357
131.998
105.02
143.616
95.7313
114.425
132.964
72.8585
119.706
121.805
97.68
117.96
112.471
134.584
103.246
106.693
115.718
83.655
104.152
59.7035
87.403
103.757
78.9216
105.771
118.579
151.833
97.1193
117.219
165.476
103.526
83.2348
137.35
66.2091
83.2968
111.043
145.194
76.8006
76.8258
93.2022
79.7946
94.2217
148.14
89.293
86.298
120.429
65.991
131.427
139.256
104.978
96.0987
115.454
135.162
124.611
90.4561
60.4652
103.813
145.195
115.101
140.939
71.8887
131.455
137.969
170.314
69.0885
77.4206
116.174
66.7685
59.6804
77.7859
125.12
57.8166
153.348
124.289
133.722
123.977
81.4215
111.746
73.88
150.57
156.438
81.8277
123.94
96.5315
58.8623
104.722
112.54
109.373
149.798
121.033
110.269
86.8604
63.1881
88.104
79.5416
60.4234
133.269
120.101
98.0368
196.081
170.685
159.576
156.853
202.921
214.561
210.341
136.091
213.889
215.783
187.345
132.811
197.638
130.047
156.056
175.277
197.718
183.801
178.479
226.334
118.691
136.606
130.535
156.79
224.862
197.204
160.491
199.101
185.233
130.512
222.117
222.286
187.794
146.629
189.307
159.387
135.328
183.667
189.98
183.933
137.699
178.401
158.94
158.511
172.16
211.188
170.974
212.707
201.627
192.145
123.387
120.724
210.102
221.338
133.423
117.084
193.432
196.289
118.574
165.882
130.435
136.913
212.66
164.317
149.029
174.737
123.473
144.966
178.104
174.702
171.095
157.971
188.278
209.886
177.879
185.18
194.757
141.399
117.393
136.192
143.961
137.439
182.682
226.816
136.807
141.903
176.296
161.416
159.222
206.875
173.047
204.338
145.067
162.967
156.872
187.13
139.051
204.157
176.094
122.529
133.544
158.477
148.559
135.832
169.779
151.531
186.818
126.6
131.123
135.605
214.971
125.257
209.806
129.943
213.912
146.338
130.05
193.31
220.277
125.869
200.401
148.609
193.777
158.788
190.701
227.631
176.641
205.659
202.182
177.234
140.1
186.714
148.218
158.969
129.752
163.475
190.527
153.761
140.918
223.35
209.639
189.158
183.73
126.5
199.85
134.609
152.513
201.411
205.615
123.027
135.166
195.144
229.983
132.266
139.516
131.465
229.792
147.861
209.228
148.797
157.189
220.555
163.238
189.522
195.383
171.797
227.44
116.101
198.865
184.398
187.432
180.588
194.022
188.343
183.259
200.017
170.978
140.092
142.406
211.511
160.828
227.493
165.421
183.213
148.243
197.67
141.439
129.835
187.091
147.669
181.677
171.42
131.745
217.965
187.247
200.866
144.246
173.89
155.797
141.409
385.957
357.64
416.824
386.379
361.708
393.347
358.156
386.855
396.615
459.641
400.389
418.51
426.894
395.309
439.768
409.059
387.287
389.154
409.778
372.581
404.138
410.957
433.855
360.252
363.087
398.101
443.116
360.824
381.941
389.869
391.956
395.299
378.577
396.944
388.103
417.722
396.666
449.634
390.513
350.181
384.608
426.269
364.423
411.48
403.289
395.458
422.714
425.606
399.021
403.345
431.351
392.829
433.981
406.187
450.642
407.84
390.935
406.616
380.433
386.746
389.958
449.02
427.854
426.368
442.269
373.631
401.421
441.222
420.498
416.316
448.42
384.621
404.047
391.821
391.488
395.175
426.798
411.642
413.926
383.261
367.09
422.485
454.819
370.422
408.542
434.239
355.395
370.824
403.244
379.574
398.31
347.713
456.129
438.931
390.678
445.795
422.537
417.122
431.597
403.426
389.173
396.526
420.953
454.894
393.917
428.796
412.083
381.671
455.393
439.598
396.403
417.561
414.095
392.538
413.127
426.591
425.772
419.149
407.365
422.327
449.905
372.716
436.572
424.405
387.908
353.963
395.222
401.511
397.947
387.88
363.719
431.54
449.117
378.282
388.338
448.374
378.507
399.641
397.683
432.505
431.447
396.124
385.804
402.131
393.405
390.424
435.467
434.873
437.405
372.98
391.614
382.012
381.285
422.12
421.841
457.735
368.763
425.146
399.356
396.672
395.001
454.297
396.276
388.238
393.993
390.239
386.146
433.145
433.048
361.645
435.425
411.356
394.285
443.316
416.33
347.144
436.573
396.765
400.7
433.371
398.103
409.593
385.836
447.823
428.043
457.309
354.512
451.209
434.856
458.29
398.017
438.492
380.772
457.87
450.245
391.157
416.545
434.972
411.278
451.524
269.535
261.203
279.214
283.03
252.347
301.502
269.74
313.117
291.312
288.42
287.243
322.789
308.448
281.434
301.109
312.444
301.921
253.116
239.031
292.229
253.847
277.388
287.9
296.282
283.598
292.772
297.973
289.291
246.379
320.786
300.125
272.672
308.088
266.574
296.654
263.017
253.746
339.196
249.981
309.204
274.9
283.058
336.502
260.127
267.996
299.016
279.037
342.544
230.979
299.418
253.48
244.152
323.194
236.097
263.908
266.066
262.312
282.25
302.349
261.636
231.538
305.652
282.165
257.558
234.053
232.031
285.271
263.565
303.338
281.952
266.566
290.841
287.239
258.12
299.871
288.345
309.69
321.469
275.825
263.77
256.819
255.211
308.184
266.603
334.587
272.841
264.224
255.386
288.274
276.974
293.404
261.683
340
288.549
284.151
307.88
271.537
302.734
298.148
252.281
294.366
258.432
274.959
310.386
295.414
284.856
294.875
272.85
306.285
255.745
282.592
344.765
315.12
262.572
304.371
294.188
239.32
273.842
318.748
287.402
265.505
286.009
319.062
305.727
311.18
318.736
272.571
317.36
231.797
248.268
300.493
239.427
263.388
255.015
273.221
297.403
344.754
261.494
322.75
302
253.657
245.337
280.606
295.849
335.959
295.309
297.108
298.358
235.889
248.238
289.1
302.221
236.182
243.673
280.09
324.373
277.184
334.671
310.198
341.881
247.349
320.122
272.871
313.899
331.18
245.111
233.879
302.117
278.989
274.46
264.963
303.921
273.27
279.248
342.241
318.8
259.822
279.511
278.902
298.826
238.055
305.059
304.858
306.978
315.918
248.691
256.324
287.244
299.826
268.073
279.955
308.894
319.424
303.084
273.869
232.99
247.849
285.637
247.984
271.682
329.401
365.052
397.275
301.765
312.176
302.2
356.106
345.819
393.607
332.03
322.014
316.352
355.248
388.855
318.093
346.879
333.923
310.182
330.942
357.973
291.729
311.708
342.889
398.006
352.101
386.598
344.839
344.649
310.065
369.39
294.194
386.516
377.113
384.158
401.762
330.829
361.848
364.379
343.664
370.161
291.902
371.259
355.068
380.605
315.092
295.355
342.214
395.075
353.865
394.094
338.069
301.946
373.78
308.242
317.031
346.349
396.826
393.311
366.29
395.254
322.196
324.682
322.153
341.231
316.257
372.421
340.998
378.506
293.24
344.384
371.214
393.131
320.776
385.825
312.959
358.659
364.086
393.878
307.478
333.63
385.692
332.57
332.75
350.058
353.845
346.289
324.681
400.435
323.573
352.205
351.417
375.882
396.979
324.217
395.103
380.386
297.302
328.519
344.335
366.323
290.263
396.382
305.489
352.649
326.698
330.068
366.89
328.406
311.151
365.704
326.199
382.586
321.297
354.231
357.837
397.063
328.193
350.613
360.657
331.032
377.652
369.336
342.821
318.027
289.017
393.34
356.72
387.235
303.875
318.184
345.408
370.706
395.996
367.153
352.374
400.234
327.793
375.895
348.459
349.359
373.72
344.634
358.541
321.638
393.999
387.634
332.939
346.222
332.347
339.363
301.747
340.664
400.824
297.882
337.562
373.726
327.496
392.206
363.318
323.138
399.893
403.138
372.822
304.25
346.949
373.684
295.871
337.02
392.749
368.338
383.685
382.409
328.779
302.041
308.878
312.223
363.719
307.708
393.254
296.303
363.762
306.066
380.373
338.103
356.542
381.427
395.841
349.26
321.005
346.366
310.075
339.81
339.945
299.596
338.434
355.228
386.117
352.455
335.864
369.261
450.231
366.029
414.379
404.719
395.583
375.811
402.162
458.298
384.49
416.075
370.166
372.672
441.529
448.605
420.226
383.711
355.869
428.961
434.301
426.654
416.045
419.92
436.199
365.422
424.481
402.645
449.568
376.326
362.254
427.523
385.865
430.186
434.176
401.878
396.708
421.716
448.799
408.53
386.759
416.553
436.429
455.566
431.747
390.148
378.123
428.368
459.68
440.871
382.818
382.159
428.193
439.381
435.523
401.216
383.371
451.384
391.909
429.359
428.03
411.278
372.989
445.008
444.15
451.621
445.315
454.139
408.453
352.869
450.705
438.356
377.155
437.29
395.273
407.879
401.069
397.359
441.497
432.275
380.239
435.505
380.774
419.598
384.516
406.457
373.857
419.335
435.633
379.782
437.914
417.26
442.685
424.835
442.775
399.987
399.181
362.065
392.737
389.008
378.592
451.215
390.537
426.468
431.89
348.859
375.665
388.754
424.153
408.506
394.315
444.007
450.611
413.236
428.081
376.963
401.921
434.016
407.083
458.146
436.663
371.102
404.578
448.88
393.025
393.819
433.083
421.166
390.394
440.801
401.473
454.028
430.825
410.046
405.364
442.157
433.771
355.942
442.504
458.144
365.019
423.59
383.969
385.382
406.904
362.667
404.547
413.373
432.466
393.542
429.478
405.094
433.365
437.346
363.297
348.413
433.783
451.035
419.656
458.833
402.393
419.482
383.918
459.623
352.543
403.844
410.989
387.596
446.232
431.905
366.659
384.18
415.805
391.565
418.178
438.889
429.701
447.356
451.882
379.131
347.577
410.538
430.501
433.947
362.972
393.303
444.487
456.986
375.384
459.976
350.545
428.859
397.349
403.741
366.906
433.242
384.307
405.191
389.43
380.746
437.846
422.004
306.592
268.443
340.983
290.603
237.52
254.842
301.386
294.482
254.054
245.242
304.33
266.493
306.617
334.696
278.784
269.768
285.235
294.193
269.811
271.753
293.821
273.676
240.727
313.135
325.325
343.216
310.416
280.045
286.493
256.72
241.689
253.361
308.187
231.542
260.2
331.701
284.989
240.238
300.47
294.337
231.167
256.39
296.757
309.474
272.255
293.707
266.469
282.846
320.972
237.284
291.505
289.668
299.767
305.329
247.456
251.651
290.661
264.368
316.92
297.486
305.301
252.925
285.203
340.161
295.885
234.855
247.122
323.109
262.606
262.711
337.374
291.6
233.663
302.78
239.362
241.481
341.7
265.159
236.778
271.293
303.518
309.214
315.991
313.948
283.265
260.18
290.844
233.034
277.088
235.5
268.631
268.236
282.994
254.363
283.058
275.436
252.029
235.105
261.714
286.427
298.229
286.035
262.992
291.944
243.161
279.046
246.593
324.419
293.141
264.688
282.828
266.123
295.454
338.858
235.741
240.084
306.543
244.28
257.732
236.404
237.309
289.54
236.214
269.492
289.482
304.742
256.385
245.388
263.68
267.221
305.695
338.558
343.022
318.081
290.84
232.021
279.426
251.125
259.517
291.373
238.596
303.818
264.649
252.646
267.985
328.186
251.705
330.501
248.996
339.475
346.002
306.545
250.055
276.996
323.346
294.493
298.652
233.827
236.264
317.733
282.205
294.271
244.092
292.607
256.155
289.154
281.734
280.893
302.882
233.46
249.446
272.816
240.304
272.96
279.935
303.17
304.057
261.165
281.898
253.052
300.831
248.887
299.159
238.39
252.019
317.201
298.159
298.195
273.417
325.439
299.398
284.296
289.604
263.513
307.438
296.239
282.989
323.211
303.241
253.058
301.361
394.158
380.668
387.971
316.89
326.572
293.164
380.368
300.98
393.493
391.161
388.057
384.525
341.806
340.085
320.429
378.862
320.705
318.981
355.353
323.234
320.261
338.676
364.428
331.023
390.379
396.658
321.055
337.274
293.845
318.308
390.199
317.95
317.947
383.409
360.719
374.516
389.5
301.188
310.842
292.866
384.688
332.934
389.358
361.85
297.69
329.289
371.063
311.558
341.965
317.156
328.366
324.419
376.038
376.278
378.716
381.593
294.677
384.762
378.921
297.68
346.577
360.324
344.4
290.64
302.658
371.071
312.025
356.25
337.175
327.393
302.11
401.51
375.04
347.218
393.243
340.438
371.449
333.027
325.762
395.957
377.784
326.038
303.21
370.464
319.526
365.173
372.792
401.862
365.172
292.834
368.742
306.765
295.525
342.5
375.114
379.474
333.076
329.023
301.933
356.833
347.775
304.023
358.975
305.193
387.425
337.217
402.462
353.24
337.084
290.439
374.088
305.145
351.439
313.841
296.265
347.962
289.78
355.735
368.471
344.476
302.787
389.2
337.43
359.912
319.011
344.142
356.067
394.43
386.789
373.494
328.483
386.848
359.27
316.418
348.965
386.429
358.073
325.398
389.496
292.281
315.255
371.863
330.164
372.817
342.594
403.636
359.365
375.022
371.272
383.862
341.117
300.67
371.099
393.893
335.708
322.261
349.722
390.969
319.639
401.768
314.323
299.292
319.803
366.41
384.961
378.445
311.992
321.637
382.518
317.113
328.328
372.724
305.557
342.44
312.17
371.126
366.769
346.746
400.2
289.632
361.915
334.088
295.569
344.354
342.635
317.303
331.398
313.718
380.422
293.312
306.761
337.39
348.271
330.487
329.879
362.984
370.033
368.228
373.017
