61.2006
48.6369
49.1674
45.9561
3.52714
28.3527
-20.8268
43.3715
66.7795
58.4219
63.9212
1.84085
-0.541819
48.8337
75.1011
54.9169
81.734
75.4851
51.9508
49.2477
4.14448
-20.2934
45.118
34.1405
28.9423
36.8263
70.0144
-16.4206
50.6714
69.7235
41.2902
3.57571
-22.4116
52.0543
29.4565
69.7954
59.9284
-18.9913
-23.8505
80.5282
70.9837
49.8261
5.46255
2.23098
32.7777
72.9494
56.3431
35.7403
27.9029
16.8785
22.4647
75.1393
-22.2049
49.0215
64.6832
50.8092
-27.3249
-13.7655
83.7612
1.50316
24.018
23.7891
16.6039
44.635
60.8488
-19.9811
31.138
50.3274
36.4792
-0.705007
66.1778
49.7879
70.2913
0.159711
63.3598
-27.9077
11.8323
5.03463
55.8186
-20.4254
55.8819
2.67039
-15.7765
64.5772
4.99023
13.6782
39.5687
-14.8333
34.1437
32.1462
67.5746
22.3598
-0.985469
83.3259
61.135
50.2478
66.2114
40.691
48.3343
28.9668
-5.94641
14.2424
58.856
43.0252
10.1627
18.3698
34.1677
76.66
62.0543
33.5526
-7.61385
7.16728
49.8993
7.50405
65.9779
74.7641
12.4187
-11.9404
41.9445
78.7194
47.5227
51.9734
42.8356
90.7379
2.7098
-7.4762
36.3874
70.5587
39.8174
51.9374
72.1067
-29.954
57.81
21.3314
1.83808
78.2078
54.8143
56.5573
81.7406
90.956
60.6342
36.8171
47.2108
47.8569
12.1341
26.2553
67.6594
73.5126
65.0198
43.1677
55.3732
66.0057
5.65021
57.3551
76.9757
29.9086
26.3114
62.3584
61.4215
53.2674
38.6683
67.6369
58.0069
-1.52196
71.388
-19.1191
5.13297
72.7101
-0.220346
-9.6733
37.0702
37.8376
51.6388
23.6682
60.258
41.4835
17.2923
90.9462
35.3963
5.12345
74.7239
45.7869
47.3104
43.2939
56.7594
51.3245
30.4779
49.024
53.1414
36.9035
53.5509
1.20917
14.3554
43.8695
-6.20871
62.2028
69.0117
-0.841265
61.1506
40.7558
2.31326
58.9515
1.2985
13.3244
39.2692
46.5889
-8.03087
-9.18111
46.3777
13.4271
82.06
11.5136
73.79
29.2239
21.5375
42.8829
4.51066
-22.7406
78.5069
77.4265
-1.99007
67.9182
40.8777
-4.5983
-3.74269
-7.81675
53.662
71.0664
27.3986
48.8709
58.9428
20.8301
34.9219
33.0514
29.3541
27.9875
34.0538
7.68884
-3.63528
44.4198
58.6859
47.3326
40.8518
16.6762
2.70638
53.6189
6.61303
56.1021
3.80245
89.9972
-5.88619
57.9823
29.5422
49.4313
56.2732
-32.1266
16.0266
-4.96013
19.0191
22.0843
56.2673
45.4453
10.7982
77.6275
80.1288
-13.1645
80.458
-22.9833
99.5653
-16.5793
31.238
48.1155
-3.67885
51.8522
88.5361
22.4752
67.7607
9.22208
61.1625
74.8449
43.9668
72.9944
43.936
27.3619
25.2598
40.0261
-7.12756
51.5129
39.2094
26.4644
62.7323
57.632
-20.7019
10.3017
78.6247
-13.6631
-23.0968
69.1393
25.2386
86.5789
60.3274
29.8444
64.6621
43.8071
43.0439
31.7176
74.6226
-25.7154
56.1968
88.1475
-18.9885
65.3374
40.5276
31.1014
84.093
-21.8022
43.0878
43.2398
57.0659
52.8583
31.9441
15.9948
67.7498
13.9924
18.5283
94.6491
71.7808
73.7697
63.7
54.0356
70.039
56.2331
83.0987
33.5509
24.7731
58.2423
43.9417
83.0453
-0.745345
43.0012
42.2965
45.1473
89.5956
-12.1552
17.3455
29.1817
66.3615
72.2328
43.3405
48.3156
58.6003
69.8039
84.0775
2.13735
19.3095
42.0509
59.7467
20.1975
76.9269
-15.3606
75.8781
13.8474
4.07412
38.7413
5.89784
64.2531
8.37838
51.3177
11.6724
0.769593
21.1801
36.3308
-11.739
74.2749
82.0108
11.2835
-7.41601
34.5737
43.931
-15.5745
-15.9179
18.1766
-13.0511
81.1489
-18.6911
91.1801
67.7941
44.3998
46.3276
-21.7437
8.47876
64.2662
17.7382
12.7518
52.011
6.76431
62.68
5.52964
41.7212
62.2203
-117.077
-87.8133
-90.366
-97.1749
-78.697
-71.3861
-58.6605
-52.3674
-85.517
-41.7958
-60.554
-49.8948
-75.126
-43.702
-35.6956
-40.3018
-46.9364
-32.0535
-47.859
-112.47
-42.211
-58.1388
-84.8572
-101.202
-80.9941
-122.976
-24.9032
-130.276
-66.0458
-64.5651
-72.1555
-75.99
-102.66
-35.1623
-116.863
-62.0376
-80.7211
-41.1685
-72.2811
-109.074
-60.6297
-62.4738
-99.9999
-33.9614
-63.8613
-120.163
-79.7227
-101.834
-93.0834
-93.612
-108.424
-77.5508
-79.9147
-73.0697
-77.6522
-46.5953
-60.3236
-35.5342
-43.3086
-35.1611
-103.274
-25.6664
-95.8798
-94.7523
-78.5267
-31.3862
-119.089
-78.3583
-108.715
-39.4058
-111.246
-111.971
-24.8598
-67.6402
-53.4199
-34.7136
-77.4513
-60.6133
-95.0036
-96.1993
-54.3964
-103.891
-54.3048
-87.3427
-102.457
-113.938
-62.5075
-99.9018
-63.2791
-88.4733
-120.626
-124.23
-35.5897
-109.461
-86.5137
-96.6344
-98.4131
-95.0958
-91.2243
-114.933
-92.6864
-70.6244
-51.911
-78.4631
-34.9549
-55.8122
-112.866
-82.3902
-67.0141
-110.707
-113.539
-98.4709
-46.3979
-105.65
-99.1021
-104.026
-89.818
-97.3006
-74.9237
-87.9564
-54.0028
-98.7101
-118.427
-112.389
-110.027
-91.7984
-72.3751
-104.277
-99.8275
-89.8545
-65.09
-57.7652
-54.1831
-35.7825
-70.5903
-91.2902
-95.332
-82.5232
-24.222
-36.3466
-44.0247
-65.0022
-66.7503
-89.6214
-35.8763
-99.915
-71.9921
-103.446
-122.918
-57.5706
-116.265
-54.3961
-100.471
-70.3039
-91.9014
-72.6039
-54.2483
-85.0502
-37.5626
-74.8094
-57.9225
-59.8227
-37.155
-54.5116
-36.6991
-37.4462
-40.2031
-105.342
-103.894
-61.8228
-101.589
-74.9541
-70.2346
-48.39
-40.5805
-34.2949
-31.8802
-43.2344
-38.9026
-60.1177
-45.9673
-107.144
-77.6715
-66.5402
-25.0195
-43.514
-37.9125
-90.2471
-94.6273
-84.9461
-117.961
-86.4559
-107.873
-63.44
-88.839
-29.3186
-85.4909
-25.024
-115.134
-32.955
105.004
81.0259
187.306
168.577
141.482
151.675
78.4037
161.066
165.211
91.3362
128.655
85.0258
76.7689
81.7928
131.516
143.379
89.4468
93.1716
113.03
160.281
112.295
156.351
99.3395
149.859
187.261
76.5143
122.382
164.5
168.025
146.887
160.519
134.361
136.803
86.8278
124.907
164.155
194.319
165.246
161.694
132.385
134.931
90.1501
75.9328
178.683
177.471
112.77
126.653
96.1302
136.045
157.439
135.575
174.338
108.327
145.311
165.585
165.779
169.163
90.7824
160.756
111.584
169.223
139.633
160.28
90.7189
154.074
106.81
99.5657
155.372
95.3267
80.2941
137.682
166.144
162.565
161.899
196.023
84.3598
115.569
77.4333
148.166
119.83
98.1398
154.19
119.48
144.076
153.328
122.016
156.11
184.378
169.982
112.939
150.773
150.012
147.73
148.843
125.895
120.982
72.907
170.389
89.0939
117.275
145.982
163.105
189.628
113.719
82.2118
184.939
91.31
175.465
175.68
152.18
85.3755
154.967
165.237
187.97
184.118
165.123
85.8011
104.523
162.263
155.425
183.714
161.978
165.019
86.2993
132.835
117.084
182.591
134.663
142.23
149.857
91.9363
159.364
110.107
174.258
136.001
144.043
100.205
82.6171
155.098
181.174
139.237
173.137
164.202
157.377
173.726
161.091
135.764
196.411
83.8356
148.573
172.144
129.222
178.936
183.84
106.042
163.961
166.106
196.659
127.769
197.391
87.4245
164.224
106.26
119.369
150.637
159.372
144.539
131.358
135.006
118.992
118.951
149.007
92.78
84.3664
125.809
98.6768
145.969
103.189
133.226
88.316
106.365
179.429
180.523
190.21
73.542
167.723
107.424
74.8574
197.107
183.818
90.4336
115.774
126.002
164.931
112.096
85.7402
77.2014
189.697
91.7903
188.236
150.513
153.713
179.46
149.792
132.743
97.6458
161.205
133.72
131.121
185.486
138.668
142.209
159.908
125.402
173.385
113.678
194.77
76.7004
174.234
171.942
177.847
69.2401
189.692
166.793
146.388
140.441
176.195
108.525
176.16
184.305
167.752
111.462
178.901
121.129
167.243
142.739
122.456
151.367
149.562
175.004
158.799
130.784
111.196
177.962
172.3
183.125
173.718
109.08
162.565
154.173
176.924
141.884
75.9621
122.727
142.101
79.218
119.846
168.989
130.902
124.746
134.47
100.491
160.804
166.543
154.465
150.761
149.336
110.497
157.503
168.928
125.343
114.221
111.056
161.509
133.638
146.974
82.6139
127.261
120.257
143.631
119.312
153.238
140.966
148.725
161.226
145.097
80.038
148.75
108.88
156.973
128.45
124.306
161.737
92.5405
103.151
128.318
136.658
132.592
180.326
183.736
81.5575
149.565
135.349
178.451
181.165
146.55
130.509
138.571
121.306
162.399
102.045
127.423
185.29
163.285
121.803
98.9917
168.087
91.1987
154.615
104.429
177.09
99.5345
130.632
95.1306
130.31
168.498
152.863
108.484
117.532
148.552
84.45
109.461
185.056
117.198
110.665
115.944
133.696
157.758
95.5657
129.443
166.261
84.3842
87.5932
142.053
132.079
148.129
153.779
154.362
141.964
165.648
145.688
167.75
111.46
186.644
152.574
149.254
147.663
188.269
156.779
186.752
148.788
112.065
92.6688
84.5291
94.8929
134.121
160.147
181.822
99.6059
167.183
171.53
111.321
157.843
110.175
110.512
164.086
120.393
141.746
124.698
149.185
153.165
159.354
102.267
105.915
144.633
145.662
104.198
157.872
81.4463
86.7067
125.641
130.761
91.8323
177.697
104.394
141.872
118.75
83.5364
104.789
175.956
24.2019
51.2828
43.2411
-22.6667
29.0015
42.9157
43.1708
44.2433
28.8001
5.54795
51.041
62.8807
62.687
66.7729
16.3761
2.69793
2.59527
35.8326
31.5997
7.15508
5.25642
20.9751
67.177
67.6421
5.70097
19.2614
-23.2014
67.9118
-14.76
3.17063
31.9097
44.7313
49.2856
-4.19645
21.9327
44.2823
42.8176
16.1058
-1.7465
29.8988
21.4525
36.4722
52.4349
41.3648
46.6227
64.7457
46.2586
56.7439
7.70683
24.6169
55.5753
21.6441
42.7865
-2.55158
17.2278
47.658
1.27167
61.4834
32.594
-7.40482
-13.9655
34.7915
21.5204
40.5022
15.4307
50.1623
-21.4601
36.1532
50.4464
72.4334
24.7682
46.3642
39.7929
52.8554
16.3516
38.2811
56.2369
52.1307
-2.64063
0.0444781
72.0963
-17.0506
39.0539
32.7003
40.5099
-14.1835
3.75532
24.6762
-19.8971
58.8737
42.8202
2.53561
35.2631
-24.8552
-5.59623
54.3594
24.2485
23.1004
72.3013
7.31467
-19.9676
58.189
6.15573
-5.1949
63.2056
-4.09828
9.09103
-2.13277
70.5531
10.5226
-0.407951
68.7919
54.476
-1.94373
10.0813
-7.30263
13.7872
42.8148
76.1363
32.5319
10.6463
53.5416
59.1095
-12.279
24.9486
51.0608
32.8551
47.9875
53.0591
80.321
27.9777
18.8787
17.0999
43.1633
19.776
63.3843
41.3301
15.2715
1.19693
61.3796
44.6099
40.8952
32.5432
45.5729
56.7005
-4.48273
71.1945
-12.3112
12.753
8.35811
12.1919
31.6954
-19.0178
61.984
37.2765
10.0778
10.0024
25.9412
63.5699
57.8488
8.22422
-4.15966
-1.50926
36.9898
62.373
-8.95602
63.8732
31.1992
22.3941
56.2644
1.38458
54.7468
18.9185
46.4634
53.191
50.7367
38.413
59.7697
-13.4954
62.6842
9.2603
8.22749
7.67982
17.0389
45.3098
64.0155
17.3163
29.9935
5.06715
19.0158
18.5534
19.3609
-0.415566
34.7447
19.1914
52.436
-1.38005
71.5399
47.2221
68.2858
246.176
204.828
211.436
179.534
249.226
270.997
232.042
262.717
208.551
258.916
258.246
237.317
235.832
269.898
252.746
276.148
212.82
282.774
192.268
215.423
237.322
172.239
231.807
264.789
202.167
285.274
264.844
291.816
284.882
222.872
213.755
184.432
221.224
209.633
251.665
212.178
230.875
198.151
242.001
226.694
234.709
276.027
241.342
245.478
202.652
240.334
257.464
232.044
255.408
237.411
242.463
252.714
189.148
198.336
191.952
255.738
288.038
267.601
257.593
271.533
246.739
203.772
261.896
260.886
236.393
207.077
222.786
244.71
189.313
296.79
286.615
233.717
198.723
191.087
269.677
258.703
255.561
197.954
296.134
262.125
243.203
221.356
199.959
197.857
264.016
252.666
194.785
215.912
182.529
204.117
236.14
258.55
229.875
284.707
233.553
252.241
281.594
291.283
210.488
192.855
209.522
238.153
226.679
207.786
212.688
235.13
243.868
264.086
241.072
245.374
190.935
284.354
273.951
229.768
175.436
196.764
176.497
208.934
189.131
192.413
193.165
236.526
206.419
265.996
272.715
177.098
216.344
263.793
208.844
180.833
219.011
184.314
192.603
204.708
267.694
245.865
284.881
248.949
257.353
244.546
241.975
247.093
212.233
283.525
264.224
229.004
258.321
179.377
235.66
238.466
256.058
185.399
267.885
232.167
258.792
260.348
274.226
228.458
246.424
275.018
193.525
218.24
191.448
229.263
199.693
254.863
275.316
193.777
243.723
283.963
289.948
281.906
232.211
240.951
211.074
217.54
213.399
241.521
255.074
256.772
211.371
241.119
197.668
283.801
214.479
207.57
180.344
271.641
262.916
264.915
258.647
229.881
219.016
244.484
210.021
248.493
240.652
281.522
188.852
248.81
298.389
210.974
263.305
210.537
279.778
257.963
259.799
264.25
209.578
241.246
209.942
182.865
186.765
237.084
242.32
251.556
248.621
216.396
260.854
287.137
256.248
238.906
282.878
256.666
228.779
211.697
268.554
287.043
234.196
224.672
245.489
226.028
257.189
194.016
220.713
185.889
262.659
263.808
241.143
202.57
190.572
243.355
196.336
237.649
204.218
206.61
238.439
267.366
233.961
255.708
246.326
274.138
249.594
215.508
202.932
257.669
295.852
260.541
187.781
252.581
264.54
275.315
238.208
212.898
285.292
245.922
194.744
235.676
237.079
255.317
272.289
264.981
194.925
226.083
235.927
204.94
266.723
233.42
175.097
195.784
228.889
222.612
250.904
218.331
249.968
241.766
253.542
258.113
215.906
241.168
272.797
230.443
229.207
251.029
188.875
262.404
272.624
236.482
286.736
169.51
234.415
260.806
247.979
265.177
250.787
260.683
242.508
225.435
272.94
217.913
217.298
284.605
243.322
232.745
199.104
201.405
212.752
249.881
240.987
239.36
175.897
253.814
207.183
264.074
178.79
263.329
229.181
254.114
186.247
208.686
245.11
215.972
211.029
262.584
180.249
200.29
240.53
190.284
192.372
209.826
209.881
241.804
257.655
216.822
254.902
230.035
235.226
218.678
262.117
224.299
248.43
265.333
192.678
194.618
233.228
216.511
200.211
227.568
185.149
264.827
269.814
278.974
212.222
280.301
257.633
257.778
268.083
240.228
275.141
278.36
226.698
211.853
234.34
253.44
184.135
261.293
205.896
242.014
261.079
263.449
283.816
235.367
224.276
222.282
212.52
230.298
277.639
184.696
267.088
200.308
225.709
253.474
186.375
237.328
288.088
257.255
217.5
260.633
218.375
259.739
156.698
153.771
163.635
85.6175
153.627
123.718
98.0773
117.347
143.923
102.454
153.308
99.3412
160.165
144.14
151.701
142.651
84.3758
97.466
165.322
114.26
159.295
105.934
110.672
118.636
154.151
103.874
171.266
116.18
164.227
158.972
133.638
151.819
133.03
86.9376
96.9115
178.705
89.3131
147.264
116.555
175.35
118.758
89.8291
104.755
95.3936
157.22
156.443
96.1213
92.5962
158.588
122.252
119.448
138.524
163.738
165.152
85.5967
154.841
144.068
155.888
149.637
95.4174
134.253
125.597
122.005
126.62
129.271
115.266
99.78
139.589
81.137
103.257
138.282
140.12
149.064
82.5021
178.779
169.896
80.8849
94.6915
143.45
141.115
125.732
131.491
123.645
161.963
106.694
120.538
132.795
76.0822
123.436
113.646
144.108
163.445
118.721
122.3
99.3545
83.0345
116.442
109.284
148.899
162.661
83.3906
111.566
124.777
140.557
125.933
147.258
136.268
166.199
116.816
135.69
166.955
172.68
154.788
140.903
127.797
163.313
80.1366
165.16
135.942
161.695
119.739
127.097
128.49
148.418
161.392
128.113
90.6717
99.9086
164.832
99.6927
156.152
138.193
131.47
154.044
167.97
100.22
167.738
157.579
129.875
148.37
120.243
148.179
112.849
162.129
162.014
91.4692
91.077
90.7772
92.7578
85.177
112.087
110.693
129.727
95.9463
146.093
165.828
155.851
94.3616
162.941
89.5334
113.368
144.639
133.799
112.462
95.5763
131.2
103.659
166.485
162.599
115.82
149.561
154.12
105.97
169.534
119.253
116.437
127.063
136.411
155.929
147.115
104.235
140.182
130.201
136.523
150.875
91.9115
115.469
116.878
140.631
155.213
140.592
113.391
117.549
117.395
125.666
143.224
117.694
136.836
96.9503
108.01
124.694
136.172
164.248
136.635
138.821
88.0239
103.784
149.527
165.638
142.267
144.596
120.058
128.394
136.184
181.175
148.845
146.049
114.917
99.934
170.74
110.033
131.746
104.371
87.3674
145.091
168.511
143.173
174.505
171.22
183.677
181.672
135.083
70.4896
127.28
120.593
120.994
139.663
73.518
172.123
111.023
138.517
142.657
182.532
79.6569
118.685
162.771
145.083
144.842
81.7938
73.4218
183.246
149.032
171.167
78.1095
190.584
89.0608
162.302
132.951
122.702
142.726
77.3619
126.01
152.066
136.401
173.467
135.685
182.18
119.01
115.076
105.457
112.75
97.5666
146.541
125.608
190.187
151.821
92.8241
163.119
149.697
178.767
173.725
166.86
124.096
168.303
127.199
146.069
132.011
158.006
124.785
115.911
131.646
112.569
87.2081
84.8785
108.33
112.005
119.892
177.641
86.9437
165.404
149.436
187.627
125.837
80.1397
133.854
157.535
100.719
182.827
163.192
158.214
97.5555
74.2443
109.843
193.396
148.557
164.587
141.072
130.925
105.464
82.1253
119.79
139.107
177.218
164.709
119.96
82.6805
178.499
133.235
148.04
139.77
148.95
158.723
192.893
183.105
150.129
144.245
176.992
125.162
169.937
106.07
120.789
106.666
156.533
157.539
151.796
149.973
187
139.559
145.517
125.205
106.303
144.968
145.201
104.415
130.468
130.65
157.129
76.217
146.52
151.718
145.294
131.102
159.559
122.035
82.6583
118.048
80.8366
169.913
184.175
77.3754
177.31
99.3807
81.0568
191.309
171.805
179.986
97.7691
81.2939
137.141
185.249
169.473
141.028
99.3547
117.797
139.234
137.41
109.894
175.673
122.714
151.052
109.174
109.38
112.707
125.891
112.092
144.108
81.5635
71.3932
177.675
179.662
106.276
127.563
141.648
195.308
178.226
95.884
134.257
155.605
183.723
129.661
116.991
173.995
119.962
133.974
181.82
157.16
135.362
82.7422
116.856
80.4521
123.057
85.7156
98.9926
117.783
187.882
104.622
174.307
159.108
83.824
134.668
174.092
170.368
93.949
146.186
123.166
97.3464
77.301
127.347
163.222
136.608
157.972
130.063
117.005
153.916
116.447
85.6871
104.991
164.468
138.057
105.299
148.392
145.789
126.844
134.53
150.698
146.32
110.727
84.072
142.381
168.749
143.928
133.734
150.279
104.994
188.746
136.831
171.211
70.7757
111.714
149.9
161.23
144.459
79.1964
121.913
82.6458
180.386
185.257
143.488
159.701
168.913
101.627
128.222
134.254
109.125
120.013
184.777
108.756
166.819
123.432
135.565
170.663
157.18
80.0593
113.733
141.483
155.778
113.375
149.016
154.34
128.195
193.674
140.691
181.749
175.218
162.267
142.225
115.475
139.242
113.44
101.928
166.437
172.036
130.196
140.903
115.781
155.192
135.036
134.53
97.8119
171.531
95.9325
145.455
88.1244
127.939
165.873
87.6845
125.692
145.925
102.031
162.304
114.847
166.752
167.456
116.791
157.576
174.52
161.325
176.654
95.8848
179.851
171.253
156.149
173.785
123.305
152.932
169.033
109.896
93.3761
166.019
167.433
118.058
156.477
163.373
137.568
136.017
168.616
101.553
84.1356
107.731
168.963
113.463
73.9387
171.028
168.469
172.384
166.266
134.521
129.438
127.58
69.8541
70.9523
174.147
168.71
155.781
133.023
115.558
160.626
140.117
140.012
104.726
87.1982
127.489
125.029
187.379
189.633
72.0117
118.809
175.492
99.5841
108.441
159.664
95.8329
93.53
116.304
166.71
130.564
129.532
170.157
155.165
152.25
7.99812
43.0183
4.69236
49.324
23.8797
39.6483
67.7772
64.7245
21.6028
-24.8865
27.4738
8.99983
54.9954
15.9788
12.336
70.8795
78.31
50.8167
15.0983
27.7022
-1.48111
33.3188
65.8307
50.403
-3.2769
-5.67508
-0.0547382
37.3713
30.2883
20.0049
55.4774
43.3468
-18.002
-29.8458
38.8077
1.9135
-3.64152
60.5611
54.1062
71.6529
10.9946
-10.441
40.9778
35.3942
0.122665
2.36013
-14.0268
-0.636533
6.45632
25.8017
52.17
-17.7856
33.3538
48.8979
41.6045
34.5929
49.1379
1.86524
-19.2271
-3.77479
-9.32805
48.2554
43.3828
39.8304
56.3706
78.4073
-16.4179
8.82929
-13.5096
44.9643
8.97213
-7.97861
22.9534
-0.958008
55.3044
-15.7474
41.0473
70.8523
-7.76474
48.5121
-12.7235
45.4072
56.7009
31.2648
77.9165
28.6263
54.1965
48.0508
37.8352
58.8748
61.2224
33.1405
68.9033
1.46138
63.2302
46.3783
29.9578
30.7852
10.3547
20.8188
52.4526
53.6193
8.27256
22.7722
18.5398
-14.499
49.4149
63.3489
11.0409
5.41652
-21.495
13.9545
14.5002
60.1854
32.2214
50.2104
3.25991
44.2918
3.47878
-8.44634
6.76459
-4.24108
10.5308
-3.65203
37.2076
0.756731
54.7427
-21.1055
-22.2911
63.4924
-13.2002
25.9312
31.1641
-24.9454
11.7742
-8.63995
52.5165
14.8402
67.6352
-25.3554
45.2526
2.39848
16.5318
-7.09688
57.2015
7.74971
29.5103
75.9867
61.6116
22.6594
-28.4014
53.6192
68.4451
1.9994
9.39339
63.1189
-5.57596
35.724
-2.50991
34.6825
43.0562
14.9912
33.5799
64.3019
63.3523
2.13231
2.27277
39.4633
47.6319
-11.9294
33.6428
65.1362
56.8925
53.3604
6.95376
34.5236
42.4309
55.8614
17.8965
69.8259
35.7121
-24.2874
2.04975
58.8289
-15.0108
72.3425
-1.145
22.8758
-0.612332
-3.93407
18.7898
29.5499
6.32734
-30.9761
26.8422
-7.50181
9.5683
0.940717
42.3883
10.9422
-51.0778
-29.4259
-50.6977
-115.025
-66.7123
-38.7016
-81.8709
-56.0119
-106.048
-22.7299
-125.947
-125.295
-80.3846
-66.1515
-78.2953
-34.1294
-69.3601
-103.695
-26.6384
-67.8534
-66.2706
-99.6707
-98.5116
-53.0911
-64.2699
-33.554
-92.5555
-64.472
-69.5907
-63.4576
-120.919
-75.2224
-6.06509
-104.911
-99.9672
-71.2185
-60.217
-79.9286
-117.644
-10.1958
-63.0904
-36.8226
-57.5885
-1.90515
-37.3605
-82.3219
-73.1925
-45.6958
-59.271
-88.4876
-109.569
-35.5627
-68.7045
-84.4247
-116.864
-57.1201
-33.8401
-7.93515
-76.7129
-39.9604
-92.1257
-59.3767
-90.1657
-58.24
-110.716
-95.7863
-1.31796
-55.7347
-84.9709
-35.4525
-109.487
-130.613
-32.8682
-29.1836
-54.8964
-112.114
-51.6316
-51.708
-60.8666
-49.3837
-80.1537
-35.3545
-113.006
-85.9874
-98.2804
-44.4775
-47.8832
-6.95504
-50.472
-40.2042
-41.6608
-44.1006
-99.9556
-52.3046
-37.4266
-77.1017
-88.7447
-98.5228
-41.4036
-47.1544
-63.5971
-40.2408
-98.6678
-35.4157
-42.8542
-57.3071
-24.0366
-103.934
-75.0566
-67.2938
-30.0307
-31.0908
-118.398
-24.9552
-63.3344
-71.0874
-20.765
-78.5383
-65.2594
-123.272
-119.907
-60.3426
-90.6537
-90.6071
-44.8297
-102.683
-16.3735
-55.2053
-25.7173
-96.4261
-30.0899
-77.9015
-45.7147
-17.1045
-32.2502
-11.4004
-84.0605
-87.4409
-59.8999
-84.8717
-23.2018
-33.8499
-33.86
-62.4345
-31.4705
-34.3757
-98.8725
-88.3502
-41.1099
-32.2215
-87.1372
-39.2342
-20.9997
-108.659
-113.701
-35.3924
-71.4292
-82.73
-91.7833
-13.2034
-88.2018
-62.9884
-14.0474
-116.955
-96.5635
-59.4289
-63.1224
-119.985
-23.3168
-45.4331
-49.7991
-36.645
-52.901
-58.3692
-50.4209
-35.73
-99.4434
-27.4274
-41.243
-80.8537
-99.0208
-61.2729
-61.7438
-52.5839
-116.25
-49.5676
-42.8148
-90.4417
-34.5023
-79.7332
-82.7753
-56.9929
-14.3576
-43.393
-43.9635
-68.5442
-101.261
-93.3997
-122.521
-119.821
-29.8316
-68.6406
-98.8217
-13.9237
-47.9225
-53.432
-86.9328
-91.2785
-75.2224
-44.1218
-95.0904
-22.6509
-102.774
-43.7432
-23.5473
-111.389
-15.4716
-91.0735
-31.5726
-77.695
-47.2098
-25.8642
-29.311
-120.246
-70.5569
-100.851
-28.063
-11.59
-50.869
-31.0354
-33.861
-94.6366
-27.3609
-38.0148
-60.5824
-84.5877
-46.6616
-64.7554
-40.7549
-54.1306
-55.982
-37.1743
-57.5769
-124.843
-113.428
-61.5466
-105.633
-47.0116
-87.8975
-83.3481
-113.028
-51.5022
-81.9822
-67.1796
-59.4654
-56.9799
-61.23
-105.899
-76.6158
-116.897
-52.2181
-48.2249
-43.0983
-55.3932
-25.5167
-30.2091
-53.3689
-79.3104
-45.8991
-55.0861
-96.8965
-34.9006
-41.0773
-38.6316
-44.8908
-58.7254
-74.3468
-122.839
-52.2476
-111.6
-64.5092
-84.7884
-53.451
-50.3024
-115.585
-71.2494
-57.0534
-120.389
-13.4972
-57.7861
-68.3179
-18.3842
-25.1665
-57.2783
-52.0851
-61.5177
-28.6611
-55.0336
-90.2045
-65.8626
-65.9817
-62.769
-50.7084
-46.9516
-76.3267
-30.2351
-39.3138
-62.3397
-26.8387
-48.4351
-116.025
-115.209
-107.062
-17.3302
-38.545
-45.7086
-24.3754
-31.0723
-71.9554
-21.8109
-97.7308
-73.9907
-99.2329
-70.5773
-89.9705
-105.516
-73.5638
-32.9104
-106.285
-28.0055
-69.6886
-24.5799
-40.5417
-27.7335
-32.3098
-40.5407
-88.327
-25.0014
-26.8355
-72.1011
-78.2123
-54.914
-91.7521
-23.0501
-24.3646
-107.146
-82.7533
-29.2001
-25.1833
-24.8746
-62.111
-9.88373
-18.9732
-67.1854
-45.849
-108.09
-87.9521
-77.1104
-28.6387
-83.4141
-64.9744
-42.0343
-53.5773
-91.3225
-61.6999
-38.165
-44.3113
-74.7428
-29.7412
-14.6836
-89.8609
-61.6211
-58.5807
-49.3349
-41.3868
-33.1978
-57.2983
-19.2579
-100.455
-109.303
-27.3249
-110.173
-118.488
-55.0624
-55.2713
-32.4536
-93.895
-121.095
-28.5167
-41.9723
-30.2166
-101.247
-129.555
-75.6119
-29.8861
-27.4335
-44.8315
-81.7998
-104.37
-71.9792
-137.488
-225.267
-189.693
-153.759
-209.574
-191.914
-207.706
-190.846
-173.166
-218.63
-165.871
-181.21
-145.691
-222.424
-194.628
-219.74
-146.64
-149.99
-169.697
-158.811
-157.482
-183.944
-150.902
-211.65
-185.078
-202.788
-191.315
-204.356
-153.553
-213.658
-173.146
-210.486
-207.762
-143.954
-159.352
-220.356
-161.749
-196.065
-141.248
-160.903
-212.361
-213.284
-125.771
-161.093
-197.753
-217.816
-165.372
-166.25
-128.245
-210.303
-209.345
-168.318
-194.238
-160.469
-196.968
-193.99
-207.395
-153.31
-159.693
-134.221
-217.254
-192.554
-149.037
-184.238
-213.864
-134.098
-157.348
-191.803
-167.257
-163.879
-153.609
-149.281
-218.496
-137.723
-139.252
-192.962
-170.864
-121.956
-151.421
-186.001
-214.854
-194.211
-148.866
-155.911
-195.981
-133.7
-174.29
-176.438
-187.116
-185.678
-151.839
-206.945
-131.336
-165.439
-191.302
-191.467
-215.04
-181.88
-135.999
-175.972
-192.345
-218.681
-172.303
-199.251
-134.962
-179.379
-147.255
-145.247
-170.952
-140.833
-169.979
-196.986
-182.494
-163.971
-190.935
-183.37
-199.325
-183.934
-160.227
-203.282
-161.655
-188.711
-125.741
-141.866
-159.44
-186.889
-149.362
-201.221
-216.055
-178.228
-206.609
-176.774
-157.148
-220.064
-209.173
-215.038
-157.796
-139.842
-185.802
-137.667
-205.851
-139.157
-200.898
-192.936
-165.663
-217.261
-155.073
-221.173
-182.693
-171.511
-227.675
-221.537
-171.629
-133.186
-174.864
-197.15
-204.782
-180.108
-203.45
-175.812
-192.41
-191.226
-153.143
-188.131
-168.482
-200.896
-202.812
-146.592
-204.145
-154.238
-178.226
-150.493
-148.749
-184.008
-196.161
-156.894
-142.69
-217.445
-196.096
-192.366
-150.425
-182.754
-220.223
-167.114
-190.008
-141.993
-151.059
-197.327
-213.765
-197.748
-143.854
-191.272
-193.563
-149.471
-142.561
-181.862
-165.228
-213.412
-203.11
-136.892
-184.47
-126.98
-176.248
-213.798
-162.872
-217.132
-224.608
-163.572
-145.841
-164.781
-135.185
-201.62
-163.04
-113.622
-118.595
-147.652
-147.461
-207.622
-145.951
-124.542
-224.317
-211.329
-187.085
-144.537
-169.948
-122.629
-155.208
-207.545
-190.089
-210.218
-128.133
-149.059
-130.473
-158.795
-155.461
-193.111
-110.678
-131.913
-211.501
-124.179
-173.299
-204.918
-192.625
-141.073
-142.397
-141.396
-159.537
-205.659
-186.764
-202.852
-169.81
-224.383
-159.74
-186.07
-202.069
-171.57
-167.493
-180.201
-148.894
-178.869
-218.972
-142.591
-143.894
-154.023
-181.735
-196.712
-179.486
-207.511
-186.472
-123.437
-155.114
-216.284
-175.691
-120.669
-154.262
-151.81
-111.226
-154.134
-203.076
-116.267
-151.287
-225.892
-125.837
-162.972
-137.865
-168.563
-134.683
-206.819
-163.69
-185.521
-194.381
-190.092
-218.246
-202.265
-164.344
-127.274
-180.232
-139.184
-191.256
-156.828
-146.394
-217.19
-141.866
-156.541
-153.732
-174.643
-144.775
-164.038
-155.343
-179.534
-172.026
-216.621
-162.853
-173.74
-199.87
-226.64
-135.631
-187.606
-213.887
-135.816
-157.027
-167.111
-126.441
-113.922
-148.95
-117.052
-131.811
-176.471
-160.738
-162.886
-136.205
-130.759
-177.475
-171.048
-168.958
-183.785
-180.28
-201.533
-176.593
-127.692
-125.27
-159.206
-170.806
-147.292
-135.285
-107.608
-107.219
-106.544
-186.892
-188.549
-202.095
-194.67
-132.536
-232.083
-137.599
-135.89
-197.729
-130.441
-156.076
-135.516
-223.501
-161.406
-182.81
-210.164
-156.854
-138.482
-151.855
-192.9
-177.836
-139.875
-111.266
-119.383
-128.552
-202.732
-154.97
-204.811
-183.837
-122.586
-149.133
-133.118
-146.734
-219.72
-182.038
-221.826
-131.236
-210.326
-189.586
-195.987
-177.083
-142.552
-160.063
-175.102
-153.111
-121.188
-207.974
-123.738
-196.878
-193.827
-135.115
-186.854
-198.429
-157.675
-198.534
-133.039
-162.017
-115.374
-191.138
-215.235
-197.56
-221.408
-212.876
-136.487
-118.621
-148.647
-207.28
-198.567
-163.222
-143.569
-199.226
-121.983
-159.14
-223.871
-207.48
-126.612
-169.128
-111.883
-179.762
-173.56
-202.531
-152.3
-187.695
-133.121
-183.679
-132.506
-191.903
-185.878
-145.565
-162.905
-230.81
-204.947
-209.938
-126.46
-185.087
-139.712
-150.928
-205.95
-124.372
-137.214
-116.669
-161.977
-156.554
-139.079
-155.14
-133.735
-147.926
-128.051
-168.953
-144.099
-129.826
-213.564
-163.92
-139.166
-160.352
-135.358
-209.283
-139.823
-216.111
-138
-135.342
-164
-145.338
-213.381
-204.321
-165.741
-187.226
-127.631
-198.026
-128.356
-196.805
-151.961
-121.543
-117.377
-154.432
-200.278
-197.417
-164.62
-147.956
-134.094
-215.354
-171.729
-140.533
-172.74
-122.928
-189.716
-115.84
-177.623
-124.531
-153.31
-213.478
-164.989
-163.477
-142.976
-146.01
-212.635
-166.69
-168.473
-205.42
-170.038
-166.027
-168.214
-133.057
-116.397
-194.631
-115.23
-106.639
-135.077
-152.168
-153.913
-163.883
-144.216
-215.499
-191.232
-146.949
-163.247
-215.73
-154.865
-150.123
-192.409
-138.332
-146.036
-166.117
-194.407
-211.402
-217.026
-127.742
-129.617
-188.238
-159.224
-159.44
-183.46
-163.165
-124.72
-145.009
-217.125
-106.623
-160.033
-147.382
-105.977
-188.295
-115.072
-108.727
-111.473
-205.074
-161.26
-126.976
-109.975
-176.317
-188.018
-198.874
-122.486
-196.156
-150.679
-200.896
-178.797
-146.693
-214.318
-138.323
-186.911
-107.252
-157.825
-186.787
-231.66
-150.178
-166.496
-196.809
-121.51
-176.223
-108.093
-125.714
-117.694
-129.897
-164.571
-130.893
-123.434
-129.892
-205.252
-184.516
-140.51
-174.436
-184.621
-224.222
-180.182
-196.941
-124.771
-190.6
-165.821
-130.675
-226.912
-149.946
-150.708
-245.6
-222.363
-273.561
-270.53
-270.296
-243.105
-316.834
-307.139
-307.781
-244.358
-243.788
-236.698
-270.428
-281.499
-273.206
-228.302
-261.917
-258.926
-250.79
-328.883
-283.772
-297.609
-231.414
-291.051
-240.327
-247.172
-247.126
-299.181
-236.613
-282.39
-243.118
-306.837
-253.892
-303.558
-248.513
-247.999
-282.565
-265.733
-254.075
-237.236
-295.183
-229.549
-295.342
-249.542
-319.471
-224.48
-263.455
-311.137
-277.606
-236.639
-234.073
-279.166
-264.837
-257.49
-239.36
-265.732
-308.948
-243.451
-274.975
-254.55
-278.474
-223.526
-328.665
-241.3
-285.528
-264.025
-250.43
-270.77
-259.016
-295.131
-272.441
-262.585
-261.269
-262.722
-262.638
-246.487
-230.726
-235.257
-238.333
-235.959
-252.409
-283.499
-264.174
-270.543
-242.359
-294.574
-275.39
-304.78
-246.159
-302.034
-305.263
-313.63
-261.359
-322.389
-268.905
-283.483
-281.131
-305.497
-303.384
-261.437
-286.046
-265.061
-225.722
-234.675
-305.191
-253.685
-317.219
-241.769
-244.257
-294.448
-279.448
-281.389
-242.908
-270.261
-290.888
-288.853
-305.288
-313.864
-308.508
-234.147
-297.922
-293.368
-276.62
-243.742
-298.998
-253.671
-269.346
-254.813
-246.288
-279.531
-289.42
-245.417
-291.36
-285.452
-268.26
-232.241
-273.06
-251.131
-230.317
-259.933
-283.43
-222.11
-246.868
-294.553
-240.104
-247.234
-238.519
-279.407
-266.201
-253.358
-296.264
-298.892
-253.981
-253.586
-269.44
-255.446
-263.324
-302.836
-245.573
-224.864
-265.116
-313.89
-313.169
-282.64
-280.051
-262.35
-239.993
-262.795
-235.04
-271.218
-319.365
-288.166
-280.861
-299.879
-284.865
-285.436
-266.628
-283.217
-270.997
-295.968
-266.3
-279.558
-314.159
-241.602
-235.253
-265.545
-286.658
-233.023
-276.629
-311.321
-259.633
-248.808
-292.538
-298.387
-274.549
-219.391
-218.419
-298.25
-246.403
-307.949
-35.5696
-40.042
-91.8829
-86.5352
-74.435
-85.8667
-109.018
-45.8861
-53.6912
-64.5112
-54.5569
-76.0779
-59.283
-19.4415
-73.8247
-43.7365
-113.84
-98.6246
-58.0666
-99.8839
-15.0131
-88.2207
-125.024
-53.2413
-69.925
-107.632
-55.5664
-69.2474
-68.3556
-93.3287
-102.6
-77.2832
-72.9201
-46.9368
-57.8494
-5.93857
-35.3648
-90.44
-73.5931
-126.919
-42.1254
-71.9965
-25.7472
-49.7106
-91.358
-72.3999
-34.8019
-107.328
-38.4633
-57.1071
-83.3054
-90.5466
-63.1362
-15.9567
-9.6246
-101.992
-68.3188
-50.2385
-19.3933
-42.4646
-27.7945
-92.4624
-68.0637
-21.3735
-37.4014
-64.7112
-101.347
-49.7686
-50.0112
-14.1224
-56.507
-71.726
-80.9769
-92.9026
-70.9446
-33.2782
-51.1781
-92.4864
-64.8808
-8.05772
-13.8357
-26.9236
-54.8709
-9.16963
-75.6721
-101.903
-116.988
-12.194
-101.798
-89.9198
-50.1456
-55.092
-117.527
-114.486
-64.0009
-74.5959
-48.9319
-49.6279
-84.1531
-57.0748
-98.5914
-27.6821
-54.3613
-40.8746
-94.8032
-33.4577
-97.028
-90.8397
-40.4277
-45.7081
-51.3735
-73.4693
-89.5916
-68.7627
-36.3409
-20.243
-104.347
-75.5095
-42.5434
-30.3358
-62.5982
-12.4034
-29.1473
-83.239
-53.1864
-65.118
-48.0747
-87.3596
-53.0448
-54.2845
-38.4644
-118.013
-29.5694
-82.2393
-14.8282
-100.566
-40.7651
-79.1792
-77.4935
-59.1537
-26.406
-72.4508
-55.5346
-82.7528
-27.8737
-75.0412
-110.159
-94.0761
-47.9911
-27.4442
-118.419
-62.9853
-105.654
-32.7828
-83.3621
-53.3464
-67.1202
-80.7522
-24.466
-50.2566
-74.5526
-44.8038
-41.5377
-76.5026
-109.713
-60.3082
-14.2701
-44.4944
-106.42
-107.526
-53.1167
-22.2796
-88.1505
-49.6076
-64.6937
-106.987
-113.949
-56.1857
-109.936
-101.427
-63.5779
-57.1611
-123.965
-58.2711
-58.5937
-47.8125
-82.517
-42.1863
-23.4346
-100.001
-46.2263
-45.9542
-116.771
-51.7793
-92.1604
-71.5035
-25.4931
-23.0882
-61.3633
-36.8694
-72.1613
-30.9252
-70.5196
-101.367
-50.8063
-75.906
-121.476
-86.0642
-32.3216
-122.371
-67.9082
-121.498
-44.7454
-20.9356
-42.3633
-86.982
-52.7337
-46.6124
-104.258
-35.7285
-55.9966
-72.3939
-44.3872
-38.2427
-78.4487
-51.2443
-34.9236
-110.621
-10.1926
-33.0485
-30.6096
-67.0408
-96.3498
-124.722
-32.5156
-101.202
-102.229
-73.1824
-69.9634
-100.443
-121.371
-91.5207
-59.1483
-119.71
-25.4604
-44.0602
-40.5609
-106.81
-55.6103
-10.2541
-98.7969
-42.2431
-39.327
-25.941
-91.3749
-44.5751
-40.6789
-26.2735
-75.5277
-62.529
-47.9319
-94.0725
-32.484
-76.1212
-105.285
-62.8644
-30.8544
-39.4429
-65.802
-68.9511
-98.6596
-96.6175
-32.9023
-72.8182
-115.055
-48.1388
-77.1938
-23.2116
-88.3522
-34.0387
-44.9457
-51.2119
-97.4917
-63.8161
-72.1555
-73.813
-122.443
-10.5748
-50.6036
-29.9979
-4.93581
-64.2698
-51.6923
-71.0783
-38.2181
-57.298
-31.8926
-61.0453
-18.3158
-71.9303
-48.6951
-17.8619
-20.4202
-23.1199
-83.9264
-112.67
-62.8093
-51.7957
-23.2329
-72.3672
-51.1919
-64.7155
-53.2322
-56.5083
-66.4315
-109.265
-68.6752
-74.5642
-26.4337
-78.2887
-116.644
-53.2922
-58.3246
-83.6202
-72.2601
-39.8658
-58.2955
-111.552
-45.0213
-71.0547
-93.8292
-47.2838
-74.9531
-75.632
-107.493
-59.0341
-79.9375
-100.056
-83.2605
-4.43653
-82.4572
-109.544
-37.844
-54.416
-67.4296
-47.9311
-92.0408
-48.3261
-69.1425
-114.549
-74.7208
-66.6066
-81.6663
-82.0064
-104.6
-73.9272
-106.634
-29.0934
-41.3065
-26.2768
-81.9062
-95.4868
-38.7578
-27.0495
-83.0587
-98.0449
-37.1063
-73.9027
-58.3446
-67.2732
-106.189
-4.20957
-33.0782
-64.3167
-50.4456
-68.5448
-50.6157
-46.9878
-64.3018
-65.301
-99.3737
-96.9887
-32.5542
-69.7866
-28.1577
-91.2556
-19.6204
-118.898
-58.9296
-69.7391
-49.1624
-55.9532
-98.2491
-66.9848
-50.8478
-31.0003
-89.9658
-50.9023
-77.5441
-81.0685
-199.733
-155.917
-173.691
-142.046
-165.21
-197.563
-143.619
-159.359
-184.734
-137.634
-219.498
-171.677
-220.028
-186.183
-182.709
-205.813
-206.434
-218.491
-176.94
-208.976
-178.715
-165.719
-193.848
-199.757
-166.521
-190.384
-198.912
-164.013
-150.523
-173.83
-144.929
-163.524
-167.683
-138.992
-193.075
-172.177
-156.725
-181.93
-164.791
-201.334
-180.068
-195.095
-201.811
-166.626
-173.025
-201.41
-193.951
-144.219
-131.533
-206.196
-188.573
-210.617
-189.831
-187.006
-122.214
-159.05
-223.975
-202.098
-199.329
-166.527
-220.698
-150.01
-205.516
-157.038
-192.964
-179.475
-138.763
-151.365
-131.323
-150.262
-149.245
-184.176
-141.93
-128.362
-147.884
-185.783
-135.831
-152.234
-134.477
-181.075
-128.099
-174.322
-170.632
-230.087
-135.93
-182.778
-182.932
-182.586
-201.915
-199.939
-191.119
-182.697
-207.228
-158.14
-198.666
-138.069
-170.314
-138.964
-188.431
-214.941
-187.025
-182.445
-164.887
-180.274
-157.934
-135.662
-183.77
-145.521
-120.454
-170.436
-205.369
-188.125
-214.143
-191.721
-202.182
-175.22
-138.077
-184.913
-135.787
-136.269
-191.159
-182.674
-201.718
-152.403
-208.661
-136.686
-172.809
-167.674
-178.827
-148.994
-135.217
-163.823
-183.033
-164.918
-220.83
-224.972
-154.136
-200.134
-157.38
-159.305
-157.115
-173.058
-150.052
-213.184
-164.08
-209.902
-207.148
-144.601
-149.245
-184.93
-196.022
-187.172
-171.465
-150.78
-216.235
-226.949
-216.82
-146.604
-143.134
-207.854
-161.046
-179.1
-204.204
-223.881
-150.153
-197.585
-143.124
-179.18
-129.658
-169.046
-180.513
-133.063
-138.929
-174.63
-154.18
-135.945
-137.981
-163.619
-167.984
-172.587
-145.418
-158.189
-138.929
-142.223
-202.653
-154.947
-199.474
-135.165
-191.707
-205.743
-185.852
-162.911
-218.505
-169.906
-172.087
-149.38
-171.294
-168.951
-202.421
-200.241
291.28
237.137
231.759
247.543
262.404
266.056
270.809
211.667
228.862
182.624
217.502
275.639
256.476
237.236
226.452
238.096
259.078
248.598
247.806
211.15
243.844
196.984
207.721
271.614
265.722
228.01
275.285
276.528
283.856
261.335
287.704
232.564
195.851
284.983
261.162
287.875
288.319
275.563
232.273
245.325
288.877
205.638
230.505
261.84
255.611
196.466
255.456
241.275
195.362
193.64
247.384
224.519
267.622
251.451
255.243
212.191
268.91
211.125
268.184
227.151
172.295
243.462
247.643
225.704
255.36
264.184
254.347
223.151
208.182
233.104
257.977
267.401
255.207
169.617
234.339
209.765
195.876
252.169
172.839
276.963
188.602
190.382
259.808
186.558
186.836
261.027
273.232
292.057
236.714
245.436
257.476
230.54
257.122
213.605
206.038
251.656
228.932
210.201
178.359
257.264
225.66
201.236
248.911
269.277
234.124
255.641
212.856
263.213
226.515
260.513
242.447
227.658
216.278
204.994
241.638
206.317
223.861
293.251
241.634
216.024
296.047
258.825
202.957
289.653
270.401
203.474
252.006
224.488
249.017
242.315
204.142
197.774
193.709
207.899
204.633
266.119
244.602
229.196
222.654
238.321
262.307
274.422
226.27
226.747
207.086
269.908
243.67
262.858
261
244.178
246.169
178.142
260.29
236.771
265.12
251.356
223.901
268.709
240.036
259.341
197.695
275.582
228.046
278.248
191.172
273.171
289.455
230.98
213.392
237.157
293.168
221.034
192.328
284.621
281.531
266.001
235.662
250.766
263.018
271.468
233.771
219.179
263.197
248.666
229.132
236.233
223.839
233.443
194.055
234.683
257.89
218.234
217.484
248.143
175.306
215.78
214.792
244.588
278.537
291.301
204.989
208.577
205.468
214.006
238.521
224.643
248.454
195.945
238.108
259.189
220.59
263.029
248.937
263.558
247.69
203.106
239.648
188.784
186.054
197.63
236.601
184.282
207.666
203.811
194.856
199.586
260.041
180.925
200.339
212.563
194.301
206.808
198.363
235.966
235.006
253.554
211.075
200.227
265.686
224.066
264.809
172.728
275.418
238.078
212.292
261.013
201.514
273.189
226.013
248.356
215.241
290.167
175.949
193.152
246.817
175.398
237.409
207.578
181.933
277.051
268.033
208.756
287.074
235.455
226.723
260.994
230.267
203.995
247.4
233.891
221.912
209.326
202.841
213.016
212.967
205.357
228.263
281.116
224.364
295.79
240.959
212.545
231.186
264.588
263.344
226.744
241.679
203.682
241.581
245.41
234.066
195.976
275.494
237.693
276.763
225.439
189.977
258.501
255.097
205.313
230.447
272.299
202.019
271.458
230.915
203.436
267.517
275.248
282.481
270.025
185.376
266.381
243.012
241.347
210.605
203.955
249.426
186.991
249.461
253.979
271.067
240.217
181.299
245.673
249.259
249.999
248.016
190.438
183.446
243.942
260.32
230.504
207.669
259.64
196.984
212.916
257.219
241.6
179.435
269.208
258.348
220.001
232.804
208.471
273.3
230.498
298.587
226.404
268.886
202.707
219.156
195.561
289.904
254.6
224.202
220.038
179.807
214.374
276.319
259.052
224.596
260.854
274.34
178.462
202.609
268.389
223.351
229.395
225.899
253.955
294.052
289.272
283.116
271.899
227.889
211.851
282.371
183.376
272.861
250.937
280.925
225.793
211.731
244.991
244.636
192.504
232.224
196.559
275.193
286.02
231.825
293.969
201.642
279.517
291.099
231.169
249.608
188.979
196.309
190.178
88.3371
163.041
95.7781
131.557
162.628
121.597
89.2651
141.348
86.2982
104.695
171.507
154.51
158.692
102.631
85.0911
137.396
151.464
106.23
163.787
145.961
139.889
134.209
119.136
140.387
141.495
160.668
154.462
87.633
158.146
157.859
116.686
112.72
136.481
90.3497
142.247
145.598
154.782
98.7797
100.649
135.482
113.226
85.03
135.135
77.7365
145.74
111.537
124.223
146.991
83.322
131.972
77.0442
138.677
140.73
167.923
127.073
100.798
102.075
123.081
89.4745
92.8432
122.173
95.4261
107.959
123.214
167.304
107.756
148.969
102.944
105.651
145.264
101.494
145.849
162.519
116.318
168.889
127.764
141.909
113.158
115.939
75.9373
93.253
141.228
110.346
127.873
143.56
112.329
169.383
71.3922
113.204
124.353
165.515
168.695
150.479
127.899
114.232
142.51
155.408
136.663
138.298
150.663
72.8531
153.675
134.519
155.493
148.233
157.769
99.466
105.655
135.173
137.645
100.094
124.837
122.183
137.796
165.051
146.46
118.806
127.574
132.602
152.241
109.602
161.284
124.716
108.021
81.4906
155.269
103.355
128.079
99.0593
117.334
140.519
116.123
141.024
145.962
97.1294
100.179
165.86
150.537
131.533
108.177
130.999
133.16
146.155
133.543
110.689
106.543
161.873
151.778
104.746
148.788
142.851
124.642
150.982
107.103
137.965
136.902
156.621
137.703
87.0631
154.516
129.729
146.943
125.509
138.785
158.011
170.393
92.6369
103.81
123.996
112.876
159.54
141.103
99.7336
132.095
139.994
94.3146
112.365
178.472
154.237
93.8719
175.547
128.124
152.012
125.314
89.3221
155.371
122.431
129.196
92.9139
127.936
84.6555
156.672
140.375
121.232
97.1244
173.425
130.479
158.109
162.958
120.876
316.536
357.662
326.871
322.196
343.196
367.632
342.597
382.296
281.631
320.409
348.98
379.574
341.843
366.435
387.341
316.327
333.705
369.588
368.922
346.217
385.05
335.924
327.698
338.522
324.617
364.261
308.155
381.577
355.41
344.559
350.923
316.695
355.166
291.087
341.202
340.962
290.272
338.404
387.738
371.008
348.586
309.39
382.651
328.704
316.038
338.247
332.628
333.153
306.553
365.877
365.711
343.38
316.664
295.285
356.066
296.423
325.273
353.887
340.402
331.799
319.576
371.342
298.78
364.752
362.4
349.926
287.15
340.428
354.809
319.863
307.968
370.026
330.979
331.293
313.387
338.188
312.467
297.002
365.312
308.968
297.613
316.589
346.897
347.843
312.063
334.974
311.936
378.795
326.788
286.442
367.615
299.055
279.816
275.525
389.953
382.924
347.735
295.631
364.706
363.295
371.746
364.3
335.83
359.236
341.298
356.833
365.702
304.955
286.98
319.107
313.069
294.239
325.97
318.208
342.426
334.417
381.655
301.68
368.11
375.481
354.342
337.804
289.63
372.134
301.912
326.267
355.643
343.817
370.753
372.678
350.192
317.96
297.126
357.493
287.108
374.541
326.864
295.968
335.029
278.999
298.845
359.367
364.246
316.415
334.327
317.271
299.3
338.483
287.62
347.248
378.689
354.77
361.191
294.799
370.468
323.842
380.875
384.364
332.383
312.533
337.025
301.903
343.896
354.704
337.03
276.415
311.968
378.964
319.378
376.808
314.345
351.696
357.552
271.795
346.372
351.783
324.798
365.446
310.335
302.914
318.874
345.01
321.871
376.627
318.641
295.82
278.437
370.66
333.895
318.029
304.006
275.764
393.122
300.879
318.85
333.48
374.295
361.745
292.172
317.07
303.905
373.806
346.596
338.681
298.579
344.329
388.508
301.435
334.927
311.212
375.378
311.804
339.136
374.983
295.091
340.595
319.716
337.764
364.057
391.142
329.911
287.603
370.102
322.386
346.216
361.548
303.84
335.819
358.485
343.872
352.452
372.12
323.391
335.598
314.43
319.256
379.534
332.654
328.245
278.412
397.335
382.606
331.077
323.686
361.575
313.451
302.785
346.076
358.803
358.437
394.933
338.471
346.265
373.46
360.72
389.636
390.509
330.146
332.983
308.766
308.411
336.199
294.372
317.478
329.929
322.797
364.428
274.745
310.216
284.189
304.423
361.489
311.745
351.761
346.05
306.996
335.836
350.172
282.707
356.059
374.226
368.647
351.752
300.783
280.906
341.159
343.283
322.115
390.554
275.783
289.499
366.724
302.753
331.408
362.262
363.176
336.242
372.938
292.816
320.783
345.255
358.049
327.644
280.631
336.652
342.207
361.306
365.6
298.08
359.025
278.772
319.509
328.59
299.832
287.277
315.938
345.303
336.101
277.806
396.105
342.258
307.873
363.344
364.27
304.594
322.562
329.895
349.229
384.938
308.189
379.126
346.235
281.574
362.122
337.2
317.801
291.419
343.372
351.067
282.963
316.506
387.297
357.598
322.872
357.281
281.822
361.648
280.216
372.833
356.203
383.642
291.993
269.449
296.394
341.283
302.217
322.035
302.431
285.589
319.699
322.617
276.397
329.95
282.846
343.647
383.196
337.019
349.247
369.323
336.3
351.299
379.247
303.493
359.661
295.105
331.933
351.848
343.52
318.049
298.853
319.763
359.291
360.383
381.669
290.691
352.179
342.698
381.905
300.655
371.591
311.889
353.215
366.699
281.895
281.634
284.031
362.726
281.564
285.619
302.827
232.084
210.503
188.168
248.827
207.853
193.687
231.297
197.285
211.552
221.634
269.015
265.471
265.282
249.922
210.915
280.721
258.425
243.212
239.046
263.204
243.306
253.915
233.572
218.032
201.449
266.312
278.219
204.255
211.577
260.803
227.816
207.159
220.118
225.969
225.338
222.608
255.33
269.611
196.307
243.391
243.142
231.872
220.036
243.121
217.347
225.794
257.659
182.77
261.846
227.697
252.975
253.488
260.381
213.687
257.149
251.155
233.892
227.199
264.388
225.036
192.715
250.328
260.976
257.1
204.529
270.715
215.673
271.278
251.792
235.535
175.855
222.064
214.687
210.915
215.314
186.412
189.253
217.44
262.15
255.919
268.094
237.367
252.411
255.177
269.786
235.609
236.11
255.233
196.121
276.553
216.135
221.47
199.633
253.728
225.265
238.067
260.236
253.953
220.066
245.09
187.891
224.942
202.047
235.604
255.861
258.32
192.224
225.261
235.256
222.635
240.586
243.286
257.333
214.427
208.605
206.972
260.649
229.856
196.895
246.009
226.156
208.519
241.841
249.915
218.99
179.436
195.428
213.863
217.718
232.243
262.285
270.803
207.306
180.855
220.059
203.171
222.918
216.469
182.171
210.667
237.22
178.389
264.351
232.08
224.412
219.877
247.724
206.34
251.09
244.1
250.056
235.993
200.627
236.975
227.064
182.418
222.33
246.048
217.061
246.371
181.123
257.354
206.934
193.185
203.659
237.656
206.515
246.178
187.396
250.444
189.939
254.495
272.727
272.372
273.609
262.832
171.665
258.829
232.059
266.275
246.047
222.712
263.577
239.381
277.943
253.141
195.554
225.711
235.278
264.613
274.826
255.202
261.343
233.035
270.333
207.807
265.716
194.938
232.243
212.989
372.283
440.883
389.622
401.812
471.491
458.677
452
468.666
455.621
409.382
399.119
398.628
421.125
449.533
408.045
407.609
417.009
483.345
448.395
469.221
398.595
428.344
410.114
475.742
422.72
382.503
413.505
452.803
454.664
453.8
420.924
398.931
392.344
442.743
437.472
456.089
447.561
381.941
443.203
412.251
378.243
474.393
421.267
392.309
449.574
428.019
440.452
478.206
421.388
411.415
472.605
429.558
398.957
467.758
457.653
452.475
460.637
448.291
392.895
388.753
406.646
379.219
453.581
470.348
404.093
459.851
440.259
468.826
437.575
397.39
473.797
419.698
397.462
451.023
416.424
421.548
424.847
402.864
461.314
421.357
472.23
487.651
452.091
436.879
384.836
397.808
422.382
405.923
392.197
410.268
473.107
432.117
388.247
399.571
389.016
483.72
417.523
430.624
395.754
461.348
471.058
486.399
464.667
437.768
413.265
382.994
488.163
426.86
490.363
403.709
395.026
436.384
449.766
462.326
392.253
419.832
427.162
408.735
462.798
448.62
455.884
462.883
407.815
471.322
460.503
432.697
466.174
463.603
465.846
373.583
439.847
424.535
405.078
414.91
443.66
452.662
428.596
434.78
453.762
477.663
474.874
441.52
447.378
439.28
444.158
390.499
442.434
387.223
465.35
446.931
397.773
461.351
400.386
376.988
447.483
420.11
432.61
477.072
468.626
385.007
400.925
423.904
444.234
484.88
487.338
411.767
426.063
436.013
432.557
470.392
453.581
463.137
445.66
384.775
475.091
458.794
455.682
462.725
428.359
449.274
470.885
457.187
443.349
441.768
443.544
458.895
463.314
389.378
497.708
450.872
394.802
483.96
389.904
474.997
450.922
483.124
449.475
371.321
396.948
409.665
431.551
444.94
401.002
481.398
459.368
480.075
472.549
418.472
473.446
382.901
441.498
445.35
433.502
389.591
391.73
432.427
376.128
405.914
475.934
448.326
482.457
417.662
478.274
468.979
432.809
415.322
432.578
469.466
399.044
444.379
418.796
442.198
447.169
441.237
430.208
391.88
442.541
483.329
410.06
442.704
467.758
450.259
481.777
440.551
457.423
447.612
433.556
444.896
385.575
389.829
456.974
464.06
424.282
476.559
400.615
458.672
452.07
429.393
475.203
436.675
437.027
475.989
463.77
396.082
480.52
484.148
381.691
419.204
478.257
476.602
387.035
448.886
454.803
436.893
435.217
469.798
464.074
412.063
462.61
436.043
446.587
457.183
475.61
478.25
463.516
388.269
464.839
418.21
436.852
455.5
458.712
400.753
431.94
465.325
447.682
405.565
417.196
370.375
457.763
470.028
439.968
414.401
418.779
410.843
455.252
487.098
429.157
451.015
462.246
380.777
391.653
386.532
402.328
447.866
384.479
477.005
416.991
382.772
434.064
426.815
399.317
460.315
379.151
464.423
457.101
419.939
407.135
417.515
494.536
449.352
399.247
482.809
371.912
371.233
475.978
437.297
414.35
452.609
425.13
438.341
443.472
392.691
451.84
464.803
427.739
389.965
479.805
428.44
380.045
441.156
446.087
391.963
379.585
382.882
408.36
411.398
406.532
432.261
410.566
413.467
407.896
389.708
412.389
427.302
484.175
441.007
384.017
466.99
401.178
384.484
410.252
423.75
407.9
445.751
388.925
463.433
395.186
465.784
472.243
475.343
474.848
467.113
464.296
441.033
400.332
453.476
435.818
456.454
446.03
370.069
403.36
494.383
466.796
470.956
431.784
476.468
426.92
460.218
420.203
387.023
339.433
320.171
325.536
302.718
320.977
337.717
318.601
361.929
354.901
321.965
336.908
339.259
348.323
309.044
367.488
346.527
349.414
345.939
287.78
306.243
367.637
355.821
341.142
349.658
335.683
293.386
329.624
365.675
285.563
298.886
281.579
305.715
331.405
342.63
301.675
374.158
342.977
344.98
301.115
338.159
293.031
305.32
308.902
340.479
303.295
281.918
288.749
363.207
326.465
356.951
341.797
329.436
365.591
297.744
320.548
374.478
324.198
350.985
367.176
305.49
271.329
329.959
335.519
279.932
303.49
371.938
363.707
361.22
295.661
355.703
312.121
310.328
308.893
333.86
327.578
318.985
340.895
361.773
314.424
324.794
279.941
315.957
344.555
276.606
315.557
304.411
376.691
312.931
282.525
280.622
292.303
369.261
310.33
367.058
354.29
300.183
324.232
333.607
350.803
324.797
311.853
344.098
299.17
344.195
357.554
304.511
345.888
336.206
361.774
377.683
282.105
285.435
366.612
354.507
368.584
362.595
315.479
310.801
371.881
340.643
362.688
315.606
343.145
294.683
337.032
313.411
347.872
301.463
361.7
333.235
355.371
340.211
330.447
342.6
317.781
363.553
325.115
324.395
335.914
313.626
293.252
339.211
301.961
357.654
348.817
311.896
329.469
341.069
296.1
328.726
350.697
308.428
302.414
338.072
282.822
363.128
332.882
331.999
285.647
280.296
325.628
307.587
341.629
342.306
326.862
329.582
343.279
350.313
354.696
355.826
315.037
303.685
327.608
365.755
357.729
367.801
329.701
330.744
338.614
366.01
352.981
335.972
348.973
324.951
278.314
295.553
339.988
319.741
338.965
345.483
329.219
322.551
346.779
291.72
360.106
354.154
296.435
314.859
329.027
356.488
331.748
313.242
387.927
339.859
350.311
294.079
304.982
371.369
297.938
356.931
342.857
345.386
367.778
336.757
294.763
342.776
335.977
305.74
355.962
351.581
321.125
330.95
374.184
345.978
356.712
314.836
324.475
350.244
366.457
366.583
309.292
380.843
340.314
283.786
332.438
330.247
335.555
384.665
342.018
362.102
391.324
292.623
365.216
357.466
340.339
344.364
313.872
350.512
352.947
318.228
326.077
277.708
317.037
358.992
356.263
370.178
365.449
335.562
352.172
327.879
328.108
333.08
371.737
345.344
330.506
322.17
373.456
303.364
311.659
281.04
312.223
325.534
304.504
336.568
354.644
306.589
382.225
376.074
310.954
373.383
359.435
366.249
326.701
325.967
310.126
331.896
373.553
382.108
340.035
353.006
386.643
340.829
306.853
336.089
359.618
340.092
359.93
351.909
344.184
370.126
304.853
323.428
337.021
388.418
303.279
315.384
344.718
281.185
354.661
294.181
323.388
346.965
369.564
366.048
317.521
321.463
299.668
308.477
310.349
381.317
333.791
321.847
360.51
366.753
345.771
367.373
330.623
369.11
363.812
305.468
348.486
347.402
368.45
281.83
324.658
316.194
311.218
293.83
337.887
388.596
376.144
318.853
344.038
281.49
335.474
362.617
365.624
329.667
298.991
351.579
374.141
342.734
281.799
340.06
304.055
369.227
325.317
364.676
330.706
344.266
355.552
386.877
342.282
289.25
292.575
318.861
388.466
323.933
336.048
340.939
290.264
320.614
376.663
367.169
387.598
294.895
354.57
366.79
352.137
331.77
344.187
389.252
393.887
323.118
367.698
307.647
336.169
297.001
326.514
393.399
372.129
317.547
328.779
370.349
354.128
394.865
345.599
370.647
333.854
323.078
311.152
272.655
327.28
335.725
323.513
343.131
295.516
275.192
319.728
288.484
288.973
352.087
272.273
324.713
325.464
343.61
349.686
340.688
314.67
360.096
356.527
272.528
334.123
304.66
326.592
327.904
300.956
324.18
329.133
317.41
370.683
339.222
378.368
309.965
355.677
366.17
304.116
308.518
384.886
295.771
275.373
328.431
381.957
340.189
288.981
384.087
368.65
284.493
339.838
354.547
305.372
333.763
383.886
389.985
359.457
327.576
342.662
338.597
335.259
272.899
354.116
346.388
342.412
357.872
383.715
322.747
371.383
340.383
359.585
347.555
376.885
356.174
362.266
377.285
352.729
329.324
370.387
305.772
364.911
357.778
364.354
348.902
324.029
324.949
329.952
288.671
343.099
348.806
318.177
311.271
385.669
353.461
384.379
360.274
338.748
380.689
299.767
311.541
372.709
299.61
283.2
315.75
326.969
359.573
389.504
343.009
340.565
368.425
348.654
351.077
329.305
316.028
364.254
291.231
284.311
369.499
332.586
292.186
361.084
333.899
306.211
337.529
376.005
361.956
385.909
279.433
300.858
311.304
346.239
345.32
386.292
335.555
282.503
373.975
338.645
372.164
348.15
326.112
316.449
323.169
375.923
293.573
303.545
349.132
381.915
294.651
323.41
346.293
358.386
314.942
370.601
329.293
374.47
298.637
359.18
295.988
308.817
366.875
283.342
308.85
298.311
305.137
358.663
313.152
305.916
328.885
396.571
374.667
358.106
350.184
359.243
351.786
368.514
371.328
312.228
347.1
295.66
283.877
320.556
365.457
311.131
338.282
315.455
331.029
290.033
307.452
308.302
304.248
368.129
351.353
358.882
350.183
332.144
314.142
294.63
394.656
377.537
282.735
279.099
368.061
196.075
267.781
245.308
242.108
257.083
197.364
171.001
191.454
210.215
204.258
252.693
248.952
268.76
178.392
229.996
196.88
238.803
264.476
266.242
225.492
239.759
229.526
266.547
243.677
248.074
218.883
216.248
198.682
199.717
257.907
266.994
271.731
260.686
221.29
222.164
245.82
256.821
259.846
241.069
258.569
235.763
245.769
182.901
216.135
197.692
212.991
218.691
206.395
271.794
182.959
260.174
271.22
190.029
241.932
208.407
236.959
213.574
244.454
246.369
235.439
223.116
235.371
197.804
210.723
211.441
236.003
275.824
272.221
212.709
264.378
220.928
262.22
179.565
276.255
223.754
220.511
191.887
241.721
230.092
238.272
200.272
203.832
210.697
234.655
181.625
223.405
226.066
251.188
206.876
194.267
247.729
176.386
233.023
234.366
258.215
199.426
198.3
225.94
273.019
174.022
242.478
246.905
242.666
183.111
226.4
240.399
255.122
213.534
223.848
194.916
206.615
246.516
203.658
222.208
232.279
169.849
221.968
218.073
186.462
191.414
216.695
254.377
217.089
236.833
187.067
249.444
237.033
268.736
205.247
198.165
238.425
179.762
246.339
207.701
182.628
278.848
181.816
181.611
235.505
248.358
235.406
275.601
247.489
229.091
227.649
216.537
194.685
243.198
256.527
256.976
202.434
255.62
212.74
269.735
202.227
209.194
242.265
254.878
225.624
258.234
202.37
235.868
209.921
198.842
205.663
262.443
255.613
264.238
209.606
269.989
189.336
243.234
205.209
202.704
210.937
213.486
254.501
201.525
257.731
253.936
252.248
224.417
278.412
238.516
244.617
212.08
267.296
226.491
257.123
213.317
230.499
222.108
196.274
234.219
190.115
221.763
238.82
260.249
277.412
232.153
254.425
211.039
282.981
253.297
210.993
208.908
266.884
235.407
255.167
257.686
265.859
211.83
259.946
276.163
245.84
265.251
173.842
205.279
292.233
244.323
243.144
209.453
202.879
255.047
255.424
231.403
223.36
264.503
256.885
238.772
250.816
267.272
249.726
193.122
289.932
246.083
265.328
237.605
230.988
245.833
184.09
236.061
174.682
296.589
201.293
272.846
183.873
209.951
224.265
177.639
255.128
228.791
201.09
182.243
239.989
243.108
248.741
236.074
212.124
289.409
282.065
192.284
217.511
255.646
252.546
258.14
181.879
285.308
220.909
247.713
269.408
223.093
204.737
223.021
244.495
276.924
226.642
239.783
292.527
188.778
257.625
262.407
270.798
194.606
258.23
253.874
265.206
201.516
193.088
224.244
221.694
239.409
206.058
273.384
225.3
268.585
253.01
211.744
204.542
260.564
238.792
210.569
248.366
266.841
241.517
248.538
179.025
200.412
220.601
194.864
238.251
210.555
251.638
249.708
199.792
257.759
247.571
214.887
267.349
244.958
228.498
269.929
260.68
254.457
257.319
240.283
260.555
290.893
213.392
217.333
222.294
274.608
238.493
233.687
252.732
272.879
248.222
200.035
237.469
249.298
217.691
185.245
216.403
277.182
270.598
250.518
261.982
187.541
199.781
209.498
181.923
268.385
253.472
173.737
239.673
285.294
292.012
237.222
219.127
222.182
189.596
270.528
235.748
255.25
239.248
245.884
253.985
294.077
285.088
260.749
257.251
185.855
239.622
225.731
238.598
282.482
273.366
262.558
231.928
281.007
249.021
284.515
247.006
243.679
248.143
268.088
269.228
270.2
271.935
255.975
265.543
191.061
211.808
222.112
244.443
287.978
238.351
244.676
252.855
181.291
202.192
175.306
263.666
276.429
274.192
214.396
262.014
237.451
212.765
267.052
267.591
192.988
197.636
237.007
200.286
212.476
196.489
257.713
204.252
224.073
274.993
206.557
261.721
269.183
180.865
235.161
243.614
271.996
271.833
215.089
204.605
272.804
220.065
194.427
265.848
229.801
237.172
233.313
258.185
270.78
186.094
216.91
290.971
259.668
215.742
237.861
289.602
200.688
275.834
256.327
291.864
254.516
275.744
248.339
255.845
199.278
291.391
296.888
257.702
258.743
249.675
222.622
266.3
189.084
209.434
207.686
236.206
267.395
267.968
215.466
187.949
206.258
219.648
195.252
205.203
268.55
171.407
202.332
244.879
254.803
214.139
228.052
197.379
234.594
279.38
219.338
267.298
226.23
271.975
242.38
217.808
238.348
278.136
197.845
222.219
275.225
278.018
249.379
250.938
187.856
258.923
267.259
210.787
205.19
216.155
240.048
255.542
284.679
268.007
203.58
248.501
188.601
254.812
245.146
273.066
186.022
211.374
197.23
250.828
262.122
181.688
264.64
201.004
268.041
239.55
273.556
204.008
259.265
266.565
260.031
249.959
268.176
266.96
204.913
211.268
262.913
244.042
245.362
250.071
231.625
179.326
275.675
254.044
200.245
291.738
199.769
259.462
256.289
257.006
239.333
203.49
236.451
268.644
277.308
237.496
250.498
229.496
275.571
201.106
254.412
218.449
265.413
273.282
200.971
254.293
266.414
215.281
266.402
223.036
199.389
261.458
283.606
204.31
248.952
241.507
170.472
192.222
226.028
183.09
241.325
265.316
244.067
212.498
292.121
249
199.836
220.114
276.091
177.712
251.545
228.353
255.274
261.34
245.31
245.385
289.012
275.812
179.898
261.669
246.164
110.941
112.428
135.912
180.014
130.717
124.271
117.622
131.866
118.662
118.005
164.597
144.879
143.993
117.84
87.2236
105.047
141.483
71.1813
124.866
94.2691
107.25
138.949
163.824
139.838
128.129
100.689
99.5108
130.21
97.475
149.426
162.451
102.881
147.182
140.474
128.871
71.4025
156.574
133.39
135.838
167.592
90.2146
136.868
84.234
81.8772
159.704
89.4434
133.103
98.422
90.4304
148.613
153.445
163.576
124.01
162.956
151.965
96.1051
127.654
169.293
147.636
153.394
94.4914
159.61
154.86
81.8354
101.762
100.436
127.088
127.867
137.998
163.415
136.062
113.894
156.696
83.2641
166.208
95.4578
114.132
126.696
97.5154
78.7375
161.42
138.402
154.634
167.68
131.002
99.0751
119.349
109.074
113.253
82.9042
112.167
94.9206
85.5833
116.717
124.208
106.073
157.694
97.043
161.317
90.3855
114.208
111.313
142.806
162.763
171.746
166.833
106.277
104.962
141.643
150.917
126.5
170.319
157.446
130.176
114.539
134.982
105.47
82.8718
155.233
103.691
159.121
165.627
149.656
129.758
140.194
154.704
87.1013
91.6773
147.801
144.942
91.3111
134.633
102.42
117.875
161.921
146.005
125.152
101.844
162.858
146.828
154.944
152.748
121.787
144.505
151.654
73.693
157.511
126.216
126.474
100.276
124.279
107.649
128.577
113.361
101.886
164.835
83.9914
150.912
111.561
82.0458
131.382
167.013
125.489
126.696
163.296
110.261
148.881
166.109
158.204
150.441
150.133
177.558
110.496
119.267
157.753
135.213
121.275
126.442
106.19
162.003
103.135
95.3596
139.931
136.715
95.8261
124.284
163.74
146.615
101.697
137.88
159.052
122.577
115.847
146.327
89.3262
104.933
88.3188
101.813
158.782
88.1437
-8.16546
47.9795
82.0571
34.5346
36.3345
66.0227
3.86315
29.4238
58.0215
72.5361
-9.80877
21.2242
20.3038
32.0844
0.111625
-15.1108
78.2279
2.86272
49.1154
-20.3407
87.1913
75.289
0.522306
27.8175
69.1385
79.6472
46.3666
-3.63668
65.8901
24.9608
39.4209
21.5662
17.1254
15.291
-16.8652
13.1076
63.5791
66.0341
-15.1255
43.1159
21.7532
66.6173
30.6406
39.1526
35.0584
37.4708
33.9299
20.9504
51.482
6.5652
50.9838
37.2143
29.8731
40.7973
71.7922
44.8089
33.3833
49.766
32.2924
46.2223
83.3555
57.8442
6.20526
72.4673
90.3452
37.8121
16.5222
86.0071
25.7288
-32.6288
13.1892
80.7599
87.4138
38.846
41.5943
66.3562
79.0073
9.05825
-17.2573
51.0671
8.20747
18.3436
-29.4658
-26.7936
52.1167
23.6843
5.15011
53.3334
11.7151
51.6327
33.2057
66.4163
26.1338
87.6419
34.0478
4.05977
24.6507
28.1043
78.4944
16.8554
50.2257
75.8853
-11.5869
-21.4115
65.3994
16.9957
80.9807
23.8201
31.613
10.3093
73.2192
83.7307
12.8921
66.2549
41.1742
20.6221
-4.65268
61.5476
55.2299
37.2519
19.1419
5.76711
-24.2901
82.0221
60.4889
46.9853
-8.69629
-5.78214
52.4339
63.3027
-20.7833
46.1522
79.0992
61.2697
32.5016
-19.0221
71.9758
78.277
12.8314
57.1565
64.2545
83.9156
-7.25865
82.687
32.3139
64.0445
65.9293
92.4596
26.2259
66.5227
52.1719
29.0277
75.1044
70.0747
56.9293
6.96044
15.6397
10.5525
49.9867
-10.8758
83.0094
46.2829
-21.3709
18.223
63.5303
70.9801
-20.2687
42.0118
3.61594
72.7416
27.6061
73.0842
6.57187
37.7198
42.3934
5.90491
38.3795
8.09602
62.0242
36.9928
44.535
75.6776
64.532
72.2203
-3.08349
25.9432
82.1751
11.3707
67.2797
53.4113
81.5183
49.2519
52.9095
48.3458
31.5561
45.7674
17.4307
49.1207
28.6718
84.6515
79.316
-12.124
84.2759
37.6297
-3.38245
69.6456
13.4986
-25.183
68.3698
-9.39737
74.6805
66.2919
13.9096
59.7071
0.360032
24.6509
-16.7337
8.95195
53.7145
-11.5958
57.0914
-28.4402
4.28874
41.0166
5.9311
84.153
7.83035
72.2839
-6.2852
43.7837
71.7902
59.7408
26.5248
-19.0427
70.3579
35.9383
61.7596
-14.8913
77.0608
36.3752
-8.47561
30.4287
28.3307
25.2444
77.5125
21.5832
36.0195
9.54497
55.4155
18.5455
0.280302
43.1547
85.4851
56.9334
56.0093
4.67241
79.9293
73.0183
12.3018
69.5194
62.5266
-16.7349
33.4712
50.0497
8.23181
57.5386
69.548
25.0413
10.3623
29.3258
68.5761
26.1022
54.8095
6.53329
35.0139
0.147497
15.7089
-14.3223
20.8842
69.2301
90.8364
42.8003
-17.2877
88.7889
-1.08795
30.943
78.1188
58.0276
34.5527
-9.24745
41.184
8.23412
23.4167
24.3138
58.2346
27.2673
88.3461
54.564
-10.9439
58.5692
97.8027
63.0328
23.1975
48.972
62.611
29.3301
-11.6404
18.6741
8.882
14.1054
16.431
74.79
79.6448
-29.5953
10.7442
77.0242
49.1429
51.2397
38.8255
-23.3536
-14.2642
2.60143
-11.4648
8.19613
13.7683
57.173
-21.1297
82.2096
24.0595
15.5689
53.3804
38.5099
49.1676
74.3768
0.434987
56.9677
0.430186
-23.1527
30.764
-6.81692
16.9405
51.633
-1.47657
13.2763
38.9656
29.4073
54.7277
48.5657
-1.26195
74.3109
57.9671
45.8084
-0.475801
30.097
38.138
-14.1759
-16.1619
38.608
82.0287
80.6632
52.2069
67.9118
22.9868
68.6228
63.5191
10.1648
49.6699
55.3577
80.6458
64.6355
-14.2314
85.6269
45.6312
15.1232
-13.9782
42.4837
60.1967
6.04742
61.034
35.2205
34.9382
12.0445
10.0308
60.4368
73.6943
13.4814
41.223
-0.608077
14.2282
72.7058
45.9074
42.3567
64.5387
-2.65513
-3.01637
33.9573
32.4894
23.4535
33.8911
76.5823
-57.8599
-96.6608
-105.962
-79.3246
-45.405
-107.387
-63.4382
-36.5558
-76.1799
-102.399
-90.8255
-103.14
-99.1131
-27.6669
-115.808
-35.4809
-60.7268
-124.054
-103.676
-78.4494
-119.492
-38.6974
-97.6043
-106.523
-98.3842
-106.297
-85.1914
-29.1944
-81.2527
-73.3323
-55.6425
-79.2993
-52.6515
-90.8647
-66.0648
-94.2852
-42.942
-95.2287
-109.408
-59.9504
-45.8406
-97.0949
-99.941
-39.1645
-54.0722
-45.7036
-82.8448
-117.945
-61.5554
-103.943
-39.2087
-37.69
-49.6701
-43.0459
-98.0935
-107.534
-86.0751
-24.463
-32.7453
-85.4804
-109.921
-92.0732
-77.7139
-68.5275
-38.3845
-37.8391
-120.509
-91.7838
-104.356
-81.491
-78.5574
-107.586
-44.6126
-56.2424
-69.9915
-52.8665
-59.0998
-53.6116
-70.7965
-76.085
-110.919
-90.3756
-102.191
-103.852
-104.699
-126.407
-91.8763
-68.3133
-97.5325
-50.0945
-49.239
-66.1196
-50.719
-108.441
-49.8618
-93.2092
-41.8199
-29.6379
-81.9564
-66.6514
-95.3497
-70.0238
-40.521
-38.2295
-63.0553
-72.3806
-65.1785
-27.2223
-57.5571
-54.5068
-34.2709
-74.2552
-58.0265
-25.8873
-54.7758
-44.065
-36.3722
-91.7738
-26.2748
-96.4327
-62.282
-38.6316
-94.9456
-37.7926
-106.136
-44.7717
-110.642
-41.1375
-78.6801
-44.465
-60.9019
-70.3141
-65.5341
-106.137
-59.4196
-71.6237
-63.5295
-91.1008
-109.625
-40.9243
-100.501
-97.3458
-78.7328
-129.049
-74.1652
-79.3624
-104.992
-105.411
-49.8381
-101.401
-95.7302
-92.0478
-99.9484
-92.873
-47.5557
-51.6938
-94.9815
-60.8419
-94.8076
-94.3162
-80.1683
-45.2279
-124.148
-81.2069
-104.286
-63.8819
-71.8511
-54.3865
-41.845
-52.1037
-103.701
-59.9563
-46.9719
-91.3023
-70.4235
-122.402
-94.0873
-101.495
-70.016
-64.3803
-112.61
-81.0185
-63.7515
-103.357
-117.941
-112.702
-67.7939
-102.722
-63.8029
-36.1238
-37.7549
-53.4503
-66.6496
-61.7107
-72.9384
-51.9861
-51.0135
-43.1176
-78.9739
-28.7509
-111.879
-202.63
-146.765
-200.21
-148.426
-154.589
-170.498
-185.528
-189.596
-122.604
-210.553
-183.328
-193.108
-221.221
-176.381
-121.737
-159.946
-219.098
-175.688
-138.106
-176.656
-208.899
-152.927
-159.141
-141.959
-132.941
-122.441
-161.739
-154.37
-149.803
-177.158
-156.032
-133.621
-196.42
-135.225
-147.204
-137.448
-153.716
-185.888
-149.127
-138.063
-219.452
-195.792
-211.54
-163.463
-199.073
-169.188
-137.214
-173.182
-163.526
-130.628
-179.216
-125.128
-165.57
-147.422
-125.339
-116.199
-181.059
-154.144
-115.37
-183.252
-225.488
-121.028
-201.554
-222.972
-206.812
-180.438
-205.492
-195.859
-134.828
-190.372
-163.146
-132.234
-150.619
-126.679
-201.348
-155.684
-167.41
-153.881
-209.897
-156.529
-158.658
-136.281
-185.233
-130.449
-168.775
-213.127
-205.784
-208.705
-217.987
-200.177
-152.943
-189.662
-115.076
-108.784
-168.746
-118.318
-149.846
-201.405
-134.227
-175.94
-118.513
-162.697
-183.548
-154.653
-197.865
-167.573
-212.251
-177.688
-192.354
-188.658
-142.234
-200.247
-182.93
-154.819
-183.172
-189.044
-126.524
-156.016
-130.266
-207.794
-225.546
-134.799
-158.05
-168.572
-202.597
-168.191
-187.507
-162.863
-212.312
-219.447
-141.879
-201.562
-137.825
-226.148
-161.296
-189.599
-213.39
-147.375
-157.743
-165.521
-136.862
-161.772
-146.529
-162.81
-144.073
-209.567
-215.509
-138.566
-129.622
-141.452
-210.548
-124.629
-140.275
-191.452
-143.143
-208.786
-216.125
-217.106
-116.684
-126.058
-167.903
-129.75
-126.456
-146.625
-167.199
-202.754
-223.65
-136.213
-208.003
-103.981
-147.521
-135.906
-160.344
-139.479
-150.346
-202.728
-164.279
-167.116
-156.308
-217.156
-146.284
-223.477
-220.061
-115.753
-181.634
-192.554
-120.534
-131.631
-154.787
-133.042
-128.901
-144.592
-184.393
-137.846
-193.328
-222.945
-200.459
-110.74
-156.65
-183.995
-105.643
-128.771
-163.37
-130.979
-105.348
-152.494
-166.395
-204.044
-128.536
-220.146
-225.078
-186.962
-161.241
-192.244
-177.354
-132.621
-194.877
-174.585
-139.379
-195.373
-149.166
-172.985
-135.197
-190.001
-224.621
-192.58
-196.465
-163.278
-192.635
-184.899
-132.531
-109.82
-122.064
-180.875
-172.095
-181.802
-208.17
-186.663
-215.124
-139.724
-170.753
-189.158
-191.586
-184.319
-202.285
-162.515
-217.417
-182.314
-192.488
-133.352
-208.044
-128.39
-132.033
-214.593
-115.329
-189.902
-184.783
-110.14
-146.495
-140.855
-195.856
-185.756
-166.622
-131.5
-177.508
-130.127
-151.75
-174.646
-131.47
-123.498
-126.382
-138.116
-174.888
-194.352
-110.19
-159.126
-161.924
-183.28
-166.289
-214.74
-120.242
-181.769
-162.736
-155.693
-199.727
-208.455
-136.244
-111.545
-187.651
-191.309
-151.047
-130.248
-217.649
-144.29
-121.808
-147.913
-152.29
-165.651
-165.462
-199.88
-182.043
-162.096
-130.392
-170.935
-138.454
-150.23
-158.741
-165.426
-210.481
-140.923
-148.126
-182.136
-131.023
-152.441
-162.684
-145.793
-178.244
-220.412
-194.12
-112.097
-228.264
-192.381
-179.628
-177.708
-179.983
-133.912
-214.047
-190.316
-150.214
-154.025
-125.599
-135.069
-199.799
-153.175
-161.107
-148.192
-204.456
-152.715
-150.309
-184.452
-195.027
-220.514
-153.845
-113.187
-134.032
-155.909
-202.843
-163.717
-196.721
-210.568
-158.189
-156.846
-213.512
-203.192
-153.529
-155.335
-149.759
-111.238
-160.386
-123.621
-130.834
-144.87
-198.554
-141.288
-179.127
-105.136
-167.553
-168.657
-190.712
-121.521
-134.205
-163.506
-157.405
-225.084
-142.58
-184.38
-195.122
-204.586
-170.321
-113.915
-138.168
-144.954
-150.938
-210.439
-176.537
-187.891
-203.978
-145.022
-149.486
-172.254
-143.209
-204.32
-133.733
-178.29
-120.681
-122.361
-159.018
-200.885
-178.464
-311.436
-241.998
-298.682
-250.9
-244.359
-264.458
-233.142
-314.064
-296.381
-294.561
-314.465
-240.033
-276.627
-296.917
-248.619
-234.864
-263.793
-295.178
-311.59
-314.156
-250.493
-240.704
-284.76
-263.202
-298.266
-230.738
-253.751
-328.002
-285.511
-297.188
-270.631
-299.362
-248.56
-257.021
-296.08
-302.149
-291.356
-277.486
-255.133
-254.609
-236.55
-312.433
-219.736
-271.342
-270.225
-301.192
-317.591
-304.544
-249.275
-236.373
-272.04
-297.939
-290.338
-276.94
-289.544
-271.665
-265.655
-233.701
-269.927
-243.938
-237.621
-317.534
-298.558
-258.127
-274.553
-302.419
-275.851
-326.43
-240.26
-321.727
-260.53
-253.938
-260.662
-300.165
-279.526
-275.268
-290.672
-302.533
-275.844
-256.371
-311.32
-237.183
-252.646
-255.647
-323.686
-237.75
-294.009
-315.884
-320.365
-259.165
-311.927
-310.693
-261.894
-264.58
-297.883
-268.833
-291.047
-256.625
-300.471
-323.195
-250.94
-222.175
-314.652
-239.503
-239.141
-318.76
-299.858
-268.477
-298.72
-291.111
-300.237
-267.588
-291.352
-303.322
-287.841
-243.825
-281.438
-274.564
-238.19
-294.853
-249.326
-257.358
-245.524
-303.265
-296.18
-302.999
-295.761
-257.621
-272.85
-326.812
-301.131
-226.049
-244.141
-258.132
-279.784
-299.717
-246.025
-287.452
-256.661
-252.678
-299.8
-253.69
-244.56
-305.144
-281.467
-274.719
-273.892
-227.117
-225.487
-250.12
-255.791
-298.678
-298.585
-271.993
-249.986
-309.273
-294.49
-241.757
-302.505
-228.113
-307.293
-306.873
-319.461
-293.852
-277.81
-249.795
-266.039
-256.537
-290.804
-314.917
-309.06
-299.08
-321.994
-271.684
-284.421
-253.647
-301.23
-289.503
-265.809
-288.173
-286.832
-238.599
-302.186
-314.236
-315.291
-275.348
-255.48
-326.138
-236.425
-266.801
-272.071
-267.507
-232.523
-237.68
-270.254
-307.451
-304.72
-297.207
-314.985
-227.023
-212.83
-263.938
-247.692
-270.37
-258.834
-227.988
-295.708
-288.062
-319.478
-231.159
-285.19
-320.604
-312.757
-223.1
-295.05
-235.671
-313.635
-308.584
-302.738
-232.187
-267.399
-307.355
-231.281
-231.834
-308.309
-287.679
-229.247
-266.574
-269.217
-273.14
-234.181
-214.499
-256.441
-254.841
-224.264
-214.664
-289.017
-271.575
-291.483
-307.088
-316.265
-284.447
-296.997
-209.635
-257.066
-229.434
-263.55
-280.468
-231.901
-250.296
-301.207
-244.462
-231.823
-244.952
-277.075
-263.195
-323.397
-295.53
-310.297
-282.665
-202.217
-223.808
-267.808
-313.273
-227.568
-321.821
-290.085
-316.439
-255.981
-235.78
-266.89
-266.785
-261.765
-303.684
-277.599
-323.159
-222.825
-316.432
-301.031
-292.076
-246.746
-272.876
-297.317
-248.579
-261.905
-244.539
-257.534
-242.573
-285.922
-236.628
-288.071
-211.892
-257.952
-305.508
-262.981
-230.612
-252.651
-325.038
-245.495
-308.289
-274.875
-256.135
-208.383
-248.496
-247.401
-254.673
-242.538
-245.353
-245.547
-250.435
-281.595
-208.83
-327.883
-217.977
-258.173
-276.705
-214.607
-316.043
-283.087
-253.205
-233.601
-301.51
-270.433
-254.45
-218.746
-231.785
-239.82
-238.45
-284.128
-280.14
-271.465
-272.261
-223.207
-245.416
-270.301
-228.076
-304.063
-289.808
-222.324
-305.651
-264.967
-257.375
-294.66
-281.75
-261.211
-303.26
-217.928
-317.679
-243.054
-252.902
-262.144
-291.038
-250.547
-259.485
-243.64
-223.899
-246.693
-266.259
-309.397
-305.622
-256.172
-244.703
-231.953
-216.153
-241.151
-309.383
-263.057
-258.084
-295.943
-249.296
-203.883
-241.7
-227.097
-289.343
-250.083
-291.275
-298.188
-229.435
-252.666
-213.467
-214.278
-287.292
-217.13
-268.735
-233.345
-226.208
-277.445
-245.581
-234.823
-294.293
-263.716
-255.187
-248.465
-272.702
-299.725
-239.36
-236.587
-245.937
-306.428
-250.142
-301.638
-262.135
-226.81
-278.825
-281.624
-209.276
-262.655
-250.231
-284.67
-327.295
-223.171
-264.643
-247.209
-271.96
-247.696
-246.905
-230.668
-289.674
-238.093
-233.217
-304.551
-232.855
-232.37
-286.72
-245.769
-266.509
-246.664
-250.306
-273.031
-278.166
-228.205
-212.117
-253.933
-308.483
-289.301
-269.492
-291.012
-313.23
-283.918
-227.244
-257.141
-250.396
-215.238
-305.642
-248.622
-258.218
-323.633
-237.53
-226.066
-258.07
-238.698
-300.774
-299.252
-318.745
-218.254
-234.486
-269.671
-233.143
-295.877
-266.927
-295.933
-234.015
-239.767
-225.96
-218.371
-206.336
-227.618
-233.391
-299.394
-241.117
-285.78
-318.917
-221.246
-266.483
-249.093
-312.027
-240.308
-222.539
-283.827
-249.735
-304.792
-325.447
-262.657
-258.988
-288.9
-256.053
-251.116
-273.537
-276.964
-220.025
-244.31
-281.175
-213.598
-311.373
-278.469
-299.559
-297.344
-218.045
-242.625
-302.274
-281.515
-243.978
-224.321
-256.26
-259.288
-288.016
-220.639
-267.202
-252.773
-318.888
-331.415
-207.461
-238.945
-272.989
-317.708
-282.892
-306.29
-250.905
-251.253
-288.778
-273.581
-251.403
-293.561
-296.516
-206.112
-316.143
-260.521
-284.535
-265.925
-261.422
-242.242
-300.992
-211.038
-201.674
-239.321
-312.521
-248.63
-300.32
-316.628
-263.868
-217.689
-288.899
-246.663
-248.474
-255.717
-319.22
-293.803
-255.695
-302.875
-250.365
-258.139
-269.456
-249.195
-251.356
-269.036
-306.018
-309.175
-270.767
-301.405
-295.863
-223.34
-236.232
-224.835
-219.66
-259.345
-239.76
-252.696
-313.463
-252.806
-283.264
-284.285
-273.799
-278.255
-246.357
-285.627
-246.852
-248.131
-293.195
-234.389
-268.522
-273.867
-295.782
-267.328
-244.652
-231.379
-232.941
-273.662
-270.584
-265.808
-257.665
-242.657
-227.938
-268.262
-323.225
-298.205
-245.951
-245.688
-253.257
-318.173
-232.851
-395.723
-391.855
-349.523
-411.24
-394.803
-393.856
-397.518
-393.63
-390.332
-397.899
-375.8
-418.967
-423.315
-327.485
-399.595
-408.534
-395.035
-335.513
-343.314
-370.948
-329.819
-338.662
-372.909
-358.971
-333.361
-403.251
-350.414
-377.791
-342.271
-335.037
-382.284
-409.492
-358.022
-377.54
-365.19
-415.453
-364.021
-399.471
-421.81
-365.616
-418.295
-345.262
-344.155
-401.885
-428.071
-349.585
-328.014
-421.791
-326.744
-413.595
-367.661
-393.433
-350.193
-397.956
-369.997
-392.622
-362.102
-408.274
-361.026
-372.948
-371.399
-394.393
-354.409
-323.509
-397.04
-335.208
-414.369
-411.309
-374.59
-378.575
-375.393
-391.346
-415.607
-329.09
-331.329
-425.301
-364.488
-333.55
-334.175
-343.451
-407.21
-342.527
-370.656
-337.296
-390.355
-405.047
-355.435
-372.748
-353.029
-368.396
-354.534
-381.902
-338.551
-340.031
-396.199
-405.273
-395.373
-336.57
-375.972
-392.472
-394.625
-354.735
-342.722
-374.895
-346.281
-342.515
-404.1
-343.753
-364.869
-397.66
-346.183
-363.442
-372.272
-350.614
-329.191
-340.816
-361.281
-355.001
-407.876
-405.951
-364.388
-342.469
-385.323
-406.472
-347.845
-370.934
-382.114
-396.819
-348.695
-367.679
-390.614
-325.983
-372.225
-353.852
-348.305
-355.704
-363.084
-409.874
-329.433
-414.505
-379.748
-398.656
-377.26
-394.742
-381.368
-339.893
-351.401
-350.59
-383.951
-349.122
-347.412
-398.564
-397.952
-332.995
-352.615
-382.183
-378.505
-330.186
-334.549
-376.75
-368.839
-400.394
-406.001
-391.096
-387.911
-387.744
-377.732
-338.224
-370.819
-352.457
-352.318
-359.797
-403.251
-373.478
-418.277
-426.65
-347.092
-350.053
-338.916
-351.224
-355.646
-368.912
-383.668
-373.058
-372.51
-329.611
-428.754
-366.494
-346.533
-349.924
-334.149
-367.718
-377.747
-358.307
-404.484
-345.488
-337.291
-328.215
-366.081
-378.553
-404.906
-381.121
-359.387
-365.9
-421.514
-350.845
-332.204
-340.471
-331.81
-346.867
-426.051
-393.125
-352.564
-318.66
-398.905
-401.59
-336.179
-367.17
-425.079
-416.017
-327.188
-422.102
-407.25
-357.043
-324.471
-431.667
-339.636
-357.081
-371.87
-346.498
-405.266
-315.197
-334.652
-404.257
-394.658
-304.145
-390.222
-327.227
-383.073
-337.787
-335.989
-351.12
-406.375
-346.9
-373.982
-413.719
-413.406
-333.105
-340.593
-373.644
-424.277
-360.749
-407.353
-319.481
-396.935
-346.551
-378.962
-308.601
-364.362
-370.528
-362.935
-358.156
-406.524
-338.184
-321.308
-353.972
-409.35
-355.145
-343.628
-402.517
-369.256
-366.385
-384.51
-318.637
-417.821
-339.198
-356.347
-328.025
-319.455
-323.889
-401.596
-390.635
-341.126
-352.297
-317.653
-364.874
-406.457
-356.091
-364.904
-351.98
-380.5
-320.473
-333.292
-386.395
-405.977
-335.499
-339.059
-319.912
-357.685
-367.123
-365.013
-349.787
-331.871
-329.685
-324.28
-413.989
-404.017
-313.347
-338.785
-373.034
-351.189
-334.836
-312.568
-349.725
-372
-426.671
-333.161
-359.816
-366.005
-394.015
-335.144
-334.439
-327.595
-381.643
-317.659
-350.096
-330.41
-424.853
-383.677
-410.112
-332.762
-428.124
-331.828
-390.742
-349.96
-341.933
-333.724
-311.259
-418.479
-343.855
-319.008
-387.438
-409.928
-344.635
-336.319
-369.972
-392.185
-365.388
-393.837
-382.732
-388.952
-404.836
-418.674
-325.239
-321.283
-378.356
-326.138
-364.655
-363.346
-381.001
-419.099
-409.494
-331.68
-375.018
-309.438
-336.498
-382.797
-375.359
-306.817
-325.42
-355.136
-353.737
-359.873
-376.296
-375.657
-320.58
-319.853
-361.169
-390.048
-415.62
-359.136
-412.196
-391.179
-368.869
-347.546
-351.41
-399.782
-365.931
-351.489
-327.811
-312.018
-383.722
-380.642
-383.859
-354.585
-395.274
-393.427
-379.644
-344.808
-346.881
-379.566
-389.782
-312.844
-335.186
-409.624
-360.552
-417.445
-347.996
-370.001
-340.542
-356.255
-324.628
-329.362
-334.466
-415.61
-325.769
-378.736
-335.905
-331.363
-381.46
-360.154
-362.771
-323.035
-404.366
-353.473
-327.931
-418.79
-349.141
-346.026
-364.087
-419.824
-359.934
-324.998
-336.133
-345.961
-360.121
-388.229
-367.764
-357.603
-304.312
-370.137
-386.221
-327.512
-370.309
-323.891
-372.876
-379.757
-414.892
-366.136
-342.979
-348.871
-358.028
-332.451
-356.898
-422.758
-333.682
-332.89
-364.351
-367.341
-352.63
-408.946
-382.738
-415.788
-376.766
-344.448
-360.186
-330.039
-404.113
-402.355
-411.96
-363.422
-375.495
-318.367
-305.073
-342.155
-338.347
-344.001
-321.798
-416.874
-425.671
-348.421
-325.354
-396.873
-344.205
-333.901
-377.943
-346.031
-380.749
-423.894
-391.907
-340.942
-361.703
-392.746
-392.546
-326.329
-386.975
-336.974
-331.249
-401.198
-306.283
-360.203
-345.009
-399.533
-395.116
-317.657
-354.382
-346.028
-313.14
-364.306
-334.615
-369.822
-331
-329.243
-364.899
-359.931
-323.077
-366.821
-388.708
-333.703
-417.426
-405.362
-406.94
-374.146
-322.036
-352.419
-333.018
-354.235
-363.349
-315.921
-405.288
-403.646
-364.611
-383.283
-381.349
-382.07
-339.123
-335.2
-331.414
-419.785
-414.536
-361.749
-327.84
-377.804
-328.323
-349.232
-351.366
-352.488
-399.67
-337.849
-426.77
-346.56
-375.532
-357.58
-337.464
-361.227
-412.051
-360.566
-371.297
-412.06
-367.763
-367.653
-352.785
-349.467
-358.357
-370.769
-386.355
-365.177
-339.428
-334.832
-377.191
-377.101
-342.342
-312.02
-321.27
-333.212
-406.283
-368.333
-351.765
-353.069
-375.089
-373.377
-322.31
-355.838
-330.153
-328.319
-401.282
-337.031
-402.897
-366.888
-355.433
-351.117
-387.998
-381.061
-389.784
-357.182
-403.304
-358.34
-331.446
-372.903
-334.352
-446.557
-479.232
-484.325
-520.772
-431.823
-503.355
-527.898
-441.776
-502.783
-519.61
-473.412
-460.191
-490.942
-433.956
-478.848
-440.711
-474.076
-447.675
-433.079
-512.634
-439.349
-432.334
-491.33
-451.268
-441.81
-441.202
-507.07
-507.422
-477.629
-445.612
-528.948
-482.791
-496.752
-459.688
-493.02
-508.674
-456.101
-465.695
-437.211
-468.98
-477.143
-479.883
-486.542
-434.463
-516.902
-467.373
-492.764
-517.369
-488.484
-459.836
-489.916
-484.38
-436.911
-424.253
-441.993
-511.049
-475.76
-456.201
-423.314
-439.575
-446.891
-456.118
-473.491
-479.533
-469.266
-481.454
-468.195
-512.341
-515.656
-470.761
-465.703
-498.427
-499.151
-473.184
-460.163
-502.752
-481.189
-509.465
-503.676
-448.586
-501.917
-442.271
-497.376
-480.985
-456.917
-482.027
-439.639
-459.592
-512.158
-503.168
-499.529
-505.528
-492.524
-473.204
-451.33
-456.954
-502.1
-493.628
-521.753
-455.036
-450.801
-465.514
-473.328
-503.055
-447.525
-500.942
-466.295
-493.988
-428.923
-442.013
-457.878
-444.922
-496.37
-448.175
-508.767
-504.737
-467.784
-433.634
-458.112
-434.752
-512.816
-434.97
-465.923
-455.851
-478.299
-475.163
-512.605
-431.824
-435.053
-459.742
-460.595
-529.103
-430.379
-446.581
-421.827
-518.308
-444.692
-457.979
-491.937
-478.235
-420.706
-484.155
-432.673
-437.866
-457.947
-465.341
-491.7
-530.553
-431.761
-440.018
-477.759
-456.563
-488.733
-491.104
-455.377
-517.659
-445.405
-446.681
-507.585
-489.377
-451.629
-482.741
-427.892
-495.659
-471.174
-459.707
-510.588
-434.051
-478.691
-495.685
-434.615
-461.213
-493.927
-431.483
-429.799
-462.253
-455.961
-479.389
-482.889
-450.14
-484.43
-427.321
-426.063
-493.243
-440.046
-448.429
-452.432
-472.016
-461.289
-509.317
-439.38
-492.996
-447.681
-445.27
-478.318
-497.098
-490.291
-442.784
-418.693
-508.177
-228.329
-218.464
-274.847
-285.949
-257.129
-234.925
-260.824
-293.766
-238.54
-227.838
-257.145
-267.884
-325.173
-263.912
-307.759
-266.916
-266.871
-288.012
-258.523
-271.074
-269.135
-306.986
-279.355
-283.47
-310.37
-213.413
-254.819
-272.633
-301.303
-321.65
-233.413
-274.01
-330.449
-246.211
-253.184
-285.262
-250.07
-231.09
-254.179
-223.893
-229.268
-239.264
-238.798
-272.432
-306.841
-270.102
-314.924
-233.321
-263.829
-302.27
-301.35
-223.721
-219.826
-242.945
-259.725
-284.647
-293.771
-296.007
-239.689
-283.73
-253.241
-208.68
-289.137
-250.235
-273.602
-316.201
-257.536
-231.369
-205.02
-215.341
-265.46
-243.484
-252.345
-229.184
-281.229
-321.478
-313.83
-241.439
-291.486
-276.514
-212.488
-268.028
-270.9
-294.428
-206.08
-315.273
-323.921
-316.34
-247.632
-323.254
-219.089
-303.653
-304.56
-325.055
-307.255
-224.664
-276.231
-266.524
-277.503
-273.207
-248.045
-276.379
-244.651
-306.355
-246.309
-271.746
-248.245
-329.88
-268.927
-240.71
-268.145
-261.517
-289.561
-244.416
-302.901
-258.368
-241.644
-216.87
-303.863
-245.355
-210.753
-262.241
-311.838
-229.112
-294.475
-261.278
-285.049
-319.808
-270.974
-215.495
-311.668
-221.913
-298.541
-278.713
-296.56
-237.039
-226.468
-248.187
-280.776
-219.796
-257.171
-234.974
-272.396
-283.292
-239.793
-254.47
-258.123
-242.083
-223.159
-285.456
-219.872
-226.019
-214.07
-317.528
-279.638
-217.956
-255.437
-282.242
-211.032
-306.17
-259.1
-233.866
-255.255
-272.401
-302.328
-262.551
-240.567
-256.175
-306.43
-291.137
-249.332
-253.949
-237.966
-260.843
-266.414
-259.201
-225.218
-228.065
-254.993
-272.147
-279.556
-255.688
-253.318
-262.423
-235.369
-281.227
-248.373
-313.563
-259.613
-318.06
-279.383
-264.944
-277.085
-303.803
-239.538
-250.141
-300.025
-234.422
-265.332
-242.382
-293.95
-290.414
-278.61
-247.053
-287.201
-228.977
-294.679
-297.256
-294.389
-264.183
-234.449
-258.994
-316.047
-286.44
-243.844
-313.304
-314.323
-213.326
-306.981
-202.042
-276.841
-241.544
-295.737
-229.11
-299.704
-308.579
-260.783
-289.575
-248.406
-310.882
-297.154
-313.303
-257.981
-293.513
-308.377
-265.582
-269.049
-278.761
-273.089
-320.049
-271.098
-284.73
-293.259
-242.759
-230.796
-313.281
-230.726
-276.815
-261.766
-303.885
-244.189
-248.547
-304.76
-231.826
-302.797
-265.55
-304.168
-278.378
-306.281
-301.381
-267.68
-249.817
-274.131
-250.384
-240.92
-278.482
-302.31
-258.499
-201.181
-246.259
-239.951
-239.025
-274.756
-261.989
-236.743
-252.225
-239.548
-246.406
-263.774
-280.595
-225.532
-265.592
-323.349
-283.244
-289.679
-302.09
-281.725
-259.95
-245.076
-294.285
-322.981
-233.165
-288.831
-272.88
-276.962
-256.144
-252.797
-210.361
-220.987
-299.807
-230.775
-281.834
-229.26
-318.166
-251.405
-260.514
-246.413
-254.136
-227.181
-228.399
-232.092
-227.231
-271.125
-259.266
-247.006
-247.852
-317.754
-280.276
-282.692
-257.219
-267.385
-266.242
-237.952
-316.184
-295.202
-292.712
-299.019
-242.699
-308.652
-273.989
-251.674
-316.935
-306.941
-229.622
-243.82
-269.54
-328.62
-249.34
-308.234
-246.712
-260.385
-271.053
-273.314
-234.11
-258.729
-300.586
-217.138
-271.033
-287.925
-243.123
-213.266
-314.141
-301.524
-286.487
-275.041
-309.794
-272.787
-261.505
-237.994
-308.118
-254.076
-252.145
-237.457
-285.008
-250.934
-283.663
-246.171
-217.289
-236.462
-256.904
-248.016
-302.292
-281.141
-248.801
-249.797
-234.351
-322.736
-292.976
-317.897
-250.138
-251.037
-236.124
-256.3
-280.82
-269.074
-267.668
-208.635
-210.69
-318.095
-237.433
-292.246
-246.42
-306.79
-257.476
-291.522
-254.788
-292.937
-228.802
-259.169
-255.38
-392.013
-392.105
-350.221
-370.961
-362.923
-371.57
-385.798
-408.54
-383.635
-353.455
-335.731
-396.177
-409.991
-399.785
-351.76
-382.711
-401.776
-374.653
-358.47
-351.081
-377.05
-366.927
-338.354
-361.895
-397.89
-390.706
-405.022
-404.758
-365.254
-401.053
-368.085
-387.168
-345.29
-331.661
-366.902
-412.159
-399.581
-375.118
-380.432
-388.747
-331.364
-407.782
-362.981
-393.049
-370.649
-362.986
-348.823
-347.906
-405.282
-371.491
-352.752
-364.628
-328.46
-337.693
-361.698
-373.815
-407.512
-405.479
-380.509
-405.049
-332.383
-336.493
-370.059
-390.914
-357.099
-381.044
-333.118
-379.13
-358.78
-426.783
-372.425
-347.787
-388.462
-374.966
-411.734
-385.361
-390.323
-376.316
-352.458
-384.833
-394.559
-403.514
-353.054
-379.629
-321.874
-395.541
-377.89
-417.324
-393.713
-397.237
-426.332
-333.459
-389.814
-354.129
-375.634
-407.629
-325.033
-409.223
-385.016
-375.533
-374.674
-399.036
-328.332
-393.952
-412.062
-358.668
-377.983
-386.891
-379.213
-378.034
-334.758
-385.727
-360.495
-365.143
-391.952
-341.713
-381.338
-376.804
-353.077
-332.44
-339.37
-370.959
-366.19
-392.743
-378.9
-365.15
-396.361
-330.287
-396.494
-346.518
-397.831
-420.274
-374.026
-359.593
-408.007
-422.914
-389.346
-395.392
-388.206
-334.733
-344.591
-350.506
-355.116
-380
-330.618
-345.387
-377.432
-378.001
-409.067
-389.952
-376.763
-368.892
-371.066
-384.797
-400.943
-341.992
-356.483
-361.286
-381.119
-350.915
-369.199
-393.132
-381.83
-365.184
-379.881
-389.235
-394.408
-357.838
-340.572
-357.551
-359.801
-381.898
-366.316
-404.927
-404.53
-379.294
-377.387
-406.793
-375.55
-366.576
-425.481
-331.794
-362.343
-425.388
-386.444
-349.606
-363.165
-370.505
-400.864
-399.016
-384.128
-384.669
-387.756
-347.493
-404.674
-378.797
-329.258
-426.457
-419.222
-321.827
-148.667
-159.91
-211.568
-156.448
-131.265
-210.429
-132.568
-127.284
-152.881
-176.808
-168.029
-129.969
-175.794
-219.121
-193.016
-191.911
-170.135
-147.722
-136.963
-122.237
-104.81
-158.506
-126.285
-165.488
-156.14
-109.824
-174.418
-155.535
-123.497
-148.505
-145.043
-116.582
-159.487
-156.061
-214.315
-139.09
-133.312
-164.859
-142.923
-138.079
-187.526
-167.885
-152.445
-185.54
-230.613
-191.326
-189.409
-169.123
-203.854
-209.845
-115.795
-203.836
-144.258
-134.569
-166.927
-220.487
-131.098
-150.716
-137.749
-121.165
-167.632
-164.68
-130.9
-212.905
-197.585
-133.881
-141.333
-168.021
-140.139
-116.4
-204.372
-158.874
-147.016
-204.531
-142.923
-189.136
-189.349
-117.983
-165.91
-143.976
-159.311
-114.725
-194.37
-151.861
-158.156
-178.683
-131.644
-145.691
-223.397
-163.936
-186.546
-156.798
-150.574
-141.205
-207.336
-198.514
-220.126
-192.799
-145.336
-184.978
-160.492
-118.857
-126.403
-160.314
-163.801
-194.469
-180.42
-125.868
-164.817
-134.936
-113.672
-125.503
-183.635
-161.642
-166.697
-190.767
-195.821
-135.423
-164.401
-124.998
-193.183
-122.637
-173.965
-152.63
-220.33
-132.508
-221.793
-231.576
-163.136
-118.91
-167.509
-209.704
-183.44
-181.565
-140.983
-179.508
-214.318
-224.055
-226.485
-181.448
-189.161
-204.357
-214.898
-200.457
-176.666
-204.496
-122.02
-161.405
-195.438
-132.544
-144.352
-189.834
-131.13
-110.71
-180.915
-158.878
-160.577
-121.282
-103.983
-223.32
-118.146
-178.798
-175.406
-109.212
-223.633
-190.38
-219.015
-152.314
-125.559
-153.85
-190.257
-122.367
-182.87
-186.748
-170.241
-156.029
-199.539
-144.355
-169.633
-145.5
-175.726
-105.849
-216.315
-185.871
-157.613
-154.835
-165.253
-161.799
-189.245
-137.767
-165.243
-200.699
-116.296
-158.46
-161.178
-162.174
-118.725
-171.397
-106.887
-140.298
-164.748
-210.8
-154.772
-213.745
-155.804
-220.162
-209.52
-132.667
-112.91
-146.942
-231.296
-139.763
-132.131
-160.887
-211.366
-212.839
-199.133
-175.913
-177.157
-221.461
-173.44
-192.689
-202.977
-120.093
-185.396
-161.537
-163.853
-199.025
-202.244
-163.993
-126.024
-144.882
-169.158
-115.932
-147.175
-193.047
-201.923
-164.451
-188.588
-131.671
-124.946
-128.868
-131.371
-176.063
-212.775
-153.991
-170.082
-161.029
-148.088
-180.373
-212.638
-153.274
-125.808
-133.392
-189.356
-142.667
-174.538
-116.74
-206.756
-209.18
-149.901
-182.948
-171.298
-178.426
-136.483
-141.47
-206.307
-141.214
-139.081
-109.819
-187.868
-183.565
-160.728
-175.45
-123.387
-217.993
-184.189
-170.589
-114.936
-205.913
-144.097
-167.696
-214.947
-198.58
-154.794
-118.895
-174.799
-132.027
-194.025
-108.197
-187.067
-151.914
-133.343
-196.416
-112.168
-119.044
-173.907
-212.167
-137.457
-208.66
-159.185
-191.26
-176.764
-162.338
-187.363
-229.623
-223.588
-168.984
-153.515
-200.468
-215.835
-146.442
-172.031
-115.404
-135.975
-204.558
-158.483
-167.118
-160.838
-132.172
-201.175
-157.544
-152.574
-214.192
-215.798
-122.148
-216.263
-175.925
-180.88
-140.306
-162.503
-173.788
-127.467
-169.383
-161.134
-198.459
-161.068
-195.168
-133.759
-184.532
-147.862
-147.696
-149.89
-167.422
-164.798
-208.599
-121.298
-203.005
-136.981
-199.948
-187.859
-119.29
-179.251
-133.797
-224.67
-163.57
-111.592
-150.91
-186.081
-159.721
-201.906
-156.132
-212.465
-131.891
-148.827
-163.307
-179.37
-141.202
-204.832
-122.261
-198.316
-138.823
-204.581
-226.731
-134.67
-138.018
-120.29
-157.01
-158.283
-180.362
-178.224
-169.901
-124.583
-185.198
-129.866
-153.304
-193.537
-104.566
-199.886
-160.301
-169.58
-201.372
-176.185
-194.414
-205.408
-159.141
-139.733
-138.074
-150.796
-213.747
-247.609
-281.267
-295.027
-298.827
-233.247
-227.433
-238.141
-286.859
-279.267
-317.59
-310.647
-279.879
-291.576
-268.747
-223.514
-325.624
-271.492
-273.43
-246.973
-274.141
-239.527
-293.797
-296.911
-302.833
-329.358
-305.859
-244.741
-295.246
-252.016
-305.344
-261.417
-285.803
-229.867
-296.031
-245.146
-320.924
-248.308
-289.023
-289.583
-295.611
-262.984
-245.715
-299.637
-291.148
-301.66
-237.45
-258.735
-293.543
-288.573
-239.79
-328.37
-227.111
-260.7
-234.67
-281.101
-327.992
-290.31
-268.229
-245.879
-243.727
-313.76
-256.01
-264.828
-326.47
-283.691
-317.37
-273.145
-314.033
-262.665
-278.855
-252.987
-259.657
-309.158
-242.14
-261.221
-276.083
-252.2
-236.43
-293.729
-244.166
-286.134
-235.872
-246.336
-268.865
-268.562
-272.522
-297.357
-235.547
-264.549
-321.279
-293.839
-224.819
-259.241
-249.164
-232.887
-304.92
-240.482
-317.832
-303.996
-247.89
-270.733
-247.251
-258.242
-266.908
-308.396
-269.99
-300.17
-321.68
-303.205
-243.309
-269.627
-272.483
-311.675
-257.104
-260.493
-231.823
-260.184
-247.493
-291.199
-237.774
-227.762
-280.983
-237.242
-274.13
-262.116
-228.172
-307.653
-290.689
-307.525
-303.072
-330.465
-310.72
-293.171
-308.041
-312.892
-269.11
-240.391
-272.197
-300.097
-238.602
-298.975
-330.691
-301.556
-292.508
-275.349
-276.901
-285.158
-276.708
-298.853
-308.165
-247.641
-289.484
-301.867
-293.6
-255.237
-271.222
-258.637
-264.478
-272.188
-262.027
-258.993
-291.318
-303.364
-282.187
-247.379
-264.57
-297.4
-279.218
-251.659
-296.466
-228.194
-229.277
-285.046
-233.875
-251.011
-237.038
-287.348
-242.95
-244.211
-235.818
-240.601
-304.47
-274.549
-273.422
-284.354
-248.576
-274.783
-292.031
-256.114
-309.172
-288.002
-276.981
-245.754
-272.381
-314.985
-256.888
-288.297
-251.171
-239.37
-237.316
28.3422
48.0155
-26.3703
-9.87927
55.901
59.5528
50.8216
27.3606
73.2861
73.8712
40.2866
52.814
21.2125
14.8447
87.0715
8.45788
38.9571
28.2165
58.5462
55.7409
59.8735
57.7658
-7.65037
64.4063
6.00632
33.2905
62.4326
43.0263
66.1935
42.5308
19.5831
17.0123
44.758
51.0815
23.6239
13.8677
41.3248
30.2575
-19.6846
22.3553
74.1407
29.2814
13.6283
47.9972
75.2761
9.11832
60.0639
30.7847
31.344
4.37542
-6.61419
31.2205
34.1586
95.2285
-10.3938
28.7262
61.6713
74.6217
75.275
73.8509
32.3895
15.9823
47.2406
56.1441
3.42748
36.2526
65.6346
61.1989
56.1413
31.3778
78.4533
73.4668
39.458
3.55213
22.1395
80.7706
69.5774
50.9322
-18.1897
36.3602
30.5692
-10.941
4.20562
-12.3702
72.5879
62.0998
30.3143
23.9446
15.4164
80.2837
74.7727
-17.6683
47.6504
53.64
26.2259
49.3921
-9.43739
55.3424
78.6321
61.6537
80.2061
59.718
7.93415
40.2598
33.8432
82.1267
77.2459
37.3998
6.82237
34.7722
19.0774
-0.591905
69.3477
18.2727
-22.2263
-11.0545
26.2363
5.69013
61.1053
63.2137
-9.70745
11.7081
-26.3014
-9.07699
25.7681
-19.8398
-4.17585
50.1614
43.0015
69.9092
12.9795
8.37274
31.1445
50.0609
-11.0759
34.8359
6.06858
61.2096
76.6975
-15.8712
1.77432
75.1336
6.65523
64.5297
-25.7058
54.4369
52.2737
15.8637
18.4115
-28.6311
-9.69989
9.29356
40.5055
57.3265
44.6177
31.2691
86.438
64.0225
45.4757
13.1905
19.319
54.5645
65.9744
13.0266
-12.3283
31.4775
31.6342
24.8843
75.0626
45.5944
87.9564
44.0918
84.4706
13.6797
-0.401999
-2.26438
41.2585
20.3736
54.9372
-17.0907
30.1948
67.542
52.6388
92.0362
35.0055
26.2987
81.2673
57.0098
51.61
-1.02596
86.11
22.0151
75.3411
71.9318
14.026
46.7809
20.5451
11.7553
30.7558
-18.0404
-15.937
-20.8263
47.8509
74.416
60.5513
6.30365
-5.40975
56.2101
49.3006
63.2101
-24.1221
17.0173
15.2056
40.9063
57.2739
56.1508
64.1951
61.0955
-17.056
86.1247
83.1009
59.9367
54.4983
61.0238
65.7528
54.5409
62.0131
45.9094
93.4008
43.0009
25.4578
7.37569
23.5816
50.2995
65.7458
65.4855
33.0336
7.40492
-1.30809
-18.0284
53.0182
59.3994
17.8254
25.179
-8.06546
19.216
53.5086
88.1928
41.6518
18.2485
21.4608
36.6852
14.5352
32.9341
31.3801
78.5343
33.2006
74.3472
62.0689
82.3039
82.8311
59.7771
91.3497
45.7225
-28.9993
49.3569
36.3926
63.7161
70.2135
24.2647
51.7945
5.21545
34.5383
22.1765
-3.70946
1.99974
59.9244
79.1104
2.39466
22.0061
-12.7181
-19.5031
26.2595
30.3688
-25.3198
-8.13893
91.8125
50.7417
12.6247
49.1612
75.5192
46.7929
78.2514
-3.20717
58.5772
-17.2231
11.0621
22.9326
37.4633
20.3665
-27.7659
17.8643
21.4521
34.5628
1.61215
-16.1015
2.13863
59.505
28.437
-1.07485
29.1463
1.09095
43.2787
44.2791
10.767
20.4812
25.3017
5.79961
-2.88553
46.0248
4.32609
48.0774
1.59827
-12.2137
18.9315
34.4387
-3.31915
73.506
44.285
15.1415
27.3993
45.7847
50.4992
68.8789
3.17701
14.8179
4.34537
13.1851
58.2405
40.7952
65.9534
8.74922
32.3372
25.9386
23.1291
45.4122
23.1266
44.3174
38.942
58.0424
57.8824
-17.6719
-4.55989
59.7882
62.0806
83.9467
-8.27051
33.8444
31.0051
49.7642
78.3706
55.6081
13.657
42.4778
46.8749
70.7511
-22.0268
-21.3265
-22.3091
62.5428
-8.49224
83.2409
25.9844
-13.2743
46.4659
-17.3539
85.3511
46.3517
-20.2838
66.4531
67.1907
26.8603
-18.2959
50.2342
19.3566
25.8983
-10.2863
7.45523
76.4378
36.5121
13.4181
19.4103
37.1378
5.81853
76.5047
35.2593
41.613
26.433
-1.40533
59.331
-93.4097
-63.837
-82.7334
-85.0493
-51.728
-121.869
-83.0399
-36.2418
-43.886
-47.4865
-39.109
-92.7
-95.0181
-117.674
-69.7471
-76.885
-31.3527
-68.957
-104.466
-70.8698
-87.1431
-73.3465
-61.7627
-51.5051
-55.5543
-65.5458
-52.0369
-45.0089
-40.6165
-40.0977
-26.1895
-72.1991
-55.8691
-97.7494
-46.0431
-124.601
-52.0341
-59.9524
-84.3982
-75.6032
-72.2533
-104.981
-41.1128
-83.9022
-111.985
-104.943
-82.4967
-57.6221
-95.9928
-105.51
-83.6492
-102.097
-79.4169
-94.0392
-38.0885
-88.0925
-45.9658
-42.8419
-79.0941
-114.461
-62.5475
-95.3347
-56.7218
-123.77
-92.793
-40.1269
-118.832
-51.5692
-34.6491
-119.954
-108.798
-85.646
-86.2717
-56.3712
-59.3942
-104.201
-79.5083
-79.4288
-95.9053
-85.8443
-57.798
-99.5877
-92.1351
-106.477
-83.3391
-116.056
-31.2474
-63.7498
-56.2624
-83.7682
-33.5452
-33.0403
-98.5841
-82.3291
-103.883
-72.182
-63.2205
-103.7
-122.514
-45.6946
-92.0805
-63.194
-99.2321
-45.2814
-27.0457
-82.0171
-57.932
-39.6459
-49.8199
-126.38
-67.8023
-49.4284
-102.719
-81.8975
-104.292
-87.4816
-62.0775
-43.5668
-50.922
-49.9214
-111.299
-77.45
-58.7256
-61.8048
-72.9481
-38.813
-118.16
-100.639
-83.7561
-48.4781
-29.5129
-94.0097
-75.864
-87.3139
-35.5128
-42.3547
-28.1276
-77.6962
-58.2223
-42.2254
-36.7592
-64.2307
-56.0819
-120.877
-84.8227
-71.3031
-63.2526
-33.5763
-20.726
-109.685
-106.823
-54.8714
-89.7593
-26.7343
-79.2594
-108.241
-91.1011
-90.6002
-35.8148
-28.7464
-39.1193
-111.006
-79.9238
-32.3554
-44.8745
-67.4095
-67.5347
-82.61
-46.7184
-45.8223
-105.524
-76.509
-73.863
-27.3867
-104.064
-31.7541
-44.3172
-52.7406
-51.0591
-54.9196
-97.7564
-82.0145
-114.8
-52.7645
-115.238
-124.185
-96.6353
-42.2985
-24.8963
-61.1436
-66.7879
-36.2388
-65.2302
-100.773
-67.3613
-45.7661
-66.9728
-56.9476
-45.2553
-103.548
