-131.958101
-121.351619
-118.661097
-116.667965
-113.085700
-110.291487
-107.989255
-104.584144
-102.617891
-101.820367
-97.402681
-95.711113
-94.906265
-92.735231
-90.141055
-89.047353
-88.119938
-86.650287
-86.079184
-85.287830
-84.212446
-83.086465
-81.968112
-81.481392
-81.085668
-80.844439
-80.455482
-79.880526
-79.165575
-78.758663
-78.450112
-78.058773
-77.519729
-76.912859
-76.539163
-76.043566
-75.506132
-74.967692
-74.630890
-74.400057
-74.284506
-74.036878
-73.707962
-73.410306
-73.134588
-72.739578
-72.537101
-72.176631
-71.918391
-71.780313
-71.025221
-70.907873
-70.707986
-70.538676
-70.099617
-69.871639
-69.423118
-68.985057
-68.784329
-68.469983
-68.214649
-67.867433
-67.603262
-67.333061
-67.015429
-66.813131
-66.573878
-66.309111
-66.090037
-65.656054
-65.426757
-65.218109
-64.959929
-64.786690
-64.649145
-64.335248
-64.258965
-64.067389
-63.718062
-63.413868
-63.101037
-62.733797
-62.472581
-62.131730
-61.546506
-61.123087
-60.808493
-60.426328
-60.090554
-59.573827
-59.071794
-58.515023
-58.225296
-57.992300
-57.810371
-57.405123
-56.431104
-55.691049
-54.909324
-53.996449
-48.585877
