-158.835372
-149.133601
-146.474996
-145.313964
-144.453935
-142.493340
-142.136136
-140.786188
-139.777391
-139.089845
-138.418939
-137.716722
-137.344233
-137.023321
-136.322472
-135.708318
-135.435306
-134.622674
-134.224650
-133.964481
-133.349989
-132.847995
-132.651848
-132.390430
-131.847362
-131.433237
-131.113045
-130.681339
-130.377669
-130.130991
-129.808052
-129.330891
-129.178123
-128.922779
-128.460646
-127.916305
-127.779182
-127.572615
-127.465761
-127.322426
-126.932079
-126.749790
-126.559953
-126.241497
-125.866724
-125.671363
-125.550217
-125.297454
-125.139254
-124.873431
-124.553386
-124.362052
-124.174143
-123.985255
-123.668234
-123.538539
-123.350924
-123.145111
-122.956145
-122.753315
-122.685017
-122.596663
-122.328065
-122.163609
-121.924681
-121.701538
-121.517706
-121.107849
-120.859019
-120.654890
-120.529904
-120.335341
-120.167261
-119.771381
-119.591111
-119.263626
-118.907583
-118.671315
-118.218414
-117.984307
-117.602151
-117.091162
-116.707844
-116.531104
-116.305857
-116.188258
-115.881932
-115.559282
-115.085957
-114.840105
-114.356122
-113.266281
-112.432437
-111.306512
-110.559374
-109.730098
-108.472086
-106.574416
-104.870281
-102.558045
-95.783469
