-29.065257
-19.119713
-16.075997
-14.281903
-11.293374
-9.030033
-5.981424
-2.828018
-0.767102
0.392702
3.487433
5.411533
6.387975
7.831933
8.580516
9.724669
10.341812
11.291254
11.921450
12.367597
12.611047
12.982176
13.396345
13.635411
13.759976
13.843630
13.939791
14.047642
14.085115
14.128983
14.159277
14.295674
14.350041
14.407547
14.448400
14.488551
14.517161
14.545604
14.589822
14.604404
14.622198
14.636707
14.656198
14.693792
14.706329
14.720090
14.733257
14.743002
14.757930
14.762979
14.773442
14.781841
14.791299
14.802068
14.816576
14.827076
14.835561
14.841880
14.852119
14.861136
14.867784
14.873627
14.877700
14.885260
14.895072
14.900312
14.908808
14.912730
14.914602
14.918045
14.922098
14.930380
14.937546
14.939996
14.945927
14.949684
14.951248
14.956087
14.958683
14.962516
14.965672
14.966850
14.969015
14.972345
14.973414
14.975790
14.977777
14.979024
14.980365
14.981687
14.982651
14.984013
14.984703
14.985849
14.986464
14.987261
14.988147
14.988426
14.988814
14.989195
14.989643
