-147.527512
-136.188138
-133.269578
-131.045239
-128.782659
-126.523975
-123.745127
-121.456198
-119.775286
-117.638975
-116.210902
-112.656898
-109.909099
-107.748363
-106.783965
-105.419344
-104.713642
-103.804196
-103.117578
-102.578259
-101.600056
-100.827649
-100.388393
-99.419819
-98.873813
-98.029810
-97.625492
-97.055114
-96.402796
-95.898723
-95.039276
-94.502218
-94.182419
-93.931447
-93.620679
-93.370640
-92.961471
-92.585381
-92.315332
-92.149871
-91.825872
-91.591466
-91.056973
-90.898769
-90.664428
-90.507415
-90.063215
-89.891213
-89.664342
-89.570939
-89.396476
-89.236947
-88.972859
-88.747979
-88.499028
-88.272481
-87.923781
-87.848310
-87.495968
-87.207592
-86.870755
-86.568678
-86.373219
-86.134685
-85.938156
-85.671305
-85.365848
-84.892051
-84.473042
-84.218116
-83.997510
-83.835541
-83.467553
-83.118361
-82.723928
-82.429879
-82.189932
-81.944502
-81.624393
-81.380801
-81.204509
-80.884709
-80.425404
-80.148715
-79.485754
-79.025518
-78.555591
-78.059461
-77.537570
-77.176303
-76.944682
-75.970748
-74.976073
-74.231921
-73.347686
-72.123437
-71.770699
-68.980143
-67.002475
-63.558279
-57.115056
