-16.414123
-10.468011
-9.884233
-9.303188
-8.162109
-7.525469
-7.163542
-6.989406
-6.721189
-6.456843
-5.749393
-5.411324
-4.902101
-4.496344
-4.161853
-3.737389
-3.438702
-2.809713
-2.506183
-2.250946
-1.830113
-1.583281
-1.280632
-0.893624
-0.735269
-0.655644
-0.350850
-0.178332
-0.038056
0.227467
0.529171
0.805373
1.126438
1.314312
1.579830
1.840877
2.047535
2.367347
2.634606
2.884154
3.270378
3.576818
3.912204
4.009117
4.509141
4.875164
5.151531
5.545854
5.736182
5.908921
6.177724
6.795919
6.922247
7.249922
7.574350
7.842536
8.198564
8.441079
8.810550
9.069958
9.287466
9.421586
9.800137
10.165529
10.575224
11.118327
11.556565
11.955912
12.575220
13.139730
13.485793
13.879974
14.411471
15.100346
15.502815
15.931741
16.206558
16.685057
17.209261
18.523028
19.321643
20.448027
21.121729
21.736132
23.000000
23.000000
23.000000
23.000000
23.000000
23.000000
23.000000
23.000000
23.000000
23.000000
23.000000
23.000000
23.000000
23.000000
23.000000
23.000000
23.000000
