-118.958101
-108.351619
-105.661097
-103.667965
-100.085700
-97.291487
-94.989255
-91.584144
-89.617891
-88.820367
-84.402681
-82.711113
-81.906265
-79.735231
-77.141055
-76.047353
-75.119938
-73.650287
-73.079184
-72.287830
-71.212446
-70.086465
-68.968112
-68.481392
-68.085668
-67.844439
-67.455482
-66.880526
-66.165575
-65.758663
-65.450112
-65.058773
-64.519729
-63.912859
-63.539163
-63.043566
-62.506132
-61.967692
-61.630890
-61.400057
-61.284506
-61.036878
-60.707962
-60.410306
-60.134588
-59.739578
-59.537101
-59.176631
-58.918391
-58.780313
-58.025221
-57.907873
-57.707986
-57.538676
-57.099617
-56.871639
-56.423118
-55.985057
-55.784329
-55.469983
-55.214649
-54.867433
-54.603262
-54.333061
-54.015429
-53.813131
-53.573878
-53.309111
-53.090037
-52.656054
-52.426757
-52.218109
-51.959929
-51.786690
-51.649145
-51.335248
-51.258965
-51.067389
-50.718062
-50.413868
-50.101037
-49.733797
-49.472581
-49.131730
-48.546506
-48.123087
-47.808493
-47.426328
-47.090554
-46.573827
-46.071794
-45.515023
-45.225296
-44.992300
-44.810371
-44.405123
-43.431104
-42.691049
-41.909324
-40.996449
-35.585877
