-18.7063
1.57362
4.09847
6.0238
7.24818
8.28261
9.23572
10.1275
10.887
11.6151
12.2959
13.0053
13.7887
14.426
15.0431
15.5857
16.1134
16.602
17.0668
17.5073
17.9427
18.3605
18.8179
19.227
19.7471
20.1865
20.5867
21.0178
21.4486
21.8581
22.2363
22.649
22.9763
23.3144
23.6942
24.0036
24.4434
24.7584
25.0958
25.4735
25.872
26.3009
26.6349
26.947
27.301
27.58
27.8961
28.2284
28.516
28.8532
29.1343
29.4272
29.7489
30.0688
30.3439
30.6583
30.971
31.2599
31.5904
31.8927
32.2257
32.5478
32.9275
33.2275
33.522
33.8729
34.1901
34.5258
34.8964
35.2515
35.5618
35.9674
36.3097
36.6865
37.1071
37.4438
37.8391
38.1756
38.5809
38.9633
39.4119
39.8208
40.2486
40.5964
41.0142
41.4693
41.9245
42.5094
43.0373
43.5334
44.0237
44.6157
45.1598
45.8111
46.6002
47.3847
48.347
49.4951
51.1078
53.2525
60.8094
