-39.0496
-18.5931
-15.87
-13.9352
-12.6195
-11.4612
-10.4713
-9.50215
-8.6945
-7.9078
-7.1479
-6.26611
-5.4167
-4.71666
-4.06953
-3.43227
-2.83865
-2.35982
-1.83341
-1.32009
-0.798141
-0.177921
0.395516
0.930663
1.51527
2.07993
2.53013
3.02669
3.53977
3.99117
4.5291
5.0251
5.53995
6.13863
6.67671
7.18777
7.72823
8.27077
8.77327
9.24941
9.62732
10.0821
10.5987
11.0547
11.5401
11.9861
12.4123
12.8263
13.2278
13.6364
14.0458
14.457
14.8829
15.4328
15.8886
16.346
16.7239
17.0689
17.4517
17.8624
18.1791
18.4409
18.7105
18.8898
19.0345
19.1327
19.2059
19.2568
19.2869
19.3096
19.325
19.3383
19.3506
19.359
19.3654
19.3702
19.3751
19.3788
19.3815
19.3842
19.3861
19.3879
19.3894
19.3907
19.3919
19.3931
19.3939
19.3948
19.3954
19.396
19.3965
19.3969
19.3974
19.3977
19.3981
19.3984
19.3987
19.399
19.3993
19.3996
19.3999
